0.0
95.0
95.0
95.0
95.0
92.5
0.0
95.0
95.0
92.5
92.5
0.0
95.0
95.0
95.0
95.0
92.5
0.0
95.0
95.0
95.0
95.0
0.0
95.0
95.0
92.5
92.5
0.0
95.0
95.0
92.5
92.5
0.0
247.5
247.5
247.5
247.5
245.0
0.0
95.0
95.0
95.0
95.0
92.5
0.0
247.5
247.5
247.5
247.5
245.0
0.0
95.0
95.0
95.0
95.0
92.5
0.0
247.5
247.5
247.5
247.5
245.0
0.0
95.0
95.0
95.0
95.0
92.5
0.0
95.0
95.0
95.0
95.0
92.5
0.0
95.0
95.0
95.0
95.0
92.5
0.0
95.0
95.0
92.5
92.5
0.0
95.0
95.0
92.5
92.5
92.5
0.0
95.0
95.0
92.5
92.5
0.0
247.5
247.5
245.0
247.5
0.0
95.0
95.0
92.5
92.5
0.0
95.0
95.0
92.5
92.5
