0.0
95.0
95.0
95.0
95.0
90.0
0.0
95.0
95.0
95.0
97.5
0.0
95.0
95.0
95.0
95.0
90.0
0.0
95.0
95.0
95.0
95.0
0.0
95.0
95.0
92.5
95.0
0.0
95.0
95.0
92.5
95.0
0.0
247.5
250.0
250.0
250.0
245.0
0.0
95.0
95.0
95.0
95.0
90.0
0.0
247.5
250.0
250.0
250.0
245.0
0.0
95.0
95.0
95.0
95.0
90.0
0.0
247.5
250.0
250.0
250.0
245.0
0.0
95.0
95.0
95.0
95.0
90.0
0.0
95.0
95.0
95.0
95.0
90.0
0.0
95.0
95.0
95.0
95.0
90.0
0.0
95.0
95.0
95.0
97.5
0.0
95.0
95.0
95.0
97.5
92.5
0.0
95.0
95.0
95.0
97.5
0.0
247.5
250.0
250.0
247.5
0.0
95.0
95.0
92.5
95.0
0.0
95.0
95.0
92.5
95.0
