0.0
560.0
385.0
395.0
395.0
385.0
0.0
0.0
0.0
0.0
0.0
0.0
0.0
0.0
0.0
0.0
0.0
0.0
155.0
70.0
67.5
32.5
0.0
142.5
142.5
140.0
100.0
0.0
142.5
142.5
140.0
100.0
0.0
0.0
0.0
0.0
0.0
0.0
0.0
560.0
385.0
395.0
395.0
385.0
0.0
0.0
0.0
0.0
0.0
0.0
0.0
560.0
550.0
565.0
565.0
550.0
0.0
0.0
0.0
0.0
0.0
0.0
0.0
560.0
550.0
565.0
565.0
550.0
0.0
560.0
550.0
565.0
565.0
550.0
0.0
0.0
0.0
0.0
0.0
0.0
0.0
0.0
0.0
0.0
0.0
0.0
0.0
0.0
0.0
0.0
0.0
0.0
0.0
0.0
0.0
0.0
0.0
155.0
70.0
67.5
32.5
0.0
142.5
142.5
140.0
100.0
0.0
142.5
142.5
140.0
100.0
