0.0
700.0
535.0
535.0
535.0
540.0
0.0
0.0
0.0
0.0
0.0
0.0
0.0
0.0
0.0
0.0
0.0
0.0
95.0
95.0
95.0
40.0
0.0
95.0
95.0
92.5
42.5
0.0
95.0
95.0
92.5
42.5
0.0
0.0
0.0
0.0
0.0
0.0
0.0
700.0
535.0
535.0
535.0
540.0
0.0
0.0
0.0
0.0
0.0
0.0
0.0
700.0
705.0
705.0
705.0
705.0
0.0
0.0
0.0
0.0
0.0
0.0
0.0
700.0
705.0
705.0
705.0
705.0
0.0
700.0
705.0
705.0
705.0
705.0
0.0
0.0
0.0
0.0
0.0
0.0
0.0
0.0
0.0
0.0
0.0
0.0
0.0
0.0
0.0
0.0
0.0
0.0
0.0
0.0
0.0
0.0
0.0
247.5
250.0
247.5
155.0
0.0
95.0
95.0
92.5
42.5
0.0
95.0
95.0
92.5
42.5
