0.0
0.0
0.0
0.0
0.0
0.0
0.0
112.5
110.0
112.5
112.5
0.0
0.0
0.0
0.0
0.0
0.0
0.0
112.5
110.0
112.5
102.5
0.0
112.5
112.5
112.5
112.5
0.0
112.5
112.5
112.5
112.5
0.0
0.0
0.0
0.0
0.0
0.0
0.0
0.0
0.0
0.0
0.0
0.0
0.0
0.0
0.0
0.0
0.0
0.0
0.0
0.0
0.0
0.0
0.0
0.0
0.0
0.0
0.0
0.0
0.0
0.0
0.0
0.0
0.0
0.0
0.0
0.0
0.0
0.0
0.0
0.0
0.0
0.0
0.0
0.0
0.0
0.0
0.0
0.0
0.0
112.5
110.0
112.5
112.5
0.0
112.5
110.0
112.5
112.5
45.0
0.0
112.5
110.0
112.5
112.5
0.0
227.5
142.5
145.0
135.0
0.0
112.5
112.5
112.5
112.5
0.0
112.5
112.5
112.5
112.5
