0.0
0.0
0.0
330.0
165.0
170.0
0.0
162.5
162.5
162.5
105.0
0.0
0.0
0.0
0.0
0.0
0.0
0.0
112.5
110.0
112.5
97.5
0.0
112.5
112.5
112.5
112.5
0.0
112.5
112.5
112.5
112.5
0.0
0.0
0.0
0.0
0.0
0.0
0.0
0.0
0.0
330.0
165.0
170.0
0.0
0.0
0.0
0.0
0.0
0.0
0.0
0.0
0.0
0.0
0.0
0.0
0.0
0.0
0.0
0.0
0.0
0.0
0.0
0.0
0.0
0.0
0.0
0.0
0.0
0.0
0.0
0.0
0.0
0.0
0.0
0.0
0.0
0.0
0.0
0.0
0.0
162.5
162.5
162.5
105.0
0.0
162.5
162.5
162.5
165.0
65.0
0.0
162.5
162.5
162.5
105.0
0.0
227.5
227.5
225.0
167.5
0.0
112.5
112.5
112.5
112.5
0.0
112.5
112.5
112.5
112.5
