0.0
700.0
535.0
540.0
545.0
530.0
0.0
0.0
0.0
0.0
0.0
0.0
0.0
0.0
0.0
0.0
0.0
0.0
27.5
27.5
25.0
10.0
0.0
27.5
27.5
25.0
10.0
0.0
27.5
27.5
25.0
10.0
0.0
0.0
0.0
0.0
0.0
0.0
0.0
700.0
535.0
540.0
545.0
530.0
0.0
0.0
0.0
0.0
0.0
0.0
0.0
700.0
705.0
705.0
710.0
695.0
0.0
0.0
0.0
0.0
0.0
0.0
0.0
700.0
705.0
705.0
710.0
695.0
0.0
700.0
705.0
705.0
710.0
695.0
0.0
0.0
0.0
0.0
0.0
0.0
0.0
0.0
0.0
0.0
0.0
0.0
0.0
0.0
0.0
0.0
0.0
0.0
0.0
0.0
0.0
0.0
0.0
192.5
190.0
187.5
105.0
0.0
27.5
27.5
25.0
10.0
0.0
27.5
27.5
25.0
10.0
