0.0
142.5
142.5
142.5
142.5
142.5
0.0
142.5
142.5
142.5
145.0
0.0
142.5
142.5
142.5
142.5
142.5
0.0
142.5
142.5
142.5
145.0
0.0
142.5
142.5
140.0
145.0
0.0
142.5
142.5
140.0
145.0
0.0
300.0
302.5
300.0
300.0
302.5
0.0
142.5
142.5
142.5
142.5
142.5
0.0
300.0
302.5
300.0
300.0
302.5
0.0
142.5
142.5
142.5
142.5
142.5
0.0
300.0
302.5
300.0
300.0
302.5
0.0
142.5
142.5
142.5
142.5
142.5
0.0
142.5
142.5
142.5
142.5
142.5
0.0
142.5
142.5
142.5
142.5
142.5
0.0
142.5
142.5
142.5
145.0
0.0
142.5
142.5
142.5
145.0
142.5
0.0
142.5
142.5
142.5
145.0
0.0
300.0
302.5
302.5
305.0
0.0
142.5
142.5
140.0
145.0
0.0
142.5
142.5
140.0
145.0
