0.0
135.0
135.0
135.0
135.0
120.0
0.0
135.0
135.0
135.0
135.0
0.0
135.0
135.0
135.0
135.0
120.0
0.0
135.0
135.0
135.0
95.0
0.0
135.0
135.0
135.0
135.0
0.0
135.0
135.0
135.0
135.0
0.0
242.5
245.0
247.5
247.5
200.0
0.0
135.0
135.0
135.0
135.0
120.0
0.0
242.5
245.0
247.5
247.5
200.0
0.0
135.0
135.0
135.0
135.0
120.0
0.0
242.5
245.0
247.5
247.5
200.0
0.0
135.0
135.0
135.0
135.0
120.0
0.0
135.0
135.0
135.0
135.0
120.0
0.0
135.0
135.0
135.0
135.0
120.0
0.0
135.0
135.0
135.0
135.0
0.0
135.0
135.0
135.0
135.0
132.5
0.0
135.0
135.0
135.0
135.0
0.0
242.5
245.0
247.5
162.5
0.0
135.0
135.0
135.0
135.0
0.0
135.0
135.0
135.0
135.0
