0.0
0.0
0.0
0.0
335.0
50.0
0.0
135.0
135.0
135.0
95.0
0.0
0.0
0.0
0.0
0.0
0.0
0.0
135.0
135.0
135.0
90.0
0.0
135.0
135.0
135.0
135.0
0.0
135.0
135.0
135.0
135.0
0.0
0.0
0.0
0.0
0.0
0.0
0.0
0.0
0.0
0.0
335.0
50.0
0.0
0.0
0.0
0.0
0.0
0.0
0.0
0.0
0.0
0.0
0.0
0.0
0.0
0.0
0.0
0.0
0.0
0.0
0.0
0.0
0.0
0.0
0.0
0.0
0.0
0.0
0.0
0.0
0.0
0.0
0.0
0.0
0.0
0.0
0.0
0.0
0.0
135.0
135.0
135.0
95.0
0.0
135.0
135.0
135.0
135.0
120.0
0.0
135.0
135.0
135.0
95.0
0.0
242.5
245.0
247.5
172.5
0.0
135.0
135.0
135.0
135.0
0.0
135.0
135.0
135.0
135.0
