0.0
455.0
135.0
130.0
130.0
130.0
0.0
0.0
0.0
0.0
0.0
0.0
0.0
0.0
0.0
0.0
0.0
0.0
112.5
110.0
110.0
95.0
0.0
112.5
112.5
112.5
112.5
0.0
112.5
112.5
112.5
112.5
0.0
0.0
0.0
0.0
0.0
0.0
0.0
455.0
135.0
130.0
130.0
130.0
0.0
0.0
0.0
0.0
0.0
0.0
0.0
455.0
465.0
455.0
460.0
455.0
0.0
0.0
0.0
0.0
0.0
0.0
0.0
455.0
465.0
455.0
460.0
455.0
0.0
455.0
465.0
455.0
460.0
455.0
0.0
0.0
0.0
0.0
0.0
0.0
0.0
0.0
0.0
0.0
0.0
0.0
0.0
0.0
0.0
0.0
0.0
0.0
0.0
0.0
0.0
0.0
0.0
227.5
227.5
225.0
167.5
0.0
112.5
112.5
112.5
112.5
0.0
112.5
112.5
112.5
112.5
