0.0
930.0
770.0
770.0
770.0
780.0
0.0
0.0
0.0
0.0
0.0
0.0
0.0
0.0
0.0
0.0
0.0
0.0
140.0
142.5
142.5
72.5
0.0
62.5
62.5
62.5
22.5
0.0
62.5
62.5
62.5
22.5
0.0
0.0
0.0
0.0
0.0
0.0
0.0
930.0
770.0
770.0
770.0
780.0
0.0
0.0
0.0
0.0
0.0
0.0
0.0
930.0
935.0
940.0
940.0
950.0
0.0
0.0
0.0
0.0
0.0
0.0
0.0
930.0
935.0
940.0
940.0
950.0
0.0
930.0
935.0
940.0
940.0
950.0
0.0
0.0
0.0
0.0
0.0
0.0
0.0
0.0
0.0
0.0
0.0
0.0
0.0
0.0
0.0
0.0
0.0
0.0
0.0
0.0
0.0
0.0
0.0
175.0
177.5
180.0
80.0
0.0
62.5
62.5
62.5
22.5
0.0
62.5
62.5
62.5
22.5
