0.0
0.0
0.0
335.0
165.0
165.0
0.0
270.0
185.0
185.0
140.0
0.0
0.0
0.0
0.0
0.0
0.0
0.0
187.5
187.5
187.5
152.5
0.0
187.5
187.5
187.5
185.0
0.0
187.5
187.5
187.5
185.0
0.0
0.0
0.0
0.0
0.0
0.0
0.0
0.0
0.0
335.0
165.0
165.0
0.0
0.0
0.0
0.0
0.0
0.0
0.0
0.0
0.0
0.0
0.0
0.0
0.0
0.0
0.0
0.0
0.0
0.0
0.0
0.0
0.0
0.0
0.0
0.0
0.0
0.0
0.0
0.0
0.0
0.0
0.0
0.0
0.0
0.0
0.0
0.0
0.0
112.5
110.0
110.0
75.0
0.0
112.5
110.0
110.0
110.0
80.0
0.0
112.5
110.0
110.0
75.0
0.0
342.5
345.0
345.0
270.0
0.0
187.5
187.5
187.5
185.0
0.0
187.5
187.5
187.5
185.0
