0.0
0.0
0.0
0.0
0.0
335.0
0.0
142.5
142.5
140.0
100.0
0.0
0.0
0.0
0.0
0.0
0.0
0.0
142.5
142.5
140.0
100.0
0.0
142.5
142.5
140.0
140.0
0.0
142.5
142.5
140.0
140.0
0.0
0.0
0.0
0.0
0.0
0.0
0.0
0.0
0.0
0.0
0.0
335.0
0.0
0.0
0.0
0.0
0.0
0.0
0.0
0.0
0.0
0.0
0.0
0.0
0.0
0.0
0.0
0.0
0.0
0.0
0.0
0.0
0.0
0.0
0.0
0.0
0.0
0.0
0.0
0.0
0.0
0.0
0.0
0.0
0.0
0.0
0.0
0.0
0.0
142.5
142.5
140.0
100.0
0.0
142.5
142.5
140.0
140.0
115.0
0.0
142.5
142.5
140.0
100.0
0.0
257.5
255.0
257.5
187.5
0.0
142.5
142.5
140.0
140.0
0.0
142.5
142.5
140.0
140.0
