0.0
62.5
62.5
60.0
62.5
62.5
0.0
62.5
62.5
62.5
62.5
0.0
62.5
62.5
60.0
62.5
62.5
0.0
140.0
142.5
142.5
72.5
0.0
62.5
62.5
60.0
60.0
0.0
62.5
62.5
60.0
60.0
0.0
175.0
177.5
175.0
177.5
112.5
0.0
62.5
62.5
60.0
62.5
62.5
0.0
175.0
177.5
175.0
177.5
112.5
0.0
62.5
62.5
60.0
62.5
62.5
0.0
175.0
177.5
175.0
177.5
112.5
0.0
62.5
62.5
60.0
62.5
62.5
0.0
62.5
62.5
60.0
62.5
62.5
0.0
62.5
62.5
60.0
62.5
62.5
0.0
62.5
62.5
62.5
62.5
0.0
62.5
62.5
62.5
62.5
60.0
0.0
62.5
62.5
62.5
62.5
0.0
175.0
177.5
180.0
80.0
0.0
62.5
62.5
60.0
60.0
0.0
62.5
62.5
60.0
60.0
