0.0
95.0
95.0
95.0
92.5
62.5
0.0
95.0
95.0
95.0
97.5
0.0
95.0
95.0
95.0
92.5
62.5
0.0
95.0
95.0
95.0
40.0
0.0
95.0
95.0
95.0
97.5
0.0
95.0
95.0
95.0
97.5
0.0
247.5
250.0
250.0
247.5
122.5
0.0
95.0
95.0
95.0
92.5
62.5
0.0
247.5
250.0
250.0
247.5
122.5
0.0
95.0
95.0
95.0
92.5
62.5
0.0
247.5
250.0
250.0
247.5
162.5
0.0
95.0
95.0
95.0
92.5
62.5
0.0
95.0
95.0
95.0
92.5
62.5
0.0
95.0
95.0
95.0
92.5
62.5
0.0
95.0
95.0
95.0
97.5
0.0
95.0
95.0
95.0
97.5
92.5
0.0
95.0
95.0
95.0
97.5
0.0
247.5
250.0
250.0
165.0
0.0
95.0
95.0
95.0
97.5
0.0
95.0
95.0
95.0
97.5
