0.0
930.0
770.0
770.0
765.0
510.0
0.0
0.0
0.0
0.0
0.0
0.0
0.0
0.0
0.0
0.0
0.0
0.0
142.5
142.5
137.5
97.5
0.0
142.5
142.5
140.0
100.0
0.0
142.5
142.5
140.0
100.0
0.0
0.0
0.0
0.0
0.0
0.0
0.0
930.0
770.0
770.0
765.0
510.0
0.0
0.0
0.0
0.0
0.0
0.0
0.0
930.0
935.0
940.0
935.0
510.0
0.0
0.0
0.0
0.0
0.0
0.0
0.0
930.0
935.0
940.0
935.0
510.0
0.0
930.0
935.0
940.0
935.0
510.0
0.0
0.0
0.0
0.0
0.0
0.0
0.0
0.0
0.0
0.0
0.0
0.0
0.0
0.0
0.0
0.0
0.0
0.0
0.0
0.0
0.0
0.0
0.0
257.5
255.0
252.5
182.5
0.0
142.5
142.5
140.0
100.0
0.0
142.5
142.5
140.0
100.0
