0.0
385.0
230.0
230.0
225.0
50.0
0.0
0.0
0.0
0.0
0.0
0.0
0.0
0.0
0.0
0.0
0.0
0.0
112.5
110.0
112.5
97.5
0.0
112.5
112.5
112.5
112.5
0.0
112.5
112.5
112.5
112.5
0.0
0.0
0.0
0.0
0.0
0.0
0.0
385.0
230.0
230.0
225.0
50.0
0.0
0.0
0.0
0.0
0.0
0.0
0.0
385.0
390.0
390.0
385.0
150.0
0.0
0.0
0.0
0.0
0.0
0.0
0.0
385.0
390.0
390.0
385.0
150.0
0.0
385.0
390.0
390.0
385.0
150.0
0.0
0.0
0.0
0.0
0.0
0.0
0.0
0.0
0.0
0.0
0.0
0.0
0.0
0.0
0.0
0.0
0.0
0.0
0.0
0.0
0.0
0.0
0.0
227.5
142.5
145.0
130.0
0.0
112.5
112.5
112.5
112.5
0.0
112.5
112.5
112.5
112.5
