0.0
700.0
535.0
540.0
545.0
535.0
0.0
0.0
0.0
0.0
0.0
0.0
0.0
0.0
0.0
0.0
0.0
0.0
0.0
0.0
0.0
0.0
0.0
62.5
62.5
62.5
17.5
0.0
62.5
62.5
62.5
17.5
0.0
0.0
0.0
0.0
0.0
80.0
0.0
700.0
535.0
540.0
545.0
535.0
0.0
0.0
0.0
0.0
0.0
80.0
0.0
700.0
705.0
705.0
715.0
705.0
0.0
0.0
0.0
0.0
0.0
0.0
0.0
700.0
705.0
705.0
715.0
705.0
0.0
700.0
705.0
705.0
715.0
705.0
0.0
0.0
0.0
0.0
0.0
0.0
0.0
0.0
0.0
0.0
0.0
0.0
0.0
0.0
0.0
0.0
0.0
0.0
0.0
0.0
0.0
0.0
0.0
0.0
0.0
0.0
0.0
0.0
62.5
62.5
62.5
17.5
0.0
62.5
62.5
62.5
17.5
