0.0
95.0
95.0
95.0
95.0
95.0
0.0
95.0
95.0
95.0
92.5
0.0
95.0
95.0
95.0
95.0
95.0
0.0
95.0
95.0
95.0
95.0
0.0
95.0
95.0
92.5
92.5
0.0
95.0
95.0
92.5
92.5
0.0
247.5
250.0
250.0
250.0
250.0
0.0
95.0
95.0
95.0
95.0
95.0
0.0
247.5
250.0
250.0
250.0
250.0
0.0
95.0
95.0
95.0
95.0
95.0
0.0
247.5
250.0
250.0
250.0
250.0
0.0
95.0
95.0
95.0
95.0
95.0
0.0
95.0
95.0
95.0
95.0
95.0
0.0
95.0
95.0
95.0
95.0
95.0
0.0
95.0
95.0
95.0
92.5
0.0
95.0
95.0
95.0
92.5
90.0
0.0
95.0
95.0
95.0
92.5
0.0
247.5
250.0
250.0
250.0
0.0
95.0
95.0
92.5
92.5
0.0
95.0
95.0
92.5
92.5
