0.0
62.5
62.5
62.5
62.5
50.0
0.0
62.5
62.5
62.5
62.5
0.0
62.5
62.5
62.5
62.5
50.0
0.0
62.5
62.5
60.0
20.0
0.0
62.5
62.5
62.5
60.0
0.0
62.5
62.5
62.5
60.0
0.0
220.0
220.0
220.0
217.5
140.0
0.0
62.5
62.5
62.5
62.5
50.0
0.0
220.0
220.0
220.0
217.5
140.0
0.0
62.5
62.5
62.5
62.5
50.0
0.0
220.0
220.0
220.0
217.5
140.0
0.0
62.5
62.5
62.5
62.5
50.0
0.0
62.5
62.5
62.5
62.5
50.0
0.0
62.5
62.5
62.5
62.5
50.0
0.0
62.5
62.5
62.5
62.5
0.0
62.5
62.5
62.5
62.5
62.5
0.0
62.5
62.5
62.5
62.5
0.0
220.0
220.0
217.5
117.5
0.0
62.5
62.5
62.5
60.0
0.0
62.5
62.5
62.5
60.0
