0.0
112.5
110.0
112.5
112.5
112.5
0.0
112.5
110.0
112.5
112.5
0.0
112.5
110.0
112.5
112.5
112.5
0.0
112.5
110.0
112.5
112.5
0.0
112.5
112.5
112.5
112.5
0.0
112.5
112.5
112.5
112.5
0.0
227.5
142.5
142.5
142.5
142.5
0.0
112.5
110.0
112.5
112.5
112.5
0.0
227.5
142.5
142.5
142.5
142.5
0.0
112.5
110.0
112.5
112.5
112.5
0.0
227.5
227.5
225.0
225.0
225.0
0.0
112.5
110.0
112.5
112.5
112.5
0.0
112.5
110.0
112.5
112.5
112.5
0.0
112.5
110.0
112.5
112.5
112.5
0.0
112.5
110.0
112.5
112.5
0.0
112.5
110.0
112.5
112.5
110.0
0.0
112.5
110.0
112.5
112.5
0.0
227.5
227.5
225.0
217.5
0.0
112.5
112.5
112.5
112.5
0.0
112.5
112.5
112.5
112.5
