0.0
0.0
0.0
0.0
0.0
0.0
0.0
187.5
187.5
187.5
187.5
0.0
0.0
0.0
0.0
0.0
0.0
0.0
187.5
185.0
187.5
142.5
0.0
187.5
187.5
187.5
185.0
0.0
187.5
187.5
187.5
185.0
0.0
0.0
0.0
0.0
0.0
0.0
0.0
0.0
0.0
0.0
0.0
0.0
0.0
0.0
0.0
0.0
0.0
0.0
0.0
0.0
0.0
0.0
0.0
0.0
0.0
0.0
0.0
0.0
0.0
0.0
0.0
0.0
0.0
0.0
0.0
0.0
0.0
0.0
0.0
0.0
0.0
0.0
0.0
0.0
0.0
0.0
0.0
0.0
0.0
187.5
187.5
187.5
187.5
0.0
187.5
187.5
187.5
187.5
125.0
0.0
187.5
187.5
187.5
187.5
0.0
342.5
257.5
260.0
210.0
0.0
187.5
187.5
187.5
185.0
0.0
187.5
187.5
187.5
185.0
