0.0
560.0
385.0
390.0
395.0
375.0
0.0
0.0
0.0
0.0
0.0
0.0
0.0
0.0
0.0
0.0
0.0
0.0
135.0
135.0
135.0
95.0
0.0
135.0
135.0
135.0
95.0
0.0
135.0
135.0
135.0
95.0
0.0
0.0
0.0
0.0
0.0
0.0
0.0
560.0
385.0
390.0
395.0
375.0
0.0
0.0
0.0
0.0
0.0
0.0
0.0
560.0
550.0
555.0
565.0
545.0
0.0
0.0
0.0
0.0
0.0
0.0
0.0
560.0
550.0
555.0
565.0
545.0
0.0
560.0
550.0
555.0
565.0
545.0
0.0
0.0
0.0
0.0
0.0
0.0
0.0
0.0
0.0
0.0
0.0
0.0
0.0
0.0
0.0
0.0
0.0
0.0
0.0
0.0
0.0
0.0
0.0
242.5
245.0
247.5
177.5
0.0
135.0
135.0
135.0
95.0
0.0
135.0
135.0
135.0
95.0
