0.0
62.5
62.5
62.5
62.5
40.0
0.0
62.5
62.5
62.5
62.5
0.0
62.5
62.5
62.5
62.5
40.0
0.0
62.5
62.5
60.0
20.0
0.0
62.5
62.5
62.5
62.5
0.0
62.5
62.5
62.5
62.5
0.0
220.0
217.5
220.0
220.0
105.0
0.0
62.5
62.5
62.5
62.5
40.0
0.0
220.0
217.5
220.0
220.0
105.0
0.0
62.5
62.5
62.5
62.5
40.0
0.0
220.0
217.5
220.0
220.0
105.0
0.0
62.5
62.5
62.5
62.5
40.0
0.0
62.5
62.5
62.5
62.5
40.0
0.0
62.5
62.5
62.5
62.5
40.0
0.0
62.5
62.5
62.5
62.5
0.0
62.5
62.5
62.5
62.5
62.5
0.0
62.5
62.5
62.5
62.5
0.0
220.0
217.5
217.5
147.5
0.0
62.5
62.5
62.5
62.5
0.0
62.5
62.5
62.5
62.5
