0.0
930.0
770.0
770.0
770.0
780.0
0.0
0.0
0.0
0.0
0.0
0.0
0.0
0.0
0.0
0.0
0.0
0.0
187.5
187.5
185.0
150.0
0.0
187.5
187.5
187.5
152.5
0.0
187.5
187.5
187.5
152.5
0.0
0.0
0.0
0.0
0.0
0.0
0.0
930.0
770.0
770.0
770.0
780.0
0.0
0.0
0.0
0.0
0.0
0.0
0.0
930.0
935.0
940.0
940.0
950.0
0.0
0.0
0.0
0.0
0.0
0.0
0.0
930.0
935.0
940.0
940.0
950.0
0.0
930.0
935.0
940.0
940.0
950.0
0.0
0.0
0.0
0.0
0.0
0.0
0.0
0.0
0.0
0.0
0.0
0.0
0.0
0.0
0.0
0.0
0.0
0.0
0.0
0.0
0.0
0.0
0.0
342.5
345.0
340.0
257.5
0.0
187.5
187.5
187.5
152.5
0.0
187.5
187.5
187.5
152.5
