0.0
102.5
105.0
105.0
105.0
105.0
0.0
102.5
105.0
105.0
105.0
0.0
102.5
105.0
105.0
105.0
105.0
0.0
102.5
105.0
105.0
105.0
0.0
102.5
105.0
102.5
105.0
0.0
102.5
105.0
102.5
105.0
0.0
187.5
187.5
190.0
190.0
187.5
0.0
102.5
105.0
105.0
105.0
105.0
0.0
187.5
187.5
190.0
190.0
187.5
0.0
102.5
105.0
105.0
105.0
105.0
0.0
187.5
187.5
190.0
190.0
187.5
0.0
102.5
105.0
105.0
105.0
105.0
0.0
102.5
105.0
105.0
105.0
105.0
0.0
102.5
105.0
105.0
105.0
105.0
0.0
102.5
105.0
105.0
105.0
0.0
102.5
105.0
105.0
105.0
105.0
0.0
102.5
105.0
105.0
105.0
0.0
187.5
187.5
190.0
190.0
0.0
102.5
105.0
102.5
105.0
0.0
102.5
105.0
102.5
105.0
