0.0
0.0
0.0
0.0
335.0
165.0
0.0
102.5
105.0
107.5
87.5
0.0
0.0
0.0
0.0
0.0
0.0
0.0
102.5
105.0
105.0
90.0
0.0
102.5
102.5
105.0
105.0
0.0
102.5
102.5
105.0
105.0
0.0
0.0
0.0
0.0
0.0
0.0
0.0
0.0
0.0
0.0
335.0
165.0
0.0
0.0
0.0
0.0
0.0
0.0
0.0
0.0
0.0
0.0
0.0
0.0
0.0
0.0
0.0
0.0
0.0
0.0
0.0
0.0
0.0
0.0
0.0
0.0
0.0
0.0
0.0
0.0
0.0
0.0
0.0
0.0
0.0
0.0
0.0
0.0
0.0
102.5
105.0
107.5
87.5
0.0
102.5
105.0
107.5
105.0
47.5
0.0
102.5
105.0
107.5
87.5
0.0
187.5
105.0
105.0
90.0
0.0
102.5
102.5
105.0
105.0
0.0
102.5
102.5
105.0
105.0
