0.0
27.5
27.5
25.0
27.5
27.5
0.0
27.5
27.5
25.0
25.0
0.0
27.5
27.5
25.0
27.5
27.5
0.0
27.5
27.5
27.5
7.5
0.0
27.5
27.5
27.5
27.5
0.0
27.5
27.5
27.5
27.5
0.0
192.5
190.0
187.5
192.5
190.0
0.0
27.5
27.5
25.0
27.5
27.5
0.0
192.5
190.0
187.5
192.5
190.0
0.0
27.5
27.5
25.0
27.5
27.5
0.0
192.5
190.0
187.5
192.5
190.0
0.0
27.5
27.5
25.0
27.5
27.5
0.0
27.5
27.5
25.0
27.5
27.5
0.0
27.5
27.5
25.0
27.5
27.5
0.0
27.5
27.5
25.0
25.0
0.0
27.5
27.5
25.0
25.0
25.0
0.0
27.5
27.5
25.0
25.0
0.0
192.5
190.0
190.0
112.5
0.0
27.5
27.5
27.5
27.5
0.0
27.5
27.5
27.5
27.5
