0.0
455.0
135.0
135.0
135.0
130.0
0.0
0.0
0.0
0.0
0.0
0.0
0.0
0.0
0.0
0.0
0.0
0.0
62.5
62.5
62.5
17.5
0.0
62.5
62.5
62.5
22.5
0.0
62.5
62.5
62.5
22.5
0.0
0.0
0.0
0.0
0.0
0.0
0.0
455.0
135.0
135.0
135.0
130.0
0.0
0.0
0.0
0.0
0.0
0.0
0.0
455.0
465.0
460.0
460.0
455.0
0.0
0.0
0.0
0.0
0.0
0.0
0.0
455.0
465.0
460.0
460.0
455.0
0.0
455.0
465.0
460.0
460.0
455.0
0.0
0.0
0.0
0.0
0.0
0.0
0.0
0.0
0.0
0.0
0.0
0.0
0.0
0.0
0.0
0.0
0.0
0.0
0.0
0.0
0.0
0.0
0.0
220.0
220.0
220.0
125.0
0.0
62.5
62.5
62.5
22.5
0.0
62.5
62.5
62.5
22.5
