0.0
102.5
105.0
102.5
107.5
102.5
0.0
102.5
105.0
102.5
102.5
0.0
102.5
105.0
102.5
107.5
102.5
0.0
102.5
105.0
107.5
87.5
0.0
102.5
102.5
105.0
105.0
0.0
102.5
102.5
105.0
105.0
0.0
187.5
105.0
102.5
107.5
102.5
0.0
102.5
105.0
102.5
107.5
102.5
0.0
187.5
105.0
102.5
107.5
102.5
0.0
102.5
105.0
102.5
107.5
102.5
0.0
187.5
190.0
185.0
192.5
182.5
0.0
102.5
105.0
102.5
107.5
102.5
0.0
102.5
105.0
102.5
107.5
102.5
0.0
102.5
105.0
102.5
107.5
102.5
0.0
102.5
105.0
102.5
102.5
0.0
102.5
105.0
102.5
102.5
107.5
0.0
102.5
105.0
102.5
102.5
0.0
187.5
190.0
190.0
127.5
0.0
102.5
102.5
105.0
105.0
0.0
102.5
102.5
105.0
105.0
