0.0
135.0
135.0
135.0
132.5
137.5
0.0
135.0
135.0
135.0
135.0
0.0
135.0
135.0
135.0
132.5
137.5
0.0
135.0
135.0
135.0
135.0
0.0
135.0
135.0
135.0
135.0
0.0
135.0
135.0
135.0
135.0
0.0
242.5
245.0
247.5
245.0
250.0
0.0
135.0
135.0
135.0
132.5
137.5
0.0
242.5
245.0
247.5
245.0
250.0
0.0
135.0
135.0
135.0
132.5
137.5
0.0
242.5
245.0
247.5
245.0
250.0
0.0
135.0
135.0
135.0
132.5
137.5
0.0
135.0
135.0
135.0
132.5
137.5
0.0
135.0
135.0
135.0
132.5
137.5
0.0
135.0
135.0
135.0
135.0
0.0
135.0
135.0
135.0
135.0
135.0
0.0
135.0
135.0
135.0
135.0
0.0
242.5
245.0
247.5
247.5
0.0
135.0
135.0
135.0
135.0
0.0
135.0
135.0
135.0
135.0
