0.0
0.0
0.0
0.0
0.0
0.0
0.0
102.5
105.0
105.0
105.0
0.0
0.0
0.0
0.0
0.0
0.0
0.0
102.5
105.0
102.5
80.0
0.0
102.5
102.5
105.0
102.5
0.0
102.5
102.5
105.0
102.5
0.0
0.0
0.0
0.0
0.0
0.0
0.0
0.0
0.0
0.0
0.0
0.0
0.0
0.0
0.0
0.0
0.0
0.0
0.0
0.0
0.0
0.0
0.0
0.0
0.0
0.0
0.0
0.0
0.0
0.0
0.0
0.0
0.0
0.0
0.0
0.0
0.0
0.0
0.0
0.0
0.0
0.0
0.0
0.0
0.0
0.0
0.0
0.0
0.0
102.5
105.0
105.0
105.0
0.0
102.5
105.0
105.0
105.0
30.0
0.0
102.5
105.0
105.0
105.0
0.0
187.5
190.0
185.0
120.0
0.0
102.5
102.5
105.0
102.5
0.0
102.5
102.5
105.0
102.5
