0.0
102.5
105.0
107.5
107.5
30.0
0.0
102.5
105.0
102.5
105.0
0.0
102.5
105.0
107.5
107.5
30.0
0.0
102.5
105.0
102.5
80.0
0.0
102.5
102.5
107.5
107.5
0.0
102.5
102.5
107.5
107.5
0.0
187.5
190.0
192.5
190.0
55.0
0.0
102.5
105.0
107.5
107.5
30.0
0.0
187.5
190.0
192.5
190.0
55.0
0.0
102.5
105.0
107.5
107.5
30.0
0.0
187.5
190.0
192.5
190.0
55.0
0.0
102.5
105.0
107.5
107.5
30.0
0.0
102.5
105.0
107.5
107.5
30.0
0.0
102.5
105.0
107.5
107.5
30.0
0.0
102.5
105.0
102.5
105.0
0.0
102.5
105.0
102.5
105.0
107.5
0.0
102.5
105.0
102.5
105.0
0.0
187.5
105.0
102.5
80.0
0.0
102.5
102.5
107.5
107.5
0.0
102.5
102.5
107.5
107.5
