0.0
525.0
355.0
365.0
365.0
365.0
0.0
0.0
0.0
0.0
0.0
0.0
0.0
0.0
0.0
0.0
0.0
0.0
0.0
0.0
0.0
0.0
0.0
95.0
95.0
92.5
42.5
0.0
95.0
95.0
92.5
42.5
0.0
0.0
340.0
335.0
335.0
335.0
0.0
525.0
355.0
365.0
365.0
365.0
0.0
0.0
340.0
335.0
335.0
335.0
0.0
525.0
525.0
530.0
530.0
535.0
0.0
0.0
0.0
0.0
0.0
0.0
0.0
525.0
525.0
530.0
530.0
535.0
0.0
525.0
525.0
530.0
530.0
535.0
0.0
0.0
0.0
0.0
0.0
0.0
0.0
0.0
0.0
0.0
0.0
0.0
0.0
0.0
0.0
0.0
0.0
0.0
0.0
0.0
0.0
0.0
0.0
0.0
0.0
0.0
0.0
0.0
95.0
95.0
92.5
42.5
0.0
95.0
95.0
92.5
42.5
