0.0
560.0
385.0
390.0
395.0
395.0
0.0
0.0
0.0
0.0
0.0
0.0
0.0
0.0
0.0
0.0
0.0
0.0
62.5
62.5
60.0
20.0
0.0
62.5
62.5
60.0
20.0
0.0
62.5
62.5
60.0
20.0
0.0
0.0
0.0
0.0
0.0
0.0
0.0
560.0
385.0
390.0
395.0
395.0
0.0
0.0
0.0
0.0
0.0
0.0
0.0
560.0
550.0
555.0
565.0
560.0
0.0
0.0
0.0
0.0
0.0
0.0
0.0
560.0
550.0
555.0
565.0
560.0
0.0
560.0
550.0
555.0
565.0
560.0
0.0
0.0
0.0
0.0
0.0
0.0
0.0
0.0
0.0
0.0
0.0
0.0
0.0
0.0
0.0
0.0
0.0
0.0
0.0
0.0
0.0
0.0
0.0
220.0
217.5
217.5
147.5
0.0
62.5
62.5
60.0
20.0
0.0
62.5
62.5
60.0
20.0
