0.0
142.5
142.5
142.5
140.0
140.0
0.0
142.5
142.5
142.5
142.5
0.0
142.5
142.5
142.5
140.0
140.0
0.0
167.5
167.5
167.5
167.5
0.0
142.5
142.5
142.5
140.0
0.0
142.5
142.5
142.5
140.0
0.0
247.5
245.0
250.0
247.5
247.5
0.0
142.5
142.5
142.5
140.0
140.0
0.0
247.5
245.0
250.0
247.5
247.5
0.0
142.5
142.5
142.5
140.0
140.0
0.0
247.5
245.0
250.0
247.5
247.5
0.0
142.5
142.5
142.5
140.0
140.0
0.0
142.5
142.5
142.5
140.0
140.0
0.0
142.5
142.5
142.5
140.0
140.0
0.0
142.5
142.5
142.5
142.5
0.0
142.5
142.5
142.5
142.5
142.5
0.0
142.5
142.5
142.5
142.5
0.0
247.5
245.0
247.5
247.5
0.0
142.5
142.5
142.5
140.0
0.0
142.5
142.5
142.5
140.0
