0.0
930.0
770.0
770.0
770.0
770.0
0.0
0.0
0.0
0.0
0.0
0.0
0.0
0.0
0.0
0.0
0.0
0.0
0.0
0.0
0.0
0.0
0.0
135.0
135.0
135.0
90.0
0.0
135.0
135.0
135.0
90.0
0.0
0.0
0.0
0.0
0.0
0.0
0.0
930.0
770.0
770.0
770.0
770.0
0.0
0.0
0.0
0.0
0.0
0.0
0.0
930.0
935.0
935.0
940.0
940.0
0.0
0.0
0.0
0.0
0.0
0.0
0.0
930.0
935.0
935.0
940.0
940.0
0.0
930.0
935.0
935.0
940.0
940.0
0.0
0.0
0.0
0.0
0.0
0.0
0.0
0.0
0.0
0.0
0.0
0.0
0.0
0.0
0.0
0.0
0.0
0.0
0.0
0.0
0.0
0.0
0.0
0.0
0.0
0.0
0.0
0.0
135.0
135.0
135.0
90.0
0.0
135.0
135.0
135.0
90.0
