0.0
455.0
135.0
140.0
140.0
135.0
0.0
0.0
0.0
0.0
0.0
0.0
0.0
0.0
0.0
0.0
0.0
0.0
25.0
25.0
27.5
7.5
0.0
102.5
102.5
105.0
80.0
0.0
102.5
102.5
105.0
80.0
0.0
0.0
0.0
0.0
0.0
0.0
0.0
455.0
135.0
140.0
140.0
135.0
0.0
0.0
0.0
0.0
0.0
0.0
0.0
455.0
465.0
465.0
465.0
460.0
0.0
0.0
0.0
0.0
0.0
0.0
0.0
455.0
465.0
465.0
465.0
460.0
0.0
455.0
465.0
465.0
465.0
460.0
0.0
0.0
0.0
0.0
0.0
0.0
0.0
0.0
0.0
0.0
0.0
0.0
0.0
0.0
0.0
0.0
0.0
0.0
0.0
0.0
0.0
0.0
0.0
25.0
25.0
27.5
7.5
0.0
102.5
102.5
105.0
80.0
0.0
102.5
102.5
105.0
80.0
