0.0
62.5
62.5
62.5
62.5
62.5
0.0
62.5
62.5
62.5
65.0
0.0
62.5
62.5
62.5
62.5
62.5
0.0
62.5
62.5
60.0
60.0
0.0
62.5
62.5
60.0
62.5
0.0
62.5
62.5
60.0
62.5
0.0
220.0
217.5
220.0
220.0
222.5
0.0
62.5
62.5
62.5
62.5
62.5
0.0
220.0
217.5
220.0
220.0
222.5
0.0
62.5
62.5
62.5
62.5
62.5
0.0
220.0
217.5
220.0
220.0
222.5
0.0
62.5
62.5
62.5
62.5
62.5
0.0
62.5
62.5
62.5
62.5
62.5
0.0
62.5
62.5
62.5
62.5
62.5
0.0
62.5
62.5
62.5
65.0
0.0
62.5
62.5
62.5
65.0
65.0
0.0
62.5
62.5
62.5
65.0
0.0
220.0
217.5
215.0
217.5
0.0
62.5
62.5
60.0
62.5
0.0
62.5
62.5
60.0
62.5
