0.0
27.5
27.5
27.5
27.5
15.0
0.0
27.5
27.5
25.0
27.5
0.0
27.5
27.5
27.5
27.5
15.0
0.0
27.5
27.5
25.0
10.0
0.0
27.5
27.5
25.0
25.0
0.0
27.5
27.5
25.0
25.0
0.0
192.5
190.0
190.0
190.0
65.0
0.0
27.5
27.5
27.5
27.5
15.0
0.0
192.5
190.0
190.0
190.0
65.0
0.0
27.5
27.5
27.5
27.5
15.0
0.0
192.5
190.0
190.0
190.0
65.0
0.0
27.5
27.5
27.5
27.5
15.0
0.0
27.5
27.5
27.5
27.5
15.0
0.0
27.5
27.5
27.5
27.5
15.0
0.0
27.5
27.5
25.0
27.5
0.0
27.5
27.5
25.0
27.5
25.0
0.0
27.5
27.5
25.0
27.5
0.0
192.5
190.0
187.5
105.0
0.0
27.5
27.5
25.0
25.0
0.0
27.5
27.5
25.0
25.0
