0.0
135.0
135.0
135.0
135.0
105.0
0.0
135.0
135.0
135.0
135.0
0.0
135.0
135.0
135.0
135.0
105.0
0.0
135.0
135.0
135.0
95.0
0.0
135.0
135.0
135.0
135.0
0.0
135.0
135.0
135.0
135.0
0.0
242.5
140.0
140.0
140.0
80.0
0.0
135.0
135.0
135.0
135.0
105.0
0.0
242.5
140.0
140.0
140.0
80.0
0.0
135.0
135.0
135.0
135.0
105.0
0.0
242.5
245.0
245.0
245.0
155.0
0.0
135.0
135.0
135.0
135.0
105.0
0.0
135.0
135.0
135.0
135.0
105.0
0.0
135.0
135.0
135.0
135.0
105.0
0.0
135.0
135.0
135.0
135.0
0.0
135.0
135.0
135.0
135.0
137.5
0.0
135.0
135.0
135.0
135.0
0.0
242.5
245.0
247.5
177.5
0.0
135.0
135.0
135.0
135.0
0.0
135.0
135.0
135.0
135.0
