0.0
0.0
0.0
330.0
165.0
165.0
0.0
37.5
37.5
35.0
10.0
0.0
0.0
0.0
0.0
0.0
0.0
0.0
62.5
62.5
62.5
17.5
0.0
62.5
62.5
60.0
62.5
0.0
62.5
62.5
60.0
62.5
0.0
0.0
0.0
0.0
0.0
0.0
0.0
0.0
0.0
330.0
165.0
165.0
0.0
0.0
0.0
0.0
0.0
0.0
0.0
0.0
0.0
0.0
0.0
0.0
0.0
0.0
0.0
0.0
0.0
0.0
0.0
0.0
0.0
0.0
0.0
0.0
0.0
0.0
0.0
0.0
0.0
0.0
0.0
0.0
0.0
0.0
0.0
0.0
0.0
37.5
37.5
35.0
10.0
0.0
37.5
37.5
35.0
35.0
25.0
0.0
37.5
37.5
35.0
10.0
0.0
220.0
217.5
220.0
140.0
0.0
62.5
62.5
60.0
62.5
0.0
62.5
62.5
60.0
62.5
