0.0
135.0
135.0
135.0
135.0
137.5
0.0
135.0
135.0
135.0
135.0
0.0
135.0
135.0
135.0
135.0
137.5
0.0
135.0
135.0
135.0
135.0
0.0
135.0
135.0
135.0
135.0
0.0
135.0
135.0
135.0
135.0
0.0
242.5
245.0
247.5
247.5
247.5
0.0
135.0
135.0
135.0
135.0
137.5
0.0
242.5
245.0
247.5
247.5
247.5
0.0
135.0
135.0
135.0
135.0
137.5
0.0
242.5
245.0
247.5
247.5
247.5
0.0
135.0
135.0
135.0
135.0
137.5
0.0
135.0
135.0
135.0
135.0
137.5
0.0
135.0
135.0
135.0
135.0
137.5
0.0
135.0
135.0
135.0
135.0
0.0
135.0
135.0
135.0
135.0
137.5
0.0
135.0
135.0
135.0
135.0
0.0
242.5
245.0
247.5
247.5
0.0
135.0
135.0
135.0
135.0
0.0
135.0
135.0
135.0
135.0
