0.0
0.0
0.0
335.0
170.0
165.0
0.0
62.5
62.5
62.5
17.5
0.0
0.0
0.0
0.0
0.0
0.0
0.0
95.0
95.0
95.0
40.0
0.0
95.0
95.0
92.5
95.0
0.0
95.0
95.0
92.5
95.0
0.0
0.0
0.0
0.0
0.0
0.0
0.0
0.0
0.0
335.0
170.0
165.0
0.0
0.0
0.0
0.0
0.0
0.0
0.0
0.0
0.0
0.0
0.0
0.0
0.0
0.0
0.0
0.0
0.0
0.0
0.0
0.0
0.0
0.0
0.0
0.0
0.0
0.0
0.0
0.0
0.0
0.0
0.0
0.0
0.0
0.0
0.0
0.0
0.0
62.5
62.5
62.5
17.5
0.0
62.5
62.5
62.5
62.5
40.0
0.0
62.5
62.5
62.5
17.5
0.0
247.5
250.0
250.0
160.0
0.0
95.0
95.0
92.5
95.0
0.0
95.0
95.0
92.5
95.0
