0.0
85.0
85.0
82.5
82.5
40.0
0.0
62.5
62.5
60.0
60.0
0.0
85.0
85.0
82.5
82.5
40.0
0.0
62.5
62.5
62.5
22.5
0.0
62.5
62.5
62.5
62.5
0.0
62.5
62.5
62.5
62.5
0.0
85.0
85.0
82.5
82.5
40.0
0.0
85.0
85.0
82.5
82.5
40.0
0.0
85.0
85.0
82.5
82.5
40.0
0.0
85.0
85.0
82.5
82.5
40.0
0.0
85.0
85.0
82.5
82.5
40.0
0.0
85.0
85.0
82.5
82.5
40.0
0.0
85.0
85.0
82.5
82.5
40.0
0.0
85.0
85.0
82.5
82.5
40.0
0.0
62.5
62.5
60.0
60.0
0.0
62.5
62.5
60.0
60.0
62.5
0.0
62.5
62.5
60.0
60.0
0.0
220.0
220.0
220.0
140.0
0.0
62.5
62.5
62.5
62.5
0.0
62.5
62.5
62.5
62.5
