0.0
0.0
495.0
325.0
330.0
330.0
0.0
0.0
0.0
0.0
0.0
0.0
0.0
0.0
0.0
0.0
0.0
0.0
187.5
185.0
187.5
137.5
0.0
187.5
187.5
187.5
152.5
0.0
187.5
187.5
187.5
152.5
0.0
0.0
0.0
0.0
0.0
0.0
0.0
0.0
495.0
325.0
330.0
330.0
0.0
0.0
0.0
0.0
0.0
0.0
0.0
0.0
0.0
0.0
0.0
0.0
0.0
0.0
0.0
0.0
0.0
0.0
0.0
0.0
0.0
0.0
0.0
0.0
0.0
0.0
0.0
0.0
0.0
0.0
0.0
0.0
0.0
0.0
0.0
0.0
0.0
0.0
0.0
0.0
0.0
0.0
0.0
0.0
0.0
0.0
0.0
0.0
0.0
0.0
0.0
0.0
0.0
342.5
257.5
260.0
205.0
0.0
187.5
187.5
187.5
152.5
0.0
187.5
187.5
187.5
152.5
