0.0
0.0
495.0
330.0
330.0
325.0
0.0
0.0
0.0
0.0
0.0
0.0
0.0
0.0
0.0
0.0
0.0
0.0
142.5
142.5
140.0
100.0
0.0
142.5
142.5
140.0
142.5
0.0
142.5
142.5
140.0
142.5
0.0
0.0
0.0
0.0
0.0
0.0
0.0
0.0
495.0
330.0
330.0
325.0
0.0
0.0
0.0
0.0
0.0
0.0
0.0
0.0
0.0
0.0
0.0
0.0
0.0
0.0
0.0
0.0
0.0
0.0
0.0
0.0
0.0
0.0
0.0
0.0
0.0
0.0
0.0
0.0
0.0
0.0
0.0
0.0
0.0
0.0
0.0
0.0
0.0
0.0
0.0
0.0
0.0
0.0
0.0
0.0
0.0
0.0
0.0
0.0
0.0
0.0
0.0
0.0
0.0
257.5
255.0
255.0
187.5
0.0
142.5
142.5
140.0
142.5
0.0
142.5
142.5
140.0
142.5
