0.0
62.5
62.5
60.0
60.0
62.5
0.0
62.5
62.5
60.0
60.0
0.0
62.5
62.5
60.0
60.0
62.5
0.0
62.5
62.5
62.5
55.0
0.0
62.5
62.5
60.0
62.5
0.0
62.5
62.5
60.0
62.5
0.0
220.0
217.5
217.5
217.5
222.5
0.0
62.5
62.5
60.0
60.0
62.5
0.0
220.0
217.5
217.5
217.5
222.5
0.0
62.5
62.5
60.0
60.0
62.5
0.0
220.0
217.5
217.5
217.5
222.5
0.0
62.5
62.5
60.0
60.0
62.5
0.0
62.5
62.5
60.0
60.0
62.5
0.0
62.5
62.5
60.0
60.0
62.5
0.0
62.5
62.5
60.0
60.0
0.0
62.5
62.5
60.0
60.0
62.5
0.0
62.5
62.5
60.0
60.0
0.0
220.0
217.5
220.0
210.0
0.0
62.5
62.5
60.0
62.5
0.0
62.5
62.5
60.0
62.5
