0.0
187.5
187.5
187.5
185.0
185.0
0.0
187.5
187.5
187.5
185.0
0.0
187.5
187.5
187.5
185.0
185.0
0.0
187.5
185.0
187.5
185.0
0.0
187.5
187.5
187.5
185.0
0.0
187.5
187.5
187.5
185.0
0.0
342.5
345.0
345.0
342.5
345.0
0.0
187.5
187.5
187.5
185.0
185.0
0.0
342.5
345.0
345.0
342.5
345.0
0.0
187.5
187.5
187.5
185.0
185.0
0.0
342.5
345.0
345.0
342.5
345.0
0.0
187.5
187.5
187.5
185.0
185.0
0.0
187.5
187.5
187.5
185.0
185.0
0.0
187.5
187.5
187.5
185.0
185.0
0.0
187.5
187.5
187.5
185.0
0.0
187.5
187.5
187.5
185.0
187.5
0.0
187.5
187.5
187.5
185.0
0.0
342.5
342.5
345.0
342.5
0.0
187.5
187.5
187.5
185.0
0.0
187.5
187.5
187.5
185.0
