0.0
560.0
385.0
390.0
390.0
100.0
0.0
0.0
0.0
0.0
0.0
0.0
0.0
0.0
0.0
0.0
0.0
0.0
140.0
142.5
142.5
67.5
0.0
62.5
62.5
60.0
20.0
0.0
62.5
62.5
60.0
20.0
0.0
0.0
0.0
0.0
0.0
0.0
0.0
560.0
385.0
390.0
390.0
100.0
0.0
0.0
0.0
0.0
0.0
0.0
0.0
560.0
550.0
555.0
560.0
150.0
0.0
0.0
0.0
0.0
0.0
0.0
0.0
560.0
550.0
555.0
560.0
150.0
0.0
560.0
550.0
555.0
560.0
150.0
0.0
0.0
0.0
0.0
0.0
0.0
0.0
0.0
0.0
0.0
0.0
0.0
0.0
0.0
0.0
0.0
0.0
0.0
0.0
0.0
0.0
0.0
0.0
175.0
177.5
180.0
75.0
0.0
62.5
62.5
60.0
20.0
0.0
62.5
62.5
60.0
20.0
