0.0
187.5
187.5
187.5
185.0
127.5
0.0
187.5
187.5
187.5
182.5
0.0
187.5
187.5
187.5
185.0
127.5
0.0
187.5
185.0
187.5
137.5
0.0
187.5
187.5
187.5
185.0
0.0
187.5
187.5
187.5
185.0
0.0
342.5
345.0
345.0
340.0
217.5
0.0
187.5
187.5
187.5
185.0
127.5
0.0
342.5
345.0
345.0
340.0
217.5
0.0
187.5
187.5
187.5
185.0
127.5
0.0
342.5
345.0
345.0
340.0
217.5
0.0
187.5
187.5
187.5
185.0
127.5
0.0
187.5
187.5
187.5
185.0
127.5
0.0
187.5
187.5
187.5
185.0
127.5
0.0
187.5
187.5
187.5
182.5
0.0
187.5
187.5
187.5
182.5
185.0
0.0
187.5
187.5
187.5
182.5
0.0
342.5
342.5
345.0
260.0
0.0
187.5
187.5
187.5
185.0
0.0
187.5
187.5
187.5
185.0
