0.0
142.5
142.5
140.0
140.0
142.5
0.0
142.5
142.5
140.0
140.0
0.0
142.5
142.5
140.0
140.0
142.5
0.0
142.5
142.5
140.0
140.0
0.0
142.5
142.5
140.0
140.0
0.0
142.5
142.5
140.0
140.0
0.0
257.5
255.0
255.0
257.5
257.5
0.0
142.5
142.5
140.0
140.0
142.5
0.0
257.5
255.0
255.0
257.5
257.5
0.0
142.5
142.5
140.0
140.0
142.5
0.0
257.5
255.0
255.0
257.5
257.5
0.0
142.5
142.5
140.0
140.0
142.5
0.0
142.5
142.5
140.0
140.0
142.5
0.0
142.5
142.5
140.0
140.0
142.5
0.0
142.5
142.5
140.0
140.0
0.0
142.5
142.5
140.0
140.0
145.0
0.0
142.5
142.5
140.0
140.0
0.0
257.5
255.0
257.5
257.5
0.0
142.5
142.5
140.0
140.0
0.0
142.5
142.5
140.0
140.0
