0.0
705.0
530.0
540.0
540.0
530.0
0.0
0.0
0.0
0.0
0.0
0.0
0.0
0.0
0.0
0.0
0.0
0.0
0.0
0.0
0.0
0.0
0.0
187.5
187.5
187.5
152.5
0.0
187.5
187.5
187.5
152.5
0.0
0.0
380.0
375.0
380.0
310.0
0.0
705.0
530.0
540.0
540.0
530.0
0.0
0.0
380.0
375.0
380.0
310.0
0.0
705.0
695.0
710.0
710.0
695.0
0.0
0.0
0.0
0.0
0.0
0.0
0.0
705.0
695.0
710.0
710.0
695.0
0.0
705.0
695.0
710.0
710.0
695.0
0.0
0.0
0.0
0.0
0.0
0.0
0.0
0.0
0.0
0.0
0.0
0.0
0.0
0.0
0.0
0.0
0.0
0.0
0.0
0.0
0.0
0.0
0.0
0.0
0.0
0.0
0.0
0.0
187.5
187.5
187.5
152.5
0.0
187.5
187.5
187.5
152.5
