0.0
700.0
535.0
535.0
540.0
450.0
0.0
0.0
0.0
0.0
0.0
0.0
0.0
0.0
0.0
0.0
0.0
0.0
102.5
105.0
107.5
87.5
0.0
102.5
102.5
107.5
72.5
0.0
102.5
102.5
107.5
72.5
0.0
0.0
0.0
0.0
0.0
0.0
0.0
700.0
535.0
535.0
540.0
450.0
0.0
0.0
0.0
0.0
0.0
0.0
0.0
700.0
705.0
705.0
705.0
500.0
0.0
0.0
0.0
0.0
0.0
0.0
0.0
700.0
705.0
705.0
705.0
500.0
0.0
700.0
705.0
705.0
705.0
500.0
0.0
0.0
0.0
0.0
0.0
0.0
0.0
0.0
0.0
0.0
0.0
0.0
0.0
0.0
0.0
0.0
0.0
0.0
0.0
0.0
0.0
0.0
0.0
187.5
105.0
107.5
87.5
0.0
102.5
102.5
107.5
72.5
0.0
102.5
102.5
107.5
72.5
