0.0
455.0
135.0
130.0
130.0
110.0
0.0
0.0
0.0
0.0
0.0
0.0
0.0
0.0
0.0
0.0
0.0
0.0
27.5
27.5
25.0
10.0
0.0
27.5
27.5
25.0
10.0
0.0
27.5
27.5
25.0
10.0
0.0
0.0
0.0
0.0
0.0
0.0
0.0
455.0
135.0
130.0
130.0
110.0
0.0
0.0
0.0
0.0
0.0
0.0
0.0
455.0
465.0
455.0
455.0
210.0
0.0
0.0
0.0
0.0
0.0
0.0
0.0
455.0
465.0
455.0
455.0
210.0
0.0
455.0
465.0
455.0
455.0
210.0
0.0
0.0
0.0
0.0
0.0
0.0
0.0
0.0
0.0
0.0
0.0
0.0
0.0
0.0
0.0
0.0
0.0
0.0
0.0
0.0
0.0
0.0
0.0
192.5
190.0
190.0
130.0
0.0
27.5
27.5
25.0
10.0
0.0
27.5
27.5
25.0
10.0
