0.0
2300.0
1600.0
1600.0
1600.0
1600.0
0.0
0.0
0.0
0.0
0.0
0.0
0.0
0.0
0.0
0.0
0.0
0.0
750.0
750.0
750.0
750.0
0.0
450.0
450.0
450.0
450.0
0.0
450.0
450.0
450.0
450.0
0.0
0.0
0.0
0.0
0.0
0.0
0.0
2300.0
1600.0
1600.0
1600.0
1600.0
0.0
0.0
0.0
0.0
0.0
0.0
0.0
2300.0
2300.0
2300.0
2300.0
2300.0
0.0
0.0
0.0
0.0
0.0
0.0
0.0
2300.0
2300.0
2300.0
2300.0
2300.0
0.0
2300.0
2300.0
2300.0
2300.0
2300.0
0.0
0.0
0.0
0.0
0.0
0.0
0.0
0.0
0.0
0.0
0.0
0.0
0.0
0.0
0.0
0.0
0.0
0.0
0.0
0.0
0.0
0.0
0.0
950.0
950.0
950.0
950.0
0.0
450.0
450.0
450.0
450.0
0.0
450.0
450.0
450.0
450.0
