0.0
2500.0
1800.0
1800.0
1800.0
1800.0
0.0
0.0
0.0
0.0
0.0
0.0
0.0
0.0
0.0
0.0
0.0
0.0
550.0
550.0
550.0
550.0
0.0
550.0
550.0
550.0
550.0
0.0
550.0
550.0
550.0
550.0
0.0
0.0
0.0
0.0
0.0
0.0
0.0
2500.0
1800.0
1800.0
1800.0
1800.0
0.0
0.0
0.0
0.0
0.0
0.0
0.0
2500.0
2500.0
2500.0
2500.0
2500.0
0.0
0.0
0.0
0.0
0.0
0.0
0.0
2500.0
2500.0
2500.0
2500.0
2500.0
0.0
2500.0
2500.0
2500.0
2500.0
2500.0
0.0
0.0
0.0
0.0
0.0
0.0
0.0
0.0
0.0
0.0
0.0
0.0
0.0
0.0
0.0
0.0
0.0
0.0
0.0
0.0
0.0
0.0
0.0
900.0
550.0
550.0
550.0
0.0
550.0
550.0
550.0
550.0
0.0
550.0
550.0
550.0
550.0
