0.0
450.0
450.0
450.0
450.0
450.0
0.0
450.0
450.0
450.0
450.0
0.0
450.0
450.0
450.0
450.0
450.0
0.0
450.0
450.0
450.0
450.0
0.0
450.0
450.0
450.0
450.0
0.0
450.0
450.0
450.0
450.0
0.0
950.0
950.0
950.0
950.0
950.0
0.0
450.0
450.0
450.0
450.0
450.0
0.0
950.0
950.0
950.0
950.0
950.0
0.0
450.0
450.0
450.0
450.0
450.0
0.0
950.0
950.0
950.0
950.0
950.0
0.0
450.0
450.0
450.0
450.0
450.0
0.0
450.0
450.0
450.0
450.0
450.0
0.0
450.0
450.0
450.0
450.0
450.0
0.0
450.0
450.0
450.0
450.0
0.0
450.0
450.0
450.0
450.0
450.0
0.0
450.0
450.0
450.0
450.0
0.0
950.0
600.0
600.0
600.0
0.0
450.0
450.0
450.0
450.0
0.0
450.0
450.0
450.0
450.0
