0.0
2000.0
700.0
700.0
700.0
700.0
0.0
0.0
0.0
0.0
0.0
0.0
0.0
0.0
0.0
0.0
0.0
0.0
250.0
250.0
250.0
250.0
0.0
250.0
250.0
250.0
250.0
0.0
250.0
250.0
250.0
250.0
0.0
0.0
0.0
0.0
0.0
0.0
0.0
2000.0
700.0
700.0
700.0
700.0
0.0
0.0
0.0
0.0
0.0
0.0
0.0
2000.0
2000.0
2000.0
2000.0
2000.0
0.0
0.0
0.0
0.0
0.0
0.0
0.0
2000.0
2000.0
2000.0
2000.0
2000.0
0.0
2000.0
2000.0
2000.0
2000.0
2000.0
0.0
0.0
0.0
0.0
0.0
0.0
0.0
0.0
0.0
0.0
0.0
0.0
0.0
0.0
0.0
0.0
0.0
0.0
0.0
0.0
0.0
0.0
0.0
900.0
900.0
900.0
900.0
0.0
250.0
250.0
250.0
250.0
0.0
250.0
250.0
250.0
250.0
