0.0
2000.0
700.0
700.0
700.0
700.0
0.0
0.0
0.0
0.0
0.0
0.0
0.0
0.0
0.0
0.0
0.0
0.0
450.0
450.0
450.0
450.0
0.0
450.0
450.0
450.0
450.0
0.0
450.0
450.0
450.0
450.0
0.0
0.0
0.0
0.0
0.0
0.0
0.0
2000.0
700.0
700.0
700.0
700.0
0.0
0.0
0.0
0.0
0.0
0.0
0.0
2000.0
2000.0
2000.0
2000.0
2000.0
0.0
0.0
0.0
0.0
0.0
0.0
0.0
2000.0
2000.0
2000.0
2000.0
2000.0
0.0
2000.0
2000.0
2000.0
2000.0
2000.0
0.0
0.0
0.0
0.0
0.0
0.0
0.0
0.0
0.0
0.0
0.0
0.0
0.0
0.0
0.0
0.0
0.0
0.0
0.0
0.0
0.0
0.0
0.0
950.0
950.0
950.0
950.0
0.0
450.0
450.0
450.0
450.0
0.0
450.0
450.0
450.0
450.0
