0.0
550.0
550.0
550.0
550.0
550.0
0.0
550.0
550.0
550.0
550.0
0.0
550.0
550.0
550.0
550.0
550.0
0.0
550.0
550.0
550.0
550.0
0.0
550.0
550.0
550.0
550.0
0.0
550.0
550.0
550.0
550.0
0.0
1000.0
450.0
450.0
450.0
450.0
0.0
550.0
550.0
550.0
550.0
550.0
0.0
1000.0
450.0
450.0
450.0
450.0
0.0
550.0
550.0
550.0
550.0
550.0
0.0
1000.0
1000.0
1000.0
1000.0
1000.0
0.0
550.0
550.0
550.0
550.0
550.0
0.0
550.0
550.0
550.0
550.0
550.0
0.0
550.0
550.0
550.0
550.0
550.0
0.0
550.0
550.0
550.0
550.0
0.0
550.0
550.0
550.0
550.0
550.0
0.0
550.0
550.0
550.0
550.0
0.0
1000.0
1000.0
1000.0
1000.0
0.0
550.0
550.0
550.0
550.0
0.0
550.0
550.0
550.0
550.0
