0.0
450.0
450.0
450.0
450.0
450.0
0.0
450.0
450.0
450.0
450.0
0.0
450.0
450.0
450.0
450.0
450.0
0.0
450.0
450.0
450.0
450.0
0.0
450.0
450.0
450.0
450.0
0.0
450.0
450.0
450.0
450.0
0.0
900.0
900.0
900.0
900.0
900.0
0.0
450.0
450.0
450.0
450.0
450.0
0.0
900.0
900.0
900.0
900.0
900.0
0.0
450.0
450.0
450.0
450.0
450.0
0.0
900.0
900.0
900.0
900.0
900.0
0.0
450.0
450.0
450.0
450.0
450.0
0.0
450.0
450.0
450.0
450.0
450.0
0.0
450.0
450.0
450.0
450.0
450.0
0.0
450.0
450.0
450.0
450.0
0.0
450.0
450.0
450.0
450.0
450.0
0.0
450.0
450.0
450.0
450.0
0.0
900.0
900.0
900.0
900.0
0.0
450.0
450.0
450.0
450.0
0.0
450.0
450.0
450.0
450.0
