0.0
2600.0
1900.0
1900.0
1900.0
1900.0
0.0
0.0
0.0
0.0
0.0
0.0
0.0
0.0
0.0
0.0
0.0
0.0
750.0
750.0
750.0
750.0
0.0
450.0
450.0
450.0
450.0
0.0
450.0
450.0
450.0
450.0
0.0
0.0
0.0
0.0
0.0
0.0
0.0
2600.0
1900.0
1900.0
1900.0
1900.0
0.0
0.0
0.0
0.0
0.0
0.0
0.0
2600.0
2600.0
2600.0
2600.0
2600.0
0.0
0.0
0.0
0.0
0.0
0.0
0.0
2600.0
2600.0
2600.0
2600.0
2600.0
0.0
2600.0
2600.0
2600.0
2600.0
2600.0
0.0
0.0
0.0
0.0
0.0
0.0
0.0
0.0
0.0
0.0
0.0
0.0
0.0
0.0
0.0
0.0
0.0
0.0
0.0
0.0
0.0
0.0
0.0
950.0
950.0
950.0
950.0
0.0
450.0
450.0
450.0
450.0
0.0
450.0
450.0
450.0
450.0
