0.0
2500.0
1800.0
1800.0
1800.0
1800.0
0.0
0.0
0.0
0.0
0.0
0.0
0.0
0.0
0.0
0.0
0.0
0.0
250.0
250.0
250.0
250.0
0.0
250.0
250.0
250.0
250.0
0.0
250.0
250.0
250.0
250.0
0.0
0.0
0.0
0.0
0.0
0.0
0.0
2500.0
1800.0
1800.0
1800.0
1800.0
0.0
0.0
0.0
0.0
0.0
0.0
0.0
2500.0
2500.0
2500.0
2500.0
2500.0
0.0
0.0
0.0
0.0
0.0
0.0
0.0
2500.0
2500.0
2500.0
2500.0
2500.0
0.0
2500.0
2500.0
2500.0
2500.0
2500.0
0.0
0.0
0.0
0.0
0.0
0.0
0.0
0.0
0.0
0.0
0.0
0.0
0.0
0.0
0.0
0.0
0.0
0.0
0.0
0.0
0.0
0.0
0.0
900.0
900.0
900.0
900.0
0.0
250.0
250.0
250.0
250.0
0.0
250.0
250.0
250.0
250.0
