0.0
2300.0
1600.0
1600.0
1600.0
1600.0
0.0
0.0
0.0
0.0
0.0
0.0
0.0
0.0
0.0
0.0
0.0
0.0
550.0
550.0
550.0
550.0
0.0
550.0
550.0
550.0
550.0
0.0
550.0
550.0
550.0
550.0
0.0
0.0
0.0
0.0
0.0
0.0
0.0
2300.0
1600.0
1600.0
1600.0
1600.0
0.0
0.0
0.0
0.0
0.0
0.0
0.0
2300.0
2300.0
2300.0
2300.0
2300.0
0.0
0.0
0.0
0.0
0.0
0.0
0.0
2300.0
2300.0
2300.0
2300.0
2300.0
0.0
2300.0
2300.0
2300.0
2300.0
2300.0
0.0
0.0
0.0
0.0
0.0
0.0
0.0
0.0
0.0
0.0
0.0
0.0
0.0
0.0
0.0
0.0
0.0
0.0
0.0
0.0
0.0
0.0
0.0
1000.0
1000.0
1000.0
1000.0
0.0
550.0
550.0
550.0
550.0
0.0
550.0
550.0
550.0
550.0
