0.0
2500.0
1800.0
1800.0
1800.0
1800.0
0.0
0.0
0.0
0.0
0.0
0.0
0.0
0.0
0.0
0.0
0.0
0.0
600.0
600.0
600.0
600.0
0.0
600.0
600.0
600.0
600.0
0.0
600.0
600.0
600.0
600.0
0.0
0.0
0.0
0.0
0.0
0.0
0.0
2500.0
1800.0
1800.0
1800.0
1800.0
0.0
0.0
0.0
0.0
0.0
0.0
0.0
2500.0
2500.0
2500.0
2500.0
2500.0
0.0
0.0
0.0
0.0
0.0
0.0
0.0
2500.0
2500.0
2500.0
2500.0
2500.0
0.0
2500.0
2500.0
2500.0
2500.0
2500.0
0.0
0.0
0.0
0.0
0.0
0.0
0.0
0.0
0.0
0.0
0.0
0.0
0.0
0.0
0.0
0.0
0.0
0.0
0.0
0.0
0.0
0.0
0.0
1000.0
1000.0
1000.0
1000.0
0.0
600.0
600.0
600.0
600.0
0.0
600.0
600.0
600.0
600.0
