0.0
2500.0
1800.0
1800.0
1800.0
1800.0
0.0
0.0
0.0
0.0
0.0
0.0
0.0
0.0
0.0
0.0
0.0
0.0
0.0
0.0
0.0
0.0
0.0
450.0
450.0
450.0
450.0
0.0
450.0
450.0
450.0
450.0
0.0
0.0
0.0
0.0
0.0
1100.0
0.0
2500.0
1800.0
1800.0
1800.0
1800.0
0.0
0.0
0.0
0.0
0.0
1100.0
0.0
2500.0
2500.0
2500.0
2500.0
2500.0
0.0
0.0
0.0
0.0
0.0
0.0
0.0
2500.0
2500.0
2500.0
2500.0
2500.0
0.0
2500.0
2500.0
2500.0
2500.0
2500.0
0.0
0.0
0.0
0.0
0.0
0.0
0.0
0.0
0.0
0.0
0.0
0.0
0.0
0.0
0.0
0.0
0.0
0.0
0.0
0.0
0.0
0.0
0.0
0.0
0.0
0.0
0.0
0.0
450.0
450.0
450.0
450.0
0.0
450.0
450.0
450.0
450.0
