0.0
600.0
600.0
600.0
600.0
600.0
0.0
600.0
600.0
600.0
600.0
0.0
600.0
600.0
600.0
600.0
600.0
0.0
600.0
600.0
600.0
600.0
0.0
600.0
600.0
600.0
600.0
0.0
600.0
600.0
600.0
600.0
0.0
1000.0
1000.0
1000.0
1000.0
450.0
0.0
600.0
600.0
600.0
600.0
600.0
0.0
1000.0
1000.0
1000.0
1000.0
450.0
0.0
600.0
600.0
600.0
600.0
600.0
0.0
1000.0
1000.0
1000.0
1000.0
1000.0
0.0
600.0
600.0
600.0
600.0
600.0
0.0
600.0
600.0
600.0
600.0
600.0
0.0
600.0
600.0
600.0
600.0
600.0
0.0
600.0
600.0
600.0
600.0
0.0
600.0
600.0
600.0
600.0
600.0
0.0
600.0
600.0
600.0
600.0
0.0
1000.0
1000.0
1000.0
1000.0
0.0
600.0
600.0
600.0
600.0
0.0
600.0
600.0
600.0
600.0
