0.0
2000.0
1300.0
1300.0
1300.0
1300.0
0.0
0.0
0.0
0.0
0.0
0.0
0.0
0.0
0.0
0.0
0.0
0.0
0.0
0.0
0.0
0.0
0.0
600.0
600.0
600.0
600.0
0.0
600.0
600.0
600.0
600.0
0.0
0.0
1400.0
1400.0
1400.0
1400.0
0.0
2000.0
1300.0
1300.0
1300.0
1300.0
0.0
0.0
1400.0
1400.0
1400.0
1400.0
0.0
2000.0
2000.0
2000.0
2000.0
2000.0
0.0
0.0
0.0
0.0
0.0
0.0
0.0
2000.0
2000.0
2000.0
2000.0
2000.0
0.0
2000.0
2000.0
2000.0
2000.0
2000.0
0.0
0.0
0.0
0.0
0.0
0.0
0.0
0.0
0.0
0.0
0.0
0.0
0.0
0.0
0.0
0.0
0.0
0.0
0.0
0.0
0.0
0.0
0.0
0.0
0.0
0.0
0.0
0.0
600.0
600.0
600.0
600.0
0.0
600.0
600.0
600.0
600.0
