0.0
0.0
1400.0
700.0
700.0
700.0
0.0
0.0
0.0
0.0
0.0
0.0
0.0
0.0
0.0
0.0
0.0
0.0
250.0
250.0
250.0
250.0
0.0
250.0
250.0
250.0
250.0
0.0
250.0
250.0
250.0
250.0
0.0
0.0
0.0
0.0
0.0
0.0
0.0
0.0
1400.0
700.0
700.0
700.0
0.0
0.0
0.0
0.0
0.0
0.0
0.0
0.0
0.0
0.0
0.0
0.0
0.0
0.0
0.0
0.0
0.0
0.0
0.0
0.0
0.0
0.0
0.0
0.0
0.0
0.0
0.0
0.0
0.0
0.0
0.0
0.0
0.0
0.0
0.0
0.0
0.0
0.0
0.0
0.0
0.0
0.0
0.0
0.0
0.0
0.0
0.0
0.0
0.0
0.0
0.0
0.0
0.0
900.0
900.0
900.0
900.0
0.0
250.0
250.0
250.0
250.0
0.0
250.0
250.0
250.0
250.0
