0.0
0.0
0.0
1400.0
700.0
700.0
0.0
900.0
550.0
550.0
550.0
0.0
0.0
0.0
0.0
0.0
0.0
0.0
550.0
550.0
550.0
550.0
0.0
550.0
550.0
550.0
550.0
0.0
550.0
550.0
550.0
550.0
0.0
0.0
0.0
0.0
0.0
0.0
0.0
0.0
0.0
1400.0
700.0
700.0
0.0
0.0
0.0
0.0
0.0
0.0
0.0
0.0
0.0
0.0
0.0
0.0
0.0
0.0
0.0
0.0
0.0
0.0
0.0
0.0
0.0
0.0
0.0
0.0
0.0
0.0
0.0
0.0
0.0
0.0
0.0
0.0
0.0
0.0
0.0
0.0
0.0
450.0
450.0
450.0
450.0
0.0
450.0
450.0
450.0
450.0
450.0
0.0
450.0
450.0
450.0
450.0
0.0
1000.0
1000.0
1000.0
1000.0
0.0
550.0
550.0
550.0
550.0
0.0
550.0
550.0
550.0
550.0
