0.9494623655913978
0.546236559139785
0.546236559139785
1.0
0.546236559139785
1.0
0.9494623655913978
0.546236559139785
0.9494623655913978
0.546236559139785
0.9494623655913978
0.546236559139785
0.546236559139785
1.0
0.546236559139785
1.0
0.9494623655913978
0.546236559139785
0.546236559139785
1.0
0.546236559139785
1.0
0.9494623655913978
0.546236559139785
0.546236559139785
1.0
0.546236559139785
1.0
0.9494623655913978
0.546236559139785
0.546236559139785
1.0
0.546236559139785
1.0
0.9494623655913978
0.546236559139785
1.0
0.546236559139785
1.0
0.9494623655913978
0.546236559139785
0.546236559139785
1.0
0.546236559139785
1.0
0.9494623655913978
0.546236559139785
1.0
0.546236559139785
1.0
0.9494623655913978
0.546236559139785
1.0
0.546236559139785
1.0
0.9494623655913978
0.546236559139785
1.0
0.546236559139785
1.0
0.9494623655913978
0.546236559139785
0.9494623655913978
0.0
0.546236559139785
1.0
0.546236559139785
1.0
