0.0
0.0
0.0
1.0
0.8064516129032258
0.0
0.0
0.0
0.0
0.0
0.0
1.0
0.8064516129032258
0.0
0.0
0.0
0.0
1.0
0.8064516129032258
0.0
0.0
0.0
0.0
1.0
0.8064516129032258
0.0
0.0
0.0
0.0
1.0
0.8064516129032258
0.0
0.8935483870967742
0.49032258064516127
0.49032258064516127
1.0
0.49032258064516127
0.0
0.0
0.0
1.0
0.8064516129032258
0.0
0.9774193548387097
0.5741935483870968
0.5741935483870968
1.0
0.5741935483870968
0.9774193548387097
0.5741935483870968
1.0
0.5741935483870968
1.0
0.9774193548387097
0.5741935483870968
1.0
0.5741935483870968
1.0
0.0
0.0
0.0
0.5741935483870968
1.0
0.5741935483870968
1.0
