0.4032258064516129
1.0
1.0
0.5376344086021505
1.0
0.5376344086021505
0.4032258064516129
0.4032258064516129
0.4032258064516129
1.0
1.0
0.5376344086021505
1.0
0.5376344086021505
0.4032258064516129
1.0
1.0
0.5376344086021505
1.0
0.5376344086021505
0.4032258064516129
1.0
1.0
0.5376344086021505
1.0
0.5376344086021505
0.4032258064516129
1.0
1.0
0.5376344086021505
1.0
0.5376344086021505
0.9494623655913978
0.546236559139785
0.546236559139785
1.0
0.546236559139785
0.4032258064516129
1.0
1.0
0.5376344086021505
1.0
0.5376344086021505
0.9494623655913978
0.546236559139785
1.0
0.546236559139785
1.0
0.9494623655913978
0.546236559139785
1.0
0.546236559139785
1.0
0.9494623655913978
0.546236559139785
1.0
0.546236559139785
1.0
0.4032258064516129
0.4032258064516129
0.0
0.546236559139785
1.0
0.546236559139785
1.0
