0.0
1.0
1.0
0.5376344086021505
1.0
0.5376344086021505
0.0
0.0
0.0
1.0
1.0
0.5376344086021505
1.0
0.5376344086021505
0.0
1.0
1.0
0.5376344086021505
1.0
0.5376344086021505
0.0
1.0
1.0
0.5376344086021505
1.0
0.5376344086021505
0.0
1.0
1.0
0.5376344086021505
1.0
0.5376344086021505
0.9774193548387097
0.5741935483870968
0.5741935483870968
1.0
0.5741935483870968
0.0
1.0
1.0
0.5376344086021505
1.0
0.5376344086021505
0.9774193548387097
0.5741935483870968
1.0
0.5741935483870968
1.0
0.9774193548387097
0.5741935483870968
1.0
0.5741935483870968
1.0
0.9774193548387097
0.5741935483870968
1.0
0.5741935483870968
1.0
0.0
0.0
0.0
0.5741935483870968
1.0
0.5741935483870968
1.0
