0.0
0.0
0.0
1.0
0.8064516129032258
0.0
0.0
0.0
0.0
0.0
0.0
1.0
0.8064516129032258
0.0
0.0
0.0
0.0
1.0
0.8064516129032258
0.0
0.0
0.0
0.0
1.0
0.8064516129032258
0.0
0.0
0.0
0.0
1.0
0.8064516129032258
0.0
0.8655913978494624
0.46236559139784944
0.46236559139784944
1.0
0.46236559139784944
0.0
0.0
0.0
1.0
0.8064516129032258
0.0
0.9494623655913978
0.546236559139785
0.546236559139785
1.0
0.546236559139785
0.9494623655913978
0.546236559139785
1.0
0.546236559139785
1.0
0.9494623655913978
0.546236559139785
1.0
0.546236559139785
1.0
0.0
0.0
0.0
0.546236559139785
1.0
0.546236559139785
1.0
