0.9774193548387097
0.5741935483870968
0.5741935483870968
1.0
0.5741935483870968
1.0
0.9774193548387097
0.9774193548387097
0.5741935483870968
0.9774193548387097
0.5741935483870968
0.5741935483870968
1.0
0.5741935483870968
1.0
0.9774193548387097
0.5741935483870968
0.5741935483870968
1.0
0.5741935483870968
1.0
0.9774193548387097
0.5741935483870968
0.5741935483870968
1.0
0.5741935483870968
1.0
0.9774193548387097
0.5741935483870968
0.5741935483870968
1.0
0.5741935483870968
1.0
0.9774193548387097
0.5741935483870968
1.0
0.5741935483870968
1.0
0.9774193548387097
0.5741935483870968
0.5741935483870968
1.0
0.5741935483870968
1.0
0.9774193548387097
0.5741935483870968
1.0
0.5741935483870968
1.0
0.9774193548387097
0.5741935483870968
1.0
0.5741935483870968
1.0
0.9774193548387097
0.5741935483870968
1.0
0.5741935483870968
1.0
0.9774193548387097
0.9774193548387097
0.0
0.5741935483870968
1.0
0.5741935483870968
1.0
