0.0
1.0
1.0
0.5376344086021505
1.0
0.5376344086021505
0.0
0.0
0.0
1.0
1.0
0.5376344086021505
1.0
0.5376344086021505
0.0
1.0
1.0
0.5376344086021505
1.0
0.5376344086021505
0.0
1.0
1.0
0.5376344086021505
1.0
0.5376344086021505
0.0
1.0
1.0
0.5376344086021505
1.0
0.5376344086021505
0.946236559139785
0.6774193548387096
0.6774193548387096
0.6774193548387096
0.6774193548387096
0.0
1.0
1.0
0.5376344086021505
1.0
0.5376344086021505
0.946236559139785
0.6774193548387096
0.6774193548387096
0.6774193548387096
0.6774193548387096
0.946236559139785
0.6774193548387096
0.6774193548387096
1.0
0.6774193548387096
0.946236559139785
0.6774193548387096
0.6774193548387096
1.0
0.6774193548387096
0.0
0.0
0.0
0.6774193548387096
0.6774193548387096
1.0
0.6774193548387096
