0.9236559139784947
0.5204301075268817
1.0
0.5204301075268817
1.0
0.5204301075268817
0.9236559139784947
0.5204301075268817
0.9236559139784947
0.5204301075268817
0.9236559139784947
0.5204301075268817
1.0
0.5204301075268817
1.0
0.5204301075268817
0.9236559139784947
0.5204301075268817
1.0
0.5204301075268817
1.0
0.5204301075268817
0.9236559139784947
0.5204301075268817
1.0
0.5204301075268817
1.0
0.5204301075268817
0.9236559139784947
0.5204301075268817
1.0
0.5204301075268817
1.0
0.5204301075268817
0.9236559139784947
0.5204301075268817
1.0
0.5204301075268817
1.0
0.9236559139784947
0.5204301075268817
1.0
0.5204301075268817
1.0
0.5204301075268817
0.9236559139784947
0.5204301075268817
1.0
0.5204301075268817
1.0
0.9236559139784947
0.5204301075268817
1.0
0.5204301075268817
1.0
0.9236559139784947
0.5204301075268817
1.0
0.5204301075268817
1.0
0.9236559139784947
0.5204301075268817
0.9236559139784947
0.5204301075268817
0.0
0.5204301075268817
1.0
0.5204301075268817
1.0
