0.0
0.0
0.0
0.0
0.0
0.0
0.0
0.0
0.0
0.0
0.0
0.0
0.0
0.0
0.0
0.0
0.0
0.0
0.0
0.0
0.0
0.0
0.0
0.0
0.0
0.0
0.0
0.0
0.0
0.0
0.0
0.0
0.0
1.0
0.8064516129032258
0.0
0.0
0.0
0.0
0.0
0.0
0.0
0.0
0.7559139784946236
0.35268817204301073
0.35268817204301073
1.0
0.35268817204301073
0.9774193548387097
0.5741935483870968
0.5741935483870968
1.0
0.5741935483870968
0.9774193548387097
0.5741935483870968
0.5741935483870968
1.0
0.5741935483870968
0.0
0.0
0.0
0.5741935483870968
0.5741935483870968
1.0
0.5741935483870968
