0.9193548387096774
0.5161290322580645
1.0
0.5161290322580645
1.0
0.7849462365591398
0.9193548387096774
0.5161290322580645
0.9193548387096774
0.5161290322580645
0.9193548387096774
0.5161290322580645
1.0
0.5161290322580645
1.0
0.7849462365591398
0.9193548387096774
0.5161290322580645
1.0
0.5161290322580645
1.0
0.7849462365591398
0.9193548387096774
0.5161290322580645
1.0
0.5161290322580645
1.0
0.7849462365591398
0.9193548387096774
0.5161290322580645
1.0
0.5161290322580645
1.0
0.7849462365591398
0.9193548387096774
0.5161290322580645
1.0
0.5161290322580645
1.0
0.9193548387096774
0.5161290322580645
1.0
0.5161290322580645
1.0
0.7849462365591398
0.9193548387096774
0.5161290322580645
1.0
0.5161290322580645
1.0
0.9193548387096774
0.5161290322580645
1.0
0.5161290322580645
1.0
0.9193548387096774
0.5161290322580645
1.0
0.5161290322580645
1.0
0.9193548387096774
0.5161290322580645
0.9193548387096774
0.5161290322580645
0.0
0.5161290322580645
1.0
0.5161290322580645
1.0
