0.9774193548387097
0.5741935483870968
1.0
0.5741935483870968
1.0
0.843010752688172
0.9774193548387097
0.5741935483870968
0.9774193548387097
0.5741935483870968
0.9774193548387097
0.5741935483870968
1.0
0.5741935483870968
1.0
0.843010752688172
0.9774193548387097
0.5741935483870968
1.0
0.5741935483870968
1.0
0.843010752688172
0.9774193548387097
0.5741935483870968
1.0
0.5741935483870968
1.0
0.843010752688172
0.9774193548387097
0.5741935483870968
1.0
0.5741935483870968
1.0
0.843010752688172
0.9774193548387097
0.5741935483870968
1.0
0.5741935483870968
1.0
0.9774193548387097
0.5741935483870968
1.0
0.5741935483870968
1.0
0.843010752688172
0.9774193548387097
0.5741935483870968
1.0
0.5741935483870968
1.0
0.9774193548387097
0.5741935483870968
1.0
0.5741935483870968
1.0
0.9774193548387097
0.5741935483870968
1.0
0.5741935483870968
1.0
0.9774193548387097
0.5741935483870968
0.9774193548387097
0.5741935483870968
0.0
0.5741935483870968
1.0
0.5741935483870968
1.0
