0.0
0.0
0.0
0.0
0.0
0.0
0.0
0.0
0.0
0.0
0.0
0.0
0.0
0.0
0.0
0.0
0.0
0.0
0.0
0.0
0.0
0.0
0.0
0.0
0.0
0.0
0.0
0.0
0.0
0.0
0.0
0.0
0.0
1.0
0.8064516129032258
0.0
0.0
0.0
0.0
0.0
0.0
0.0
0.0
0.9473118279569892
0.5440860215053763
0.5440860215053763
1.0
0.5440860215053763
0.9473118279569892
0.5440860215053763
0.5440860215053763
1.0
0.5440860215053763
0.9473118279569892
0.5440860215053763
0.5440860215053763
1.0
0.5440860215053763
0.0
0.0
0.0
0.5440860215053763
0.5440860215053763
1.0
0.5440860215053763
