0.0
0.0
0.0
0.0
0.0
0.0
0.0
0.0
0.0
0.0
0.0
0.0
0.0
0.0
0.0
0.0
0.0
0.0
0.0
0.0
0.0
0.0
0.0
0.0
0.0
0.0
0.0
0.0
0.0
0.0
0.0
0.0
0.0
1.0
1.0
0.5376344086021505
1.0
0.0
0.0
0.0
0.0
0.0
0.0
0.9526881720430107
0.6838709677419355
0.6838709677419355
0.6838709677419355
0.6838709677419355
0.9526881720430107
0.6838709677419355
0.6838709677419355
0.6838709677419355
0.6838709677419355
0.9526881720430107
0.6838709677419355
0.6838709677419355
0.6838709677419355
0.6838709677419355
0.0
0.0
0.0
0.6838709677419355
0.6838709677419355
0.6838709677419355
0.6838709677419355
