0.946236559139785
0.7311827956989247
0.7311827956989247
0.7311827956989247
0.7311827956989247
0.0
0.0
0.0
0.0
0.0
0.0
0.0
0.0
0.0
0.0
0.0
0.0
1.0
1.0
1.0
1.0
0.946236559139785
0.946236559139785
0.946236559139785
0.946236559139785
0.7311827956989247
0.0
0.0
0.0
0.0
0.0
0.0
0.0
0.0
0.0
1.0
0.7053763440860215
0.0
0.0
0.0
1.0
1.0
1.0
0.8731182795698925
0.0
0.946236559139785
0.946236559139785
0.946236559139785
0.946236559139785
0.0
0.6989247311827957
1.0
0.6989247311827957
0.6989247311827957
0.0
0.946236559139785
0.946236559139785
0.946236559139785
0.946236559139785
0.0
0.946236559139785
0.946236559139785
0.946236559139785
0.946236559139785
0.0
0.946236559139785
0.946236559139785
0.946236559139785
0.946236559139785
0.0
0.946236559139785
0.946236559139785
0.946236559139785
0.946236559139785
0.0
0.946236559139785
0.946236559139785
0.946236559139785
0.946236559139785
0.0
0.946236559139785
0.946236559139785
0.946236559139785
0.946236559139785
0.0
0.946236559139785
0.946236559139785
0.946236559139785
0.946236559139785
0.0
0.946236559139785
0.946236559139785
0.946236559139785
0.946236559139785
0.0
0.946236559139785
0.946236559139785
0.946236559139785
0.946236559139785
0.0
0.946236559139785
0.946236559139785
0.946236559139785
0.946236559139785
0.0
0.946236559139785
0.946236559139785
0.946236559139785
0.946236559139785
0.0
0.0
0.0
0.0
0.0
0.0
0.0
0.0
0.0
0.0
