0.9193548387096774
0.9193548387096774
0.9193548387096774
0.9193548387096774
0.9193548387096774
0.0
0.0
0.0
0.0
0.0
0.0
0.0
0.0
0.0
0.0
0.0
0.0
1.0
1.0
1.0
1.0
0.9193548387096774
0.9193548387096774
0.9193548387096774
0.9193548387096774
0.9193548387096774
0.0
0.0
0.0
0.0
0.0
0.0
0.0
0.0
0.0
0.8731182795698925
0.7053763440860215
0.0
0.0
0.0
1.0
1.0
0.9806451612903225
0.9806451612903225
0.0
0.9193548387096774
0.9193548387096774
0.9193548387096774
0.6505376344086021
0.0
0.6720430107526881
1.0
1.0
0.8397849462365592
0.0
0.9193548387096774
0.9193548387096774
0.9193548387096774
0.9193548387096774
0.0
0.9193548387096774
0.9193548387096774
0.9193548387096774
0.9193548387096774
0.0
0.9193548387096774
0.9193548387096774
0.9193548387096774
0.9193548387096774
0.0
0.9193548387096774
0.9193548387096774
0.9193548387096774
0.9193548387096774
0.0
0.9193548387096774
0.9193548387096774
0.9193548387096774
0.9193548387096774
0.0
0.9193548387096774
0.9193548387096774
0.9193548387096774
0.9193548387096774
0.0
0.9193548387096774
0.9193548387096774
0.9193548387096774
0.9193548387096774
0.0
0.9193548387096774
0.9193548387096774
0.9193548387096774
0.9193548387096774
0.0
0.9193548387096774
0.9193548387096774
0.9193548387096774
0.9193548387096774
0.0
0.9193548387096774
0.9193548387096774
0.9193548387096774
0.9193548387096774
0.0
0.9193548387096774
0.9193548387096774
0.9193548387096774
0.9193548387096774
0.0
0.0
0.0
0.0
0.0
0.0
0.0
0.0
0.0
0.0
