0.9473118279569892
0.8096774193548387
0.8096774193548387
0.8096774193548387
0.8096774193548387
0.9473118279569892
0.8096774193548387
0.8096774193548387
0.8096774193548387
0.8096774193548387
0.8096774193548387
0.9473118279569892
0.8096774193548387
0.8096774193548387
0.8096774193548387
0.8096774193548387
0.8096774193548387
0.9473118279569892
0.8096774193548387
0.8096774193548387
0.8096774193548387
0.8096774193548387
0.8096774193548387
0.9473118279569892
0.8096774193548387
0.8096774193548387
0.8096774193548387
0.8096774193548387
0.8096774193548387
0.9473118279569892
0.8096774193548387
0.8096774193548387
0.8096774193548387
0.8096774193548387
0.8096774193548387
0.9473118279569892
0.8096774193548387
0.8096774193548387
0.8096774193548387
0.8096774193548387
0.8096774193548387
0.9473118279569892
0.8096774193548387
0.8096774193548387
0.8096774193548387
0.8096774193548387
0.8096774193548387
0.9473118279569892
0.8096774193548387
0.8096774193548387
0.8096774193548387
0.8096774193548387
0.8096774193548387
0.9473118279569892
0.8096774193548387
0.8096774193548387
0.8096774193548387
0.8096774193548387
0.8096774193548387
0.9473118279569892
0.9473118279569892
0.8096774193548387
0.8096774193548387
0.8096774193548387
0.8096774193548387
0.8096774193548387
0.9473118279569892
0.9473118279569892
0.9473118279569892
0.8096774193548387
0.8096774193548387
0.8096774193548387
0.8096774193548387
0.8096774193548387
0.9473118279569892
0.8096774193548387
0.8096774193548387
0.8096774193548387
0.8096774193548387
0.8096774193548387
0.9473118279569892
0.8096774193548387
0.8096774193548387
0.8096774193548387
0.8096774193548387
0.8096774193548387
0.9473118279569892
0.8096774193548387
0.8096774193548387
0.8096774193548387
0.8096774193548387
0.8096774193548387
0.9473118279569892
0.8096774193548387
0.8096774193548387
0.8096774193548387
0.8096774193548387
0.8096774193548387
0.9473118279569892
0.8096774193548387
0.8096774193548387
0.8096774193548387
0.8096774193548387
0.8096774193548387
0.9473118279569892
0.8096774193548387
0.8096774193548387
0.8096774193548387
0.8096774193548387
0.8096774193548387
0.9473118279569892
0.8096774193548387
0.8096774193548387
0.8096774193548387
0.8096774193548387
0.8096774193548387
0.9473118279569892
0.8096774193548387
0.8096774193548387
0.8096774193548387
0.8096774193548387
0.9473118279569892
0.8096774193548387
0.8096774193548387
0.8096774193548387
0.8096774193548387
0.9473118279569892
0.8096774193548387
0.8096774193548387
0.8096774193548387
0.8096774193548387
0.9473118279569892
0.8096774193548387
0.8096774193548387
0.8096774193548387
0.8096774193548387
0.8096774193548387
0.9473118279569892
0.8096774193548387
0.8096774193548387
0.8096774193548387
0.8096774193548387
0.8096774193548387
0.9473118279569892
0.8096774193548387
0.8096774193548387
0.8096774193548387
0.8096774193548387
0.8096774193548387
0.9473118279569892
0.9473118279569892
0.9473118279569892
0.9473118279569892
0.9473118279569892
0.8096774193548387
0.9473118279569892
0.9473118279569892
0.9473118279569892
0.9473118279569892
0.9473118279569892
0.8096774193548387
0.9473118279569892
0.8096774193548387
0.8096774193548387
0.8096774193548387
0.8096774193548387
0.8096774193548387
0.9473118279569892
0.5440860215053763
0.5440860215053763
0.5440860215053763
0.5440860215053763
0.5440860215053763
0.9473118279569892
0.5440860215053763
0.5440860215053763
0.5440860215053763
0.5440860215053763
0.5440860215053763
0.9473118279569892
0.5440860215053763
0.8193548387096774
0.5505376344086022
1.0
0.5505376344086022
0.9473118279569892
0.9473118279569892
0.9473118279569892
0.9473118279569892
0.678494623655914
0.678494623655914
0.678494623655914
0.678494623655914
0.678494623655914
0.9473118279569892
0.9473118279569892
0.9473118279569892
0.9473118279569892
0.9473118279569892
0.678494623655914
0.678494623655914
0.678494623655914
0.678494623655914
0.678494623655914
0.9473118279569892
0.678494623655914
0.9473118279569892
0.678494623655914
0.0
0.0
0.678494623655914
0.678494623655914
0.0
0.0
0.678494623655914
0.678494623655914
0.0
0.678494623655914
0.678494623655914
0.678494623655914
0.0
0.678494623655914
0.0
0.0
0.0
0.678494623655914
0.678494623655914
0.0
0.9473118279569892
0.9473118279569892
0.0
0.9473118279569892
0.9473118279569892
0.0
0.9473118279569892
0.9473118279569892
0.9473118279569892
0.9473118279569892
0.9473118279569892
0.0
0.0
0.9473118279569892
0.9473118279569892
0.9473118279569892
0.9473118279569892
0.9473118279569892
0.0
0.9473118279569892
0.9473118279569892
0.9473118279569892
0.9473118279569892
0.9473118279569892
0.0
0.9473118279569892
0.9473118279569892
0.9473118279569892
0.9473118279569892
0.9473118279569892
0.0
0.9473118279569892
0.9473118279569892
0.9473118279569892
0.9473118279569892
0.9473118279569892
0.0
0.0
0.0
0.0
0.9473118279569892
0.9473118279569892
0.9473118279569892
0.9473118279569892
0.9473118279569892
0.0
0.0
0.0
0.0
0.0
0.0
0.0
0.0
0.0
0.0
0.0
0.0
0.0
0.0
0.0
0.678494623655914
0.678494623655914
0.678494623655914
0.678494623655914
0.678494623655914
0.0
0.678494623655914
0.678494623655914
0.678494623655914
0.678494623655914
0.678494623655914
0.0
0.678494623655914
0.678494623655914
0.678494623655914
0.678494623655914
0.678494623655914
0.0
0.678494623655914
0.678494623655914
0.678494623655914
0.678494623655914
0.678494623655914
0.0
0.678494623655914
0.678494623655914
0.678494623655914
0.0
0.678494623655914
0.678494623655914
0.678494623655914
0.678494623655914
0.678494623655914
0.0
0.678494623655914
0.678494623655914
0.678494623655914
0.678494623655914
0.678494623655914
0.0
0.678494623655914
0.678494623655914
0.678494623655914
0.0
0.678494623655914
0.678494623655914
0.678494623655914
0.678494623655914
0.678494623655914
0.0
0.0
0.678494623655914
0.678494623655914
0.678494623655914
0.0
0.678494623655914
0.678494623655914
0.678494623655914
0.678494623655914
0.678494623655914
0.0
0.678494623655914
0.678494623655914
0.678494623655914
0.678494623655914
0.678494623655914
0.0
0.678494623655914
0.678494623655914
0.678494623655914
0.678494623655914
0.678494623655914
0.0
0.678494623655914
0.678494623655914
0.678494623655914
0.678494623655914
0.678494623655914
0.0
0.5440860215053763
0.5440860215053763
0.8193548387096774
0.5440860215053763
0.7118279569892473
0.0
0.5440860215053763
0.5440860215053763
0.7118279569892473
0.7118279569892473
0.443010752688172
0.0
0.5440860215053763
0.5440860215053763
0.7118279569892473
0.7118279569892473
0.7118279569892473
0.0
0.5440860215053763
0.5440860215053763
0.7118279569892473
0.7118279569892473
0.7118279569892473
0.0
0.5440860215053763
0.8193548387096774
0.5505376344086022
1.0
0.5505376344086022
0.0
0.5440860215053763
0.8193548387096774
0.5505376344086022
1.0
0.5505376344086022
0.0
0.5440860215053763
0.8193548387096774
0.5505376344086022
1.0
0.5505376344086022
0.0
0.5440860215053763
0.8193548387096774
0.5505376344086022
1.0
0.5505376344086022
0.0
0.5440860215053763
0.8193548387096774
0.5505376344086022
1.0
0.5505376344086022
0.0
0.9473118279569892
0.9473118279569892
0.678494623655914
0.678494623655914
0.678494623655914
0.0
0.9473118279569892
0.9473118279569892
0.678494623655914
0.678494623655914
0.678494623655914
0.0
0.9473118279569892
0.9473118279569892
0.678494623655914
0.678494623655914
0.678494623655914
0.0
0.9473118279569892
0.9473118279569892
0.678494623655914
0.678494623655914
0.678494623655914
0.0
0.9473118279569892
0.9473118279569892
0.678494623655914
0.678494623655914
0.678494623655914
0.0
0.9473118279569892
0.9473118279569892
0.678494623655914
0.678494623655914
0.678494623655914
0.0
0.9473118279569892
0.9473118279569892
0.678494623655914
0.678494623655914
0.678494623655914
0.0
0.9473118279569892
0.9473118279569892
0.678494623655914
0.678494623655914
0.678494623655914
0.0
0.9473118279569892
0.9473118279569892
0.9473118279569892
0.9473118279569892
0.9473118279569892
0.0
0.9473118279569892
0.9473118279569892
0.678494623655914
0.678494623655914
0.678494623655914
0.0
0.9473118279569892
0.9473118279569892
0.678494623655914
0.678494623655914
0.678494623655914
0.0
0.9473118279569892
0.9473118279569892
0.678494623655914
0.678494623655914
0.678494623655914
0.0
0.9473118279569892
0.9473118279569892
0.678494623655914
0.678494623655914
0.678494623655914
0.0
0.9473118279569892
0.9473118279569892
0.678494623655914
0.678494623655914
0.678494623655914
0.0
0.9473118279569892
0.9473118279569892
0.678494623655914
0.678494623655914
0.0
0.0
0.0
0.9473118279569892
0.9473118279569892
0.678494623655914
0.678494623655914
0.0
0.9473118279569892
0.9473118279569892
0.678494623655914
0.678494623655914
0.0
0.8096774193548387
0.6720430107526881
1.0
0.6720430107526881
0.0
0.9473118279569892
0.9473118279569892
0.9473118279569892
0.9473118279569892
0.0
0.9473118279569892
0.9473118279569892
0.9473118279569892
0.9473118279569892
0.0
0.9473118279569892
0.9473118279569892
0.9473118279569892
0.9473118279569892
0.0
0.9473118279569892
0.9473118279569892
0.9473118279569892
0.9473118279569892
0.0
0.9473118279569892
0.9473118279569892
0.9473118279569892
0.9473118279569892
0.0
0.9473118279569892
0.9473118279569892
0.9473118279569892
0.9473118279569892
0.0
0.9473118279569892
0.9473118279569892
0.9473118279569892
0.9473118279569892
0.0
0.9473118279569892
0.9473118279569892
0.9473118279569892
0.9473118279569892
0.0
0.9473118279569892
0.9473118279569892
0.9473118279569892
0.9473118279569892
0.0
0.9473118279569892
0.9473118279569892
0.9473118279569892
0.9473118279569892
0.0
0.9473118279569892
0.9473118279569892
0.9473118279569892
0.9473118279569892
0.0
0.0
0.5440860215053763
0.0
0.0
0.0
0.9473118279569892
0.9473118279569892
0.9473118279569892
0.9473118279569892
0.0
