0.9774193548387097
0.7086021505376344
0.7086021505376344
0.7086021505376344
0.7086021505376344
0.9774193548387097
0.7086021505376344
0.7086021505376344
0.7086021505376344
0.7086021505376344
0.7086021505376344
0.9774193548387097
0.7086021505376344
0.7086021505376344
0.7086021505376344
0.7086021505376344
0.7086021505376344
0.9774193548387097
0.8397849462365592
0.7559139784946236
0.7559139784946236
0.7559139784946236
0.7559139784946236
0.9774193548387097
0.8397849462365592
0.7559139784946236
0.7559139784946236
0.7559139784946236
0.7559139784946236
0.9774193548387097
0.7086021505376344
0.7086021505376344
0.7086021505376344
0.7086021505376344
0.7086021505376344
0.9774193548387097
0.7086021505376344
0.7086021505376344
0.7086021505376344
0.7086021505376344
0.7086021505376344
0.9774193548387097
0.7086021505376344
0.7086021505376344
0.7086021505376344
0.7086021505376344
0.7086021505376344
0.9774193548387097
0.7086021505376344
0.7086021505376344
0.7086021505376344
0.7086021505376344
0.7086021505376344
0.9774193548387097
0.7086021505376344
0.7086021505376344
0.7086021505376344
0.7086021505376344
0.7086021505376344
0.9774193548387097
0.7086021505376344
0.9774193548387097
0.7086021505376344
0.7086021505376344
0.7086021505376344
0.7086021505376344
0.7086021505376344
0.9774193548387097
0.7086021505376344
0.9774193548387097
0.7086021505376344
0.9774193548387097
0.7086021505376344
0.7086021505376344
0.7086021505376344
0.7086021505376344
0.7086021505376344
0.9774193548387097
0.7086021505376344
0.7086021505376344
0.7086021505376344
0.7086021505376344
0.7086021505376344
0.9774193548387097
0.7086021505376344
0.7086021505376344
0.7086021505376344
0.7086021505376344
0.7086021505376344
0.9774193548387097
0.7086021505376344
0.7086021505376344
0.7086021505376344
0.7086021505376344
0.7086021505376344
0.9774193548387097
0.8397849462365592
0.7559139784946236
0.7559139784946236
0.7559139784946236
0.7559139784946236
0.9774193548387097
0.8397849462365592
0.7559139784946236
0.7559139784946236
0.7559139784946236
0.7559139784946236
0.9774193548387097
0.8397849462365592
0.7559139784946236
0.7559139784946236
0.7559139784946236
0.7559139784946236
0.9774193548387097
0.8397849462365592
0.7559139784946236
0.7559139784946236
0.7559139784946236
0.7559139784946236
0.9774193548387097
0.8397849462365592
0.7559139784946236
0.7559139784946236
0.7559139784946236
0.9774193548387097
0.8397849462365592
0.7559139784946236
0.7559139784946236
0.7559139784946236
0.9774193548387097
0.8397849462365592
0.7559139784946236
0.7559139784946236
0.7559139784946236
0.9774193548387097
0.8397849462365592
0.7559139784946236
0.7559139784946236
0.7559139784946236
0.7559139784946236
0.9774193548387097
0.8397849462365592
0.7559139784946236
0.7559139784946236
0.7559139784946236
0.7559139784946236
0.9774193548387097
0.8397849462365592
0.7559139784946236
0.7559139784946236
0.7559139784946236
0.7559139784946236
0.9774193548387097
0.8397849462365592
0.7559139784946236
0.7559139784946236
0.7559139784946236
0.7559139784946236
0.9774193548387097
0.8397849462365592
0.7559139784946236
0.7559139784946236
0.7559139784946236
0.7559139784946236
0.9774193548387097
0.8397849462365592
0.7559139784946236
0.7559139784946236
0.7559139784946236
0.7559139784946236
0.9774193548387097
0.9774193548387097
0.5741935483870968
0.5741935483870968
0.5741935483870968
0.5741935483870968
0.9774193548387097
0.8397849462365592
0.43655913978494626
0.8666666666666667
0.5978494623655914
1.0
0.9774193548387097
0.8935483870967742
0.49032258064516127
1.0
1.0
0.9440860215053763
0.9774193548387097
0.8935483870967742
0.9774193548387097
0.8935483870967742
0.9774193548387097
0.9774193548387097
0.7086021505376344
0.3053763440860215
1.0
1.0
1.0
0.9774193548387097
0.7086021505376344
0.9774193548387097
0.7086021505376344
0.9774193548387097
0.7086021505376344
0.9774193548387097
0.7086021505376344
0.9774193548387097
0.7086021505376344
0.3053763440860215
1.0
1.0
1.0
0.9774193548387097
0.7086021505376344
0.3053763440860215
0.9774193548387097
0.7086021505376344
0.3053763440860215
0.0
0.7086021505376344
0.0
0.7086021505376344
0.3053763440860215
0.0
0.7086021505376344
0.0
0.7086021505376344
0.3053763440860215
1.0
0.0
0.7086021505376344
0.3053763440860215
1.0
0.0
0.7086021505376344
0.3053763440860215
0.0
0.7086021505376344
0.0
0.7086021505376344
0.0
0.7086021505376344
0.3053763440860215
0.0
0.7086021505376344
0.7086021505376344
0.0
0.7086021505376344
0.7086021505376344
0.0
0.7086021505376344
0.7086021505376344
0.7086021505376344
0.7086021505376344
0.7086021505376344
0.0
0.7086021505376344
0.0
0.7086021505376344
0.7086021505376344
0.7086021505376344
0.7086021505376344
0.7086021505376344
0.0
0.6720430107526881
0.6720430107526881
0.6720430107526881
0.6720430107526881
0.6720430107526881
0.0
0.6720430107526881
0.6720430107526881
0.6720430107526881
0.6720430107526881
0.6720430107526881
0.0
0.6720430107526881
0.6720430107526881
0.6720430107526881
0.6720430107526881
0.6720430107526881
0.0
0.6720430107526881
0.0
0.6720430107526881
0.0
0.6720430107526881
0.0
0.6720430107526881
0.6720430107526881
0.6720430107526881
0.6720430107526881
0.6720430107526881
0.0
0.6720430107526881
0.0
0.6720430107526881
0.0
0.6720430107526881
0.0
0.6720430107526881
0.0
0.0
0.6720430107526881
0.0
0.6720430107526881
0.0
0.6720430107526881
0.0
0.6720430107526881
0.0
0.6720430107526881
0.0
0.6720430107526881
0.0
0.6720430107526881
0.0
0.6720430107526881
0.0
0.6720430107526881
0.0
0.6720430107526881
1.0
0.8064516129032258
0.0
0.8064516129032258
0.0
0.6720430107526881
1.0
0.8064516129032258
0.0
0.8064516129032258
0.0
0.6720430107526881
1.0
0.8064516129032258
0.0
0.8064516129032258
0.0
0.6720430107526881
1.0
0.8064516129032258
0.0
0.8064516129032258
0.0
0.6720430107526881
1.0
0.8064516129032258
0.0
0.0
0.6720430107526881
1.0
0.8064516129032258
0.0
0.8064516129032258
0.0
0.6720430107526881
1.0
0.8064516129032258
0.0
0.8064516129032258
0.0
0.6720430107526881
1.0
0.8064516129032258
0.0
0.0
0.6720430107526881
1.0
0.8064516129032258
0.0
0.8064516129032258
0.0
0.6720430107526881
0.0
0.6720430107526881
1.0
0.8064516129032258
0.0
0.0
0.6720430107526881
1.0
0.8064516129032258
0.0
0.8064516129032258
0.0
0.6720430107526881
1.0
0.8602150537634409
0.43010752688172044
1.0
0.0
0.6720430107526881
1.0
0.8064516129032258
0.0
0.9247311827956989
0.0
0.6720430107526881
1.0
0.8064516129032258
0.0
1.0
0.0
0.6720430107526881
1.0
0.8064516129032258
0.0
1.0
0.0
0.6720430107526881
0.8064516129032258
0.5376344086021505
1.0
0.8064516129032258
0.0
0.6720430107526881
1.0
0.8602150537634409
0.43010752688172044
1.0
0.0
0.6720430107526881
1.0
0.7655913978494624
0.7655913978494624
0.5978494623655914
0.0
0.6720430107526881
1.0
0.8602150537634409
0.43010752688172044
1.0
0.0
0.6720430107526881
1.0
0.7655913978494624
0.5978494623655914
1.0
0.0
0.6720430107526881
1.0
0.8602150537634409
0.43010752688172044
1.0
0.0
0.6720430107526881
1.0
0.8602150537634409
0.43010752688172044
1.0
0.0
0.6720430107526881
1.0
0.8602150537634409
0.43010752688172044
1.0
0.0
0.6720430107526881
0.6720430107526881
0.6720430107526881
0.6720430107526881
0.6720430107526881
0.0
0.6720430107526881
0.6720430107526881
0.6720430107526881
0.6720430107526881
0.6720430107526881
0.0
0.6720430107526881
0.6720430107526881
0.6720430107526881
0.6720430107526881
0.6720430107526881
0.0
0.6720430107526881
0.6720430107526881
0.6720430107526881
0.6720430107526881
0.6720430107526881
0.0
0.6720430107526881
0.6720430107526881
0.6720430107526881
0.6720430107526881
0.6720430107526881
0.0
0.6720430107526881
0.6720430107526881
0.6720430107526881
0.6720430107526881
0.6720430107526881
0.0
0.6720430107526881
0.6720430107526881
0.6720430107526881
0.6720430107526881
0.6720430107526881
0.0
0.6720430107526881
0.6720430107526881
0.6720430107526881
0.6720430107526881
0.6720430107526881
0.0
0.6720430107526881
0.6720430107526881
0.6720430107526881
0.6720430107526881
0.6720430107526881
0.0
0.6720430107526881
0.6720430107526881
0.6720430107526881
0.6720430107526881
0.6720430107526881
0.0
0.6720430107526881
0.6720430107526881
0.6720430107526881
0.6720430107526881
0.6720430107526881
0.0
0.6720430107526881
0.6720430107526881
0.6720430107526881
0.6720430107526881
0.6720430107526881
0.0
0.6720430107526881
0.6720430107526881
0.6720430107526881
0.6720430107526881
0.6720430107526881
0.0
0.6720430107526881
0.6720430107526881
0.6720430107526881
0.6720430107526881
0.6720430107526881
0.0
0.6720430107526881
0.6720430107526881
0.6720430107526881
0.6720430107526881
0.0
0.43010752688172044
0.0
0.6720430107526881
0.6720430107526881
0.6720430107526881
0.6720430107526881
0.0
0.6720430107526881
0.6720430107526881
0.6720430107526881
0.6720430107526881
0.0
0.8397849462365592
0.7559139784946236
0.6720430107526881
0.6720430107526881
0.0
0.9774193548387097
0.9774193548387097
0.9774193548387097
0.9774193548387097
0.0
0.9774193548387097
0.9774193548387097
0.9774193548387097
0.9774193548387097
0.0
0.9774193548387097
0.9774193548387097
0.9774193548387097
0.9774193548387097
0.0
0.9774193548387097
0.9774193548387097
0.9774193548387097
0.9774193548387097
0.0
0.9774193548387097
0.9774193548387097
0.9774193548387097
0.9774193548387097
0.0
0.9774193548387097
0.9774193548387097
0.9774193548387097
0.9774193548387097
0.0
0.9774193548387097
0.9774193548387097
0.9774193548387097
0.9774193548387097
0.0
0.9774193548387097
0.9774193548387097
0.9774193548387097
0.9774193548387097
0.0
0.9774193548387097
0.9774193548387097
0.9774193548387097
0.9774193548387097
0.0
0.9774193548387097
0.9774193548387097
0.9774193548387097
0.9774193548387097
0.0
0.9774193548387097
0.9774193548387097
0.9774193548387097
0.9774193548387097
0.0
0.0
0.5741935483870968
0.0
0.0
0.0
0.9774193548387097
0.9774193548387097
0.9774193548387097
0.9774193548387097
0.0
0.5741935483870968
