0.9494623655913978
0.7344086021505376
0.7344086021505376
0.7344086021505376
0.7344086021505376
0.9494623655913978
0.7344086021505376
0.7344086021505376
0.7344086021505376
0.7344086021505376
0.7344086021505376
0.9494623655913978
0.7344086021505376
0.7344086021505376
0.7344086021505376
0.7344086021505376
0.7344086021505376
0.9494623655913978
0.7344086021505376
0.7344086021505376
0.7344086021505376
0.7344086021505376
0.7344086021505376
0.9494623655913978
0.7021505376344086
0.7021505376344086
0.7021505376344086
0.7021505376344086
0.7021505376344086
0.9494623655913978
0.7344086021505376
0.7344086021505376
0.7344086021505376
0.7344086021505376
0.7344086021505376
0.9494623655913978
0.7344086021505376
0.7344086021505376
0.7344086021505376
0.7344086021505376
0.7344086021505376
0.9494623655913978
0.7344086021505376
0.7344086021505376
0.7344086021505376
0.7344086021505376
0.7344086021505376
0.9494623655913978
0.7344086021505376
0.7344086021505376
0.7344086021505376
0.7344086021505376
0.7344086021505376
0.9494623655913978
0.8655913978494624
0.8655913978494624
0.8655913978494624
0.8655913978494624
0.8655913978494624
0.9494623655913978
0.7344086021505376
0.9494623655913978
0.7344086021505376
0.7344086021505376
0.7344086021505376
0.7344086021505376
0.7344086021505376
0.9494623655913978
0.7344086021505376
0.9494623655913978
0.7344086021505376
0.9494623655913978
0.7344086021505376
0.7344086021505376
0.7344086021505376
0.7344086021505376
0.7344086021505376
0.9494623655913978
0.7344086021505376
0.7344086021505376
0.7344086021505376
0.7344086021505376
0.7344086021505376
0.9494623655913978
0.7344086021505376
0.7344086021505376
0.7344086021505376
0.7344086021505376
0.7344086021505376
0.9494623655913978
0.7344086021505376
0.7344086021505376
0.7344086021505376
0.7344086021505376
0.7344086021505376
0.9494623655913978
0.7021505376344086
0.7021505376344086
0.7021505376344086
0.7021505376344086
0.7021505376344086
0.9494623655913978
0.7021505376344086
0.7021505376344086
0.7021505376344086
0.7021505376344086
0.7021505376344086
0.9494623655913978
0.7021505376344086
0.7021505376344086
0.7021505376344086
0.7021505376344086
0.7021505376344086
0.9494623655913978
0.7021505376344086
0.7021505376344086
0.7021505376344086
0.7021505376344086
0.7021505376344086
0.9494623655913978
0.7021505376344086
0.7021505376344086
0.7021505376344086
0.7021505376344086
0.9494623655913978
0.7021505376344086
0.7021505376344086
0.7021505376344086
0.7021505376344086
0.9494623655913978
0.7021505376344086
0.7021505376344086
0.7021505376344086
0.7021505376344086
0.9494623655913978
0.7021505376344086
0.7021505376344086
0.7021505376344086
0.7021505376344086
0.7021505376344086
0.9494623655913978
0.8655913978494624
0.8655913978494624
0.8655913978494624
0.8655913978494624
0.8655913978494624
0.9494623655913978
0.8655913978494624
0.8655913978494624
0.8655913978494624
0.8655913978494624
0.8655913978494624
0.9494623655913978
0.8655913978494624
0.8655913978494624
0.8655913978494624
0.8655913978494624
0.8655913978494624
0.9494623655913978
0.8655913978494624
0.8655913978494624
0.8655913978494624
0.8655913978494624
0.8655913978494624
0.9494623655913978
0.7021505376344086
0.7021505376344086
0.7021505376344086
0.7021505376344086
0.7021505376344086
0.9494623655913978
0.9494623655913978
0.9494623655913978
0.9494623655913978
0.9494623655913978
0.9494623655913978
0.9494623655913978
0.7021505376344086
0.4870967741935484
0.4870967741935484
0.4870967741935484
0.4870967741935484
0.9494623655913978
0.9494623655913978
0.7344086021505376
0.7344086021505376
0.7344086021505376
0.7344086021505376
0.9494623655913978
0.9494623655913978
0.9494623655913978
0.9494623655913978
0.9494623655913978
0.9494623655913978
0.9494623655913978
0.546236559139785
0.8688172043010752
0.7849462365591398
0.24731182795698925
1.0
0.9494623655913978
0.546236559139785
0.9494623655913978
0.546236559139785
0.9494623655913978
0.546236559139785
0.9494623655913978
0.546236559139785
0.9494623655913978
0.546236559139785
0.8688172043010752
0.7849462365591398
0.24731182795698925
1.0
0.9494623655913978
0.546236559139785
0.8688172043010752
0.9494623655913978
0.546236559139785
0.8688172043010752
0.0
0.546236559139785
0.0
0.546236559139785
0.8688172043010752
0.0
0.546236559139785
0.0
0.546236559139785
0.8688172043010752
0.7849462365591398
0.0
0.546236559139785
0.8688172043010752
0.7849462365591398
0.0
0.546236559139785
0.8688172043010752
0.0
0.546236559139785
0.0
0.546236559139785
0.0
0.546236559139785
0.8688172043010752
0.0
0.546236559139785
0.546236559139785
0.0
0.546236559139785
0.546236559139785
0.0
0.546236559139785
0.546236559139785
0.546236559139785
0.546236559139785
0.546236559139785
0.0
0.546236559139785
0.0
0.546236559139785
0.546236559139785
0.546236559139785
0.546236559139785
0.546236559139785
0.0
0.546236559139785
0.546236559139785
0.546236559139785
0.546236559139785
0.546236559139785
0.0
0.546236559139785
0.546236559139785
0.546236559139785
0.546236559139785
0.546236559139785
0.0
0.546236559139785
0.546236559139785
0.546236559139785
0.546236559139785
0.546236559139785
0.0
0.546236559139785
0.0
0.546236559139785
0.0
0.546236559139785
0.0
0.546236559139785
0.546236559139785
0.546236559139785
0.546236559139785
0.546236559139785
0.0
0.546236559139785
0.0
0.546236559139785
0.0
0.546236559139785
0.0
0.546236559139785
0.0
0.0
0.546236559139785
0.0
0.546236559139785
0.0
0.546236559139785
0.0
0.546236559139785
0.0
0.546236559139785
0.0
0.546236559139785
0.0
0.546236559139785
0.0
0.546236559139785
0.0
0.546236559139785
0.0
0.546236559139785
0.7612903225806451
0.6774193548387096
1.0
0.6774193548387096
0.0
0.546236559139785
0.7612903225806451
0.6774193548387096
1.0
0.6774193548387096
0.0
0.546236559139785
0.7612903225806451
0.6774193548387096
1.0
0.6774193548387096
0.0
0.546236559139785
0.7612903225806451
0.6774193548387096
1.0
0.6774193548387096
0.0
0.546236559139785
0.7612903225806451
0.6774193548387096
1.0
0.0
0.546236559139785
0.7612903225806451
0.6774193548387096
1.0
0.6774193548387096
0.0
0.546236559139785
0.7612903225806451
0.6774193548387096
1.0
0.6774193548387096
0.0
0.546236559139785
0.7612903225806451
0.6774193548387096
1.0
0.0
0.546236559139785
0.7612903225806451
0.6774193548387096
1.0
0.6774193548387096
0.0
0.546236559139785
0.0
0.546236559139785
0.7612903225806451
0.6774193548387096
1.0
0.0
0.546236559139785
0.7612903225806451
0.6774193548387096
1.0
0.6774193548387096
0.0
0.546236559139785
0.7612903225806451
0.6774193548387096
1.0
0.6774193548387096
0.0
0.6182795698924731
0.8333333333333334
0.43010752688172044
1.0
0.8602150537634409
0.0
0.6182795698924731
0.8333333333333334
0.43010752688172044
1.0
0.8602150537634409
0.0
0.6182795698924731
0.8333333333333334
0.43010752688172044
1.0
0.8602150537634409
0.0
0.6182795698924731
0.8333333333333334
0.8333333333333334
0.8333333333333334
0.8333333333333334
0.0
0.6182795698924731
0.8462365591397849
0.5709677419354838
0.9064516129032258
0.7387096774193549
0.0
0.6182795698924731
0.8462365591397849
0.5709677419354838
0.9064516129032258
0.7387096774193549
0.0
0.6182795698924731
0.9064516129032258
0.7387096774193549
0.5709677419354838
0.9064516129032258
0.0
0.6182795698924731
0.8462365591397849
0.5709677419354838
0.9064516129032258
0.7387096774193549
0.0
0.6182795698924731
0.8462365591397849
0.5709677419354838
0.7387096774193549
0.7387096774193549
0.0
0.6182795698924731
0.8462365591397849
0.5709677419354838
0.7387096774193549
0.7387096774193549
0.0
0.6182795698924731
0.8462365591397849
0.5709677419354838
0.7387096774193549
0.7387096774193549
0.0
0.6182795698924731
0.8462365591397849
0.5709677419354838
0.5709677419354838
0.9064516129032258
0.0
0.6182795698924731
0.6182795698924731
0.6182795698924731
0.6182795698924731
0.6182795698924731
0.0
0.6182795698924731
0.6182795698924731
0.6182795698924731
0.6182795698924731
0.6182795698924731
0.0
0.6182795698924731
0.6182795698924731
0.6182795698924731
0.6182795698924731
0.6182795698924731
0.0
0.6182795698924731
0.6182795698924731
0.6182795698924731
0.6182795698924731
0.6182795698924731
0.0
0.6182795698924731
0.6182795698924731
0.6182795698924731
0.6182795698924731
0.6182795698924731
0.0
0.6182795698924731
0.6182795698924731
0.6182795698924731
0.6182795698924731
0.6182795698924731
0.0
0.6182795698924731
0.6182795698924731
0.6182795698924731
0.6182795698924731
0.6182795698924731
0.0
0.6182795698924731
0.6182795698924731
0.6182795698924731
0.6182795698924731
0.6182795698924731
0.0
0.6182795698924731
0.6182795698924731
0.6182795698924731
0.6182795698924731
0.6182795698924731
0.0
0.6182795698924731
0.6182795698924731
0.6182795698924731
0.6182795698924731
0.6182795698924731
0.0
0.6182795698924731
0.6182795698924731
0.6182795698924731
0.6182795698924731
0.6182795698924731
0.0
0.6182795698924731
0.6182795698924731
0.6182795698924731
0.6182795698924731
0.6182795698924731
0.0
0.6182795698924731
0.6182795698924731
0.6182795698924731
0.6182795698924731
0.6182795698924731
0.0
0.6182795698924731
0.6182795698924731
0.6182795698924731
0.6182795698924731
0.0
0.16774193548387098
0.0
0.6182795698924731
0.6182795698924731
0.6182795698924731
0.6182795698924731
0.0
0.6182795698924731
0.6182795698924731
0.6182795698924731
0.6182795698924731
0.0
0.8655913978494624
0.6182795698924731
1.0
1.0
0.0
0.9494623655913978
0.9494623655913978
0.9494623655913978
0.9494623655913978
0.0
0.9494623655913978
0.9494623655913978
0.9494623655913978
0.9494623655913978
0.0
0.9494623655913978
0.9494623655913978
0.9494623655913978
0.9494623655913978
0.0
0.9494623655913978
0.9494623655913978
0.9494623655913978
0.9494623655913978
0.0
0.9494623655913978
0.9494623655913978
0.9494623655913978
0.9494623655913978
0.0
0.9494623655913978
0.9494623655913978
0.9494623655913978
0.9494623655913978
0.0
0.9494623655913978
0.9494623655913978
0.9494623655913978
0.9494623655913978
0.0
0.9494623655913978
0.9494623655913978
0.9494623655913978
0.9494623655913978
0.0
0.9494623655913978
0.9494623655913978
0.9494623655913978
0.9494623655913978
0.0
0.9494623655913978
0.9494623655913978
0.9494623655913978
0.9494623655913978
0.0
0.9494623655913978
0.9494623655913978
0.9494623655913978
0.9494623655913978
0.0
0.0
0.546236559139785
0.0
0.4032258064516129
0.0
0.9494623655913978
0.9494623655913978
0.9494623655913978
0.9494623655913978
0.0
0.546236559139785
