0.9193548387096774
0.9193548387096774
0.9193548387096774
0.9193548387096774
0.9193548387096774
0.9193548387096774
0.9193548387096774
0.9193548387096774
0.9193548387096774
0.9193548387096774
0.9193548387096774
0.9193548387096774
0.9193548387096774
0.9193548387096774
0.9193548387096774
0.9193548387096774
0.9193548387096774
0.9193548387096774
0.9193548387096774
0.9193548387096774
0.9193548387096774
0.9193548387096774
0.9193548387096774
0.9193548387096774
0.9193548387096774
0.9193548387096774
0.9193548387096774
0.9193548387096774
0.9193548387096774
0.9193548387096774
0.9193548387096774
0.9193548387096774
0.9193548387096774
0.9193548387096774
0.9193548387096774
0.9193548387096774
0.9193548387096774
0.9193548387096774
0.9193548387096774
0.9193548387096774
0.9193548387096774
0.9193548387096774
0.9193548387096774
0.9193548387096774
0.9193548387096774
0.9193548387096774
0.9193548387096774
0.9193548387096774
0.9193548387096774
0.9193548387096774
0.9193548387096774
0.9193548387096774
0.9193548387096774
0.9193548387096774
0.9193548387096774
0.9193548387096774
0.9193548387096774
0.9193548387096774
0.9193548387096774
0.9193548387096774
0.9193548387096774
0.9193548387096774
0.9193548387096774
0.9193548387096774
0.9193548387096774
0.9193548387096774
0.9193548387096774
0.9193548387096774
0.9193548387096774
0.9193548387096774
0.9193548387096774
0.9193548387096774
0.9193548387096774
0.9193548387096774
0.9193548387096774
0.9193548387096774
0.9193548387096774
0.9193548387096774
0.9193548387096774
0.9193548387096774
0.9193548387096774
0.9193548387096774
0.9193548387096774
0.9193548387096774
0.9193548387096774
0.9193548387096774
0.9193548387096774
0.9193548387096774
0.9193548387096774
0.9193548387096774
0.9193548387096774
0.9193548387096774
0.9193548387096774
0.9193548387096774
0.9193548387096774
0.9193548387096774
0.9193548387096774
0.9193548387096774
0.9193548387096774
0.9193548387096774
0.9193548387096774
0.9193548387096774
0.9193548387096774
0.9193548387096774
0.9193548387096774
0.9193548387096774
0.9193548387096774
0.9193548387096774
0.9193548387096774
0.9193548387096774
0.9193548387096774
0.9193548387096774
0.9193548387096774
0.9193548387096774
0.9193548387096774
0.9193548387096774
0.9193548387096774
0.9193548387096774
0.9193548387096774
0.9193548387096774
0.9193548387096774
0.9193548387096774
0.9193548387096774
0.9193548387096774
0.9193548387096774
0.9193548387096774
0.9193548387096774
0.9193548387096774
0.9193548387096774
0.9193548387096774
0.9193548387096774
0.9193548387096774
0.9193548387096774
0.9193548387096774
0.9193548387096774
0.9193548387096774
0.9193548387096774
0.9193548387096774
0.9193548387096774
0.9193548387096774
0.9193548387096774
0.9193548387096774
0.9193548387096774
0.9193548387096774
0.9193548387096774
0.9193548387096774
0.9193548387096774
0.9193548387096774
0.9193548387096774
0.9193548387096774
0.9193548387096774
0.9193548387096774
0.9193548387096774
0.9193548387096774
0.9193548387096774
0.9193548387096774
0.9193548387096774
0.9193548387096774
0.9193548387096774
0.9193548387096774
0.9193548387096774
0.9193548387096774
0.9193548387096774
0.9193548387096774
0.9193548387096774
0.9193548387096774
0.9193548387096774
0.9193548387096774
0.9193548387096774
0.9193548387096774
0.9193548387096774
0.9193548387096774
0.6505376344086021
0.6505376344086021
0.6505376344086021
0.6505376344086021
0.9193548387096774
0.9193548387096774
0.6505376344086021
0.6505376344086021
0.6505376344086021
0.6505376344086021
0.9193548387096774
0.9193548387096774
0.6505376344086021
0.6505376344086021
0.6505376344086021
0.6505376344086021
0.9193548387096774
0.9193548387096774
0.9193548387096774
0.9193548387096774
0.9193548387096774
0.6720430107526881
0.8333333333333334
0.43010752688172044
1.0
0.5376344086021505
0.9193548387096774
0.6720430107526881
0.9193548387096774
0.9193548387096774
0.6720430107526881
0.9193548387096774
0.6720430107526881
0.9193548387096774
0.6720430107526881
0.8333333333333334
0.43010752688172044
1.0
0.5376344086021505
0.9193548387096774
0.6720430107526881
0.8333333333333334
0.9193548387096774
0.6720430107526881
0.8333333333333334
0.0
0.6720430107526881
0.0
0.6720430107526881
0.8333333333333334
0.0
0.6720430107526881
0.0
0.6720430107526881
0.8333333333333334
0.43010752688172044
0.0
0.6720430107526881
0.8333333333333334
0.43010752688172044
0.0
0.6720430107526881
0.8333333333333334
0.0
0.6720430107526881
0.0
0.6720430107526881
0.0
0.6720430107526881
0.8333333333333334
0.0
0.6720430107526881
0.6720430107526881
0.0
0.6720430107526881
0.6720430107526881
0.0
0.6720430107526881
0.6720430107526881
0.6720430107526881
0.6720430107526881
0.6720430107526881
0.0
0.0
0.6720430107526881
0.6720430107526881
0.6720430107526881
0.6720430107526881
0.6720430107526881
0.0
0.9193548387096774
0.9193548387096774
0.9193548387096774
0.9193548387096774
0.9193548387096774
0.0
0.9193548387096774
0.9193548387096774
0.9193548387096774
0.9193548387096774
0.9193548387096774
0.0
0.9193548387096774
0.9193548387096774
0.9193548387096774
0.9193548387096774
0.9193548387096774
0.0
0.9193548387096774
0.0
0.0
0.0
0.9193548387096774
0.9193548387096774
0.9193548387096774
0.9193548387096774
0.9193548387096774
0.0
0.9193548387096774
0.0
0.0
0.0
0.0
0.0
0.0
0.0
0.0
0.0
0.9193548387096774
0.0
0.0
0.6720430107526881
0.0
0.6720430107526881
0.0
0.6720430107526881
0.0
0.6720430107526881
0.8333333333333334
0.43010752688172044
1.0
0.43010752688172044
0.0
0.6720430107526881
0.8333333333333334
0.43010752688172044
1.0
0.43010752688172044
0.0
0.6720430107526881
0.8333333333333334
0.43010752688172044
1.0
0.43010752688172044
0.0
0.6720430107526881
0.8333333333333334
0.43010752688172044
1.0
0.43010752688172044
0.0
0.6720430107526881
0.8333333333333334
0.43010752688172044
1.0
0.0
0.6720430107526881
0.8333333333333334
0.43010752688172044
1.0
0.43010752688172044
0.0
0.6720430107526881
0.8333333333333334
0.43010752688172044
1.0
0.43010752688172044
0.0
0.6720430107526881
0.8333333333333334
0.43010752688172044
1.0
0.0
0.6720430107526881
0.8333333333333334
0.43010752688172044
1.0
0.43010752688172044
0.0
0.6720430107526881
0.0
0.6720430107526881
0.8333333333333334
0.43010752688172044
1.0
0.0
0.6720430107526881
0.8333333333333334
0.43010752688172044
1.0
0.43010752688172044
0.0
0.6505376344086021
1.0
0.24731182795698925
1.0
0.24731182795698925
0.0
0.6505376344086021
1.0
0.6774193548387096
1.0
0.8602150537634409
0.0
0.9193548387096774
0.6505376344086021
0.6505376344086021
0.6505376344086021
0.6505376344086021
0.0
0.9193548387096774
0.6505376344086021
0.6505376344086021
0.6505376344086021
0.6505376344086021
0.0
0.9193548387096774
0.6505376344086021
0.6505376344086021
0.6505376344086021
0.6505376344086021
0.0
0.9193548387096774
0.6505376344086021
0.6505376344086021
0.6505376344086021
0.6505376344086021
0.0
0.9193548387096774
0.6505376344086021
0.6505376344086021
0.6505376344086021
0.6505376344086021
0.0
0.9193548387096774
0.6505376344086021
0.6505376344086021
0.6505376344086021
0.6505376344086021
0.0
0.9193548387096774
0.6505376344086021
0.6505376344086021
0.6505376344086021
0.6505376344086021
0.0
0.9193548387096774
0.6505376344086021
0.6505376344086021
0.6505376344086021
0.6505376344086021
0.0
0.9193548387096774
0.6505376344086021
0.6505376344086021
0.6505376344086021
0.6505376344086021
0.0
0.9193548387096774
0.6505376344086021
0.6505376344086021
0.6505376344086021
0.6505376344086021
0.0
0.9193548387096774
0.6505376344086021
0.6505376344086021
0.6505376344086021
0.6505376344086021
0.0
0.9193548387096774
0.6505376344086021
0.6505376344086021
0.6505376344086021
0.6505376344086021
0.0
0.9193548387096774
0.6505376344086021
0.6505376344086021
0.6505376344086021
0.6505376344086021
0.0
0.9193548387096774
0.9193548387096774
0.9193548387096774
0.9193548387096774
0.6505376344086021
0.0
0.9193548387096774
0.9193548387096774
0.9193548387096774
0.9193548387096774
0.6505376344086021
0.0
0.9193548387096774
0.9193548387096774
0.9193548387096774
0.9193548387096774
0.6505376344086021
0.0
0.9193548387096774
0.9193548387096774
0.9193548387096774
0.9193548387096774
0.6505376344086021
0.0
0.9193548387096774
0.9193548387096774
0.9193548387096774
0.9193548387096774
0.6505376344086021
0.0
0.9193548387096774
0.9193548387096774
0.9193548387096774
0.9193548387096774
0.9193548387096774
0.0
0.9193548387096774
0.9193548387096774
0.9193548387096774
0.9193548387096774
0.6505376344086021
0.0
0.9193548387096774
0.9193548387096774
0.9193548387096774
0.9193548387096774
0.6505376344086021
0.0
0.9193548387096774
0.9193548387096774
0.9193548387096774
0.9193548387096774
0.6505376344086021
0.0
0.9193548387096774
0.9193548387096774
0.9193548387096774
0.9193548387096774
0.6505376344086021
0.0
0.9193548387096774
0.9193548387096774
0.9193548387096774
0.9193548387096774
0.6505376344086021
0.0
0.9193548387096774
0.9193548387096774
0.6505376344086021
0.6505376344086021
0.0
0.0
0.0
0.9193548387096774
0.9193548387096774
0.6505376344086021
0.6505376344086021
0.0
0.9193548387096774
0.9193548387096774
0.9193548387096774
0.6505376344086021
0.0
0.6720430107526881
1.0
1.0
0.8397849462365592
0.0
0.9193548387096774
0.9193548387096774
0.9193548387096774
0.9193548387096774
0.0
0.9193548387096774
0.9193548387096774
0.9193548387096774
0.9193548387096774
0.0
0.9193548387096774
0.9193548387096774
0.9193548387096774
0.9193548387096774
0.0
0.9193548387096774
0.9193548387096774
0.9193548387096774
0.9193548387096774
0.0
0.9193548387096774
0.9193548387096774
0.9193548387096774
0.9193548387096774
0.0
0.9193548387096774
0.9193548387096774
0.9193548387096774
0.9193548387096774
0.0
0.9193548387096774
0.9193548387096774
0.9193548387096774
0.9193548387096774
0.0
0.9193548387096774
0.9193548387096774
0.9193548387096774
0.9193548387096774
0.0
0.9193548387096774
0.9193548387096774
0.9193548387096774
0.9193548387096774
0.0
0.9193548387096774
0.9193548387096774
0.9193548387096774
0.9193548387096774
0.0
0.9193548387096774
0.9193548387096774
0.9193548387096774
0.9193548387096774
0.0
0.0
0.5161290322580645
0.0
0.0
0.0
0.9193548387096774
0.9193548387096774
0.9193548387096774
0.9193548387096774
0.0
0.5161290322580645
