0.9526881720430107
0.7376344086021506
0.7376344086021506
0.7376344086021506
0.7376344086021506
0.9526881720430107
0.7376344086021506
0.7376344086021506
0.7376344086021506
0.7376344086021506
0.7376344086021506
0.9526881720430107
0.7053763440860215
0.7053763440860215
0.7053763440860215
0.7053763440860215
0.7053763440860215
0.9526881720430107
0.7053763440860215
0.7053763440860215
0.7053763440860215
0.7053763440860215
0.7053763440860215
0.9526881720430107
0.7053763440860215
0.7053763440860215
0.7053763440860215
0.7053763440860215
0.7053763440860215
0.9526881720430107
0.7376344086021506
0.7376344086021506
0.7376344086021506
0.7376344086021506
0.7376344086021506
0.9526881720430107
0.7376344086021506
0.7376344086021506
0.7376344086021506
0.7376344086021506
0.7376344086021506
0.9526881720430107
0.7376344086021506
0.7376344086021506
0.7376344086021506
0.7376344086021506
0.7376344086021506
0.9526881720430107
0.7376344086021506
0.7376344086021506
0.7376344086021506
0.7376344086021506
0.7376344086021506
0.9526881720430107
0.8688172043010752
0.8688172043010752
0.8688172043010752
0.8688172043010752
0.8688172043010752
0.9526881720430107
0.9526881720430107
0.7376344086021506
0.7376344086021506
0.7376344086021506
0.7376344086021506
0.7376344086021506
0.9526881720430107
0.9526881720430107
0.9526881720430107
0.7376344086021506
0.7376344086021506
0.7376344086021506
0.7376344086021506
0.9526881720430107
0.7376344086021506
0.7376344086021506
0.7376344086021506
0.7376344086021506
0.7376344086021506
0.9526881720430107
0.7376344086021506
0.7376344086021506
0.7376344086021506
0.7376344086021506
0.7376344086021506
0.9526881720430107
0.7376344086021506
0.7376344086021506
0.7376344086021506
0.7376344086021506
0.7376344086021506
0.9526881720430107
0.7053763440860215
0.7053763440860215
0.7053763440860215
0.7053763440860215
0.7053763440860215
0.9526881720430107
0.7053763440860215
0.7053763440860215
0.7053763440860215
0.7053763440860215
0.7053763440860215
0.9526881720430107
0.7053763440860215
0.7053763440860215
0.7053763440860215
0.7053763440860215
0.7053763440860215
0.9526881720430107
0.7053763440860215
0.7053763440860215
0.7053763440860215
0.7053763440860215
0.7053763440860215
0.9526881720430107
0.7053763440860215
0.7053763440860215
0.7053763440860215
0.7053763440860215
0.9526881720430107
0.7053763440860215
0.7053763440860215
0.7053763440860215
0.7053763440860215
0.9526881720430107
0.7053763440860215
0.7053763440860215
0.7053763440860215
0.7053763440860215
0.9526881720430107
0.7053763440860215
0.7053763440860215
0.7053763440860215
0.7053763440860215
0.7053763440860215
0.9526881720430107
0.8688172043010752
0.8688172043010752
0.8688172043010752
0.8688172043010752
0.8688172043010752
0.9526881720430107
0.8688172043010752
0.8688172043010752
0.8688172043010752
0.8688172043010752
0.8688172043010752
0.9526881720430107
0.8688172043010752
0.8688172043010752
0.8688172043010752
0.8688172043010752
0.8688172043010752
0.9526881720430107
0.8688172043010752
0.8688172043010752
0.8688172043010752
0.8688172043010752
0.8688172043010752
0.9526881720430107
0.7053763440860215
0.7053763440860215
0.7053763440860215
0.7053763440860215
0.7053763440860215
0.9526881720430107
0.9526881720430107
0.6838709677419355
0.46881720430107526
0.46881720430107526
0.8989247311827957
0.9526881720430107
0.7053763440860215
0.49032258064516127
0.7655913978494624
0.4967741935483871
1.0
0.9526881720430107
0.7053763440860215
0.49032258064516127
1.0
1.0
0.9440860215053763
0.9526881720430107
0.9526881720430107
0.9526881720430107
0.9526881720430107
0.7376344086021506
0.49032258064516127
1.0
0.49032258064516127
1.0
0.9526881720430107
0.9526881720430107
0.9526881720430107
0.9526881720430107
0.9526881720430107
0.7376344086021506
0.49032258064516127
1.0
0.49032258064516127
1.0
0.9526881720430107
0.7376344086021506
0.9526881720430107
0.7376344086021506
0.0
0.0
0.7376344086021506
0.0
0.0
0.7376344086021506
0.49032258064516127
0.0
0.7376344086021506
0.49032258064516127
0.0
0.7376344086021506
0.0
0.0
0.0
0.7376344086021506
0.49032258064516127
0.0
0.9526881720430107
0.9526881720430107
0.0
0.9526881720430107
0.9526881720430107
0.0
0.9526881720430107
0.9526881720430107
0.9526881720430107
0.9526881720430107
0.9526881720430107
0.0
0.0
0.9526881720430107
0.9526881720430107
0.9526881720430107
0.9526881720430107
0.9526881720430107
0.0
0.9526881720430107
0.9526881720430107
0.9526881720430107
0.9526881720430107
0.9526881720430107
0.0
0.9526881720430107
0.9526881720430107
0.9526881720430107
0.9526881720430107
0.9526881720430107
0.0
0.9526881720430107
0.9526881720430107
0.9526881720430107
0.9526881720430107
0.9526881720430107
0.0
0.0
0.0
0.0
0.9526881720430107
0.9526881720430107
0.9526881720430107
0.9526881720430107
0.9526881720430107
0.0
0.0
0.0
0.0
0.0
0.0
0.0
0.0
0.0
0.0
0.0
0.0
0.0
0.0
0.0
0.4838709677419355
0.6989247311827957
1.0
0.6989247311827957
1.0
0.0
0.4838709677419355
0.6989247311827957
1.0
0.6989247311827957
1.0
0.0
0.4838709677419355
0.6989247311827957
1.0
0.6989247311827957
1.0
0.0
0.4838709677419355
0.6989247311827957
1.0
0.6989247311827957
1.0
0.0
0.4838709677419355
0.6989247311827957
1.0
0.0
0.4838709677419355
0.6989247311827957
1.0
0.6989247311827957
1.0
0.0
0.4838709677419355
0.6989247311827957
1.0
0.6989247311827957
0.0
0.4838709677419355
0.6989247311827957
1.0
0.0
0.4838709677419355
0.6989247311827957
1.0
0.6989247311827957
1.0
0.0
0.0
0.4838709677419355
0.6989247311827957
1.0
0.0
0.4838709677419355
0.6989247311827957
1.0
0.6989247311827957
1.0
0.0
0.4838709677419355
0.6989247311827957
1.0
0.6989247311827957
1.0
0.0
0.4838709677419355
0.6989247311827957
1.0
0.6989247311827957
1.0
0.0
0.4838709677419355
0.6989247311827957
1.0
0.6989247311827957
1.0
0.0
0.4838709677419355
0.6989247311827957
1.0
0.6043010752688172
1.0
0.0
0.4838709677419355
0.6989247311827957
0.9741935483870968
0.5440860215053763
1.0
0.0
0.4838709677419355
0.6989247311827957
1.0
0.6989247311827957
1.0
0.0
0.4838709677419355
0.6989247311827957
1.0
0.6989247311827957
1.0
0.0
0.4838709677419355
0.6989247311827957
1.0
0.6989247311827957
1.0
0.0
0.4838709677419355
0.6989247311827957
1.0
0.6989247311827957
1.0
0.0
0.4838709677419355
0.6989247311827957
1.0
0.6989247311827957
1.0
0.0
0.4838709677419355
0.6989247311827957
1.0
0.6989247311827957
1.0
0.0
0.4838709677419355
0.6989247311827957
1.0
0.6989247311827957
1.0
0.0
0.4838709677419355
0.5440860215053763
1.0
0.5440860215053763
1.0
0.0
0.4838709677419355
0.49032258064516127
0.946236559139785
0.7784946236559139
0.610752688172043
0.0
0.4838709677419355
0.5505376344086022
1.0
0.9935483870967742
0.8258064516129032
0.0
0.4838709677419355
0.5505376344086022
1.0
0.9935483870967742
0.8258064516129032
0.0
0.4838709677419355
0.8193548387096774
0.6516129032258065
0.8193548387096774
0.6516129032258065
0.0
0.4838709677419355
0.8193548387096774
0.6516129032258065
0.5505376344086022
1.0
0.0
0.4838709677419355
0.8193548387096774
0.6516129032258065
0.5505376344086022
1.0
0.0
0.4838709677419355
0.8193548387096774
0.6516129032258065
0.5505376344086022
1.0
0.0
0.4838709677419355
0.8193548387096774
0.6516129032258065
0.8193548387096774
0.6516129032258065
0.0
0.4838709677419355
0.8193548387096774
0.6516129032258065
0.5505376344086022
1.0
0.0
0.4838709677419355
0.8193548387096774
0.6516129032258065
0.5505376344086022
1.0
0.0
0.4838709677419355
0.8193548387096774
0.6516129032258065
0.5505376344086022
1.0
0.0
0.4838709677419355
0.8193548387096774
0.6516129032258065
0.5505376344086022
1.0
0.0
0.4838709677419355
0.8193548387096774
0.6516129032258065
0.5505376344086022
1.0
0.0
0.4838709677419355
0.8193548387096774
0.6516129032258065
0.8193548387096774
0.0
0.0
0.0
0.4838709677419355
0.8193548387096774
0.6516129032258065
0.8193548387096774
0.0
0.4838709677419355
0.8193548387096774
0.6516129032258065
0.8193548387096774
0.0
0.8150537634408602
0.7311827956989247
0.4838709677419355
1.0
0.0
0.9526881720430107
0.9526881720430107
0.9526881720430107
0.9526881720430107
0.0
0.9526881720430107
0.9526881720430107
0.9526881720430107
0.9526881720430107
0.0
0.9526881720430107
0.9526881720430107
0.9526881720430107
0.9526881720430107
0.0
0.9526881720430107
0.9526881720430107
0.9526881720430107
0.9526881720430107
0.0
0.9526881720430107
0.9526881720430107
0.9526881720430107
0.9526881720430107
0.0
0.9526881720430107
0.9526881720430107
0.9526881720430107
0.9526881720430107
0.0
0.9526881720430107
0.9526881720430107
0.9526881720430107
0.9526881720430107
0.0
0.9526881720430107
0.9526881720430107
0.9526881720430107
0.9526881720430107
0.0
0.9526881720430107
0.9526881720430107
0.9526881720430107
0.9526881720430107
0.0
0.9526881720430107
0.9526881720430107
0.9526881720430107
0.9526881720430107
0.0
0.9526881720430107
0.9526881720430107
0.9526881720430107
0.9526881720430107
0.0
0.0
0.6838709677419355
0.0
0.0
0.0
0.9526881720430107
0.9526881720430107
0.9526881720430107
0.9526881720430107
0.0
