0.9774193548387097
0.8397849462365592
0.7559139784946236
0.7559139784946236
0.7559139784946236
0.9774193548387097
0.8397849462365592
0.7559139784946236
0.7559139784946236
0.7559139784946236
0.7559139784946236
0.9774193548387097
0.8397849462365592
0.7559139784946236
0.7559139784946236
0.7559139784946236
0.7559139784946236
0.9774193548387097
0.8397849462365592
0.7559139784946236
0.7559139784946236
0.7559139784946236
0.7559139784946236
0.9774193548387097
0.8397849462365592
0.7559139784946236
0.7559139784946236
0.7559139784946236
0.7559139784946236
0.9774193548387097
0.8397849462365592
0.7559139784946236
0.7559139784946236
0.7559139784946236
0.7559139784946236
0.9774193548387097
0.8397849462365592
0.7559139784946236
0.7559139784946236
0.7559139784946236
0.7559139784946236
0.9774193548387097
0.8397849462365592
0.7559139784946236
0.7559139784946236
0.7559139784946236
0.7559139784946236
0.9774193548387097
0.8397849462365592
0.7559139784946236
0.7559139784946236
0.7559139784946236
0.7559139784946236
0.9774193548387097
0.8397849462365592
0.7559139784946236
0.7559139784946236
0.7559139784946236
0.7559139784946236
0.9774193548387097
0.8397849462365592
0.9774193548387097
0.8397849462365592
0.7559139784946236
0.7559139784946236
0.7559139784946236
0.7559139784946236
0.9774193548387097
0.8397849462365592
0.9774193548387097
0.8397849462365592
0.9774193548387097
0.8397849462365592
0.7559139784946236
0.7559139784946236
0.7559139784946236
0.7559139784946236
0.9774193548387097
0.8397849462365592
0.7559139784946236
0.7559139784946236
0.7559139784946236
0.7559139784946236
0.9774193548387097
0.8397849462365592
0.7559139784946236
0.7559139784946236
0.7559139784946236
0.7559139784946236
0.9774193548387097
0.8397849462365592
0.7559139784946236
0.7559139784946236
0.7559139784946236
0.7559139784946236
0.9774193548387097
0.8397849462365592
0.7559139784946236
0.7559139784946236
0.7559139784946236
0.7559139784946236
0.9774193548387097
0.8397849462365592
0.7559139784946236
0.7559139784946236
0.7559139784946236
0.7559139784946236
0.9774193548387097
0.8397849462365592
0.7559139784946236
0.7559139784946236
0.7559139784946236
0.7559139784946236
0.9774193548387097
0.8397849462365592
0.7559139784946236
0.7559139784946236
0.7559139784946236
0.7559139784946236
0.9774193548387097
0.8397849462365592
0.7559139784946236
0.7559139784946236
0.7559139784946236
0.9774193548387097
0.8397849462365592
0.7559139784946236
0.7559139784946236
0.7559139784946236
0.9774193548387097
0.8397849462365592
0.7559139784946236
0.7559139784946236
0.7559139784946236
0.9774193548387097
0.8397849462365592
0.7559139784946236
0.7559139784946236
0.7559139784946236
0.7559139784946236
0.9774193548387097
0.8397849462365592
0.7559139784946236
0.7559139784946236
0.7559139784946236
0.7559139784946236
0.9774193548387097
0.8397849462365592
0.7559139784946236
0.7559139784946236
0.7559139784946236
0.7559139784946236
0.9774193548387097
0.8397849462365592
0.7559139784946236
0.7559139784946236
0.7559139784946236
0.7559139784946236
0.9774193548387097
0.8397849462365592
0.7559139784946236
0.7559139784946236
0.7559139784946236
0.7559139784946236
0.9774193548387097
0.8397849462365592
0.7559139784946236
0.7559139784946236
0.7559139784946236
0.7559139784946236
0.9774193548387097
0.9774193548387097
0.9774193548387097
0.5741935483870968
0.5741935483870968
0.5741935483870968
0.9774193548387097
0.8397849462365592
0.7559139784946236
0.7559139784946236
0.5408602150537635
0.5408602150537635
0.9774193548387097
0.9774193548387097
0.9774193548387097
0.5741935483870968
0.5741935483870968
0.5741935483870968
0.9774193548387097
0.9774193548387097
0.9774193548387097
0.9774193548387097
0.9774193548387097
0.9774193548387097
0.9774193548387097
0.5741935483870968
0.5741935483870968
0.5741935483870968
0.5741935483870968
0.5741935483870968
0.9774193548387097
0.5741935483870968
0.9774193548387097
0.5741935483870968
0.9774193548387097
0.5741935483870968
0.9774193548387097
0.5741935483870968
0.9774193548387097
0.5741935483870968
0.5741935483870968
0.5741935483870968
0.5741935483870968
0.5741935483870968
0.9774193548387097
0.5741935483870968
0.5741935483870968
0.9774193548387097
0.5741935483870968
0.5741935483870968
0.0
0.5741935483870968
0.0
0.5741935483870968
0.5741935483870968
0.0
0.5741935483870968
0.0
0.5741935483870968
0.5741935483870968
0.5741935483870968
0.0
0.5741935483870968
0.5741935483870968
0.5741935483870968
0.0
0.5741935483870968
0.5741935483870968
0.0
0.5741935483870968
0.0
0.5741935483870968
0.0
0.5741935483870968
0.5741935483870968
0.0
0.5741935483870968
0.5741935483870968
0.0
0.5741935483870968
0.5741935483870968
0.0
0.5741935483870968
0.5741935483870968
0.5741935483870968
0.5741935483870968
0.5741935483870968
0.0
0.5741935483870968
0.0
0.5741935483870968
0.5741935483870968
0.5741935483870968
0.5741935483870968
0.5741935483870968
0.0
0.5741935483870968
0.5741935483870968
0.5741935483870968
0.5741935483870968
0.5741935483870968
0.0
0.5741935483870968
0.5741935483870968
0.5741935483870968
0.5741935483870968
0.5741935483870968
0.0
0.5741935483870968
0.5741935483870968
0.5741935483870968
0.5741935483870968
0.5741935483870968
0.0
0.5741935483870968
0.0
0.5741935483870968
0.0
0.5741935483870968
0.0
0.5741935483870968
0.5741935483870968
0.5741935483870968
0.5741935483870968
0.5741935483870968
0.0
0.5741935483870968
0.0
0.5741935483870968
0.0
0.5741935483870968
0.0
0.5741935483870968
0.0
0.5741935483870968
0.0
0.5741935483870968
0.0
0.5741935483870968
0.0
0.5741935483870968
0.0
0.5741935483870968
0.0
0.5741935483870968
0.0
0.5741935483870968
0.0
0.5741935483870968
0.0
0.5741935483870968
0.0
0.5741935483870968
0.0
0.5741935483870968
0.5741935483870968
0.5741935483870968
0.7419354838709677
0.6043010752688172
0.0
0.5741935483870968
0.5741935483870968
0.5741935483870968
0.7419354838709677
0.6043010752688172
0.0
0.5741935483870968
0.5741935483870968
0.5741935483870968
0.7419354838709677
0.6043010752688172
0.0
0.5741935483870968
0.5741935483870968
0.5741935483870968
0.7419354838709677
0.6043010752688172
0.0
0.5741935483870968
0.5741935483870968
0.5741935483870968
0.7419354838709677
0.0
0.5741935483870968
0.5741935483870968
0.5741935483870968
0.7419354838709677
0.6043010752688172
0.0
0.5741935483870968
0.5741935483870968
0.5741935483870968
0.7419354838709677
0.6043010752688172
0.0
0.5741935483870968
0.5741935483870968
0.5741935483870968
0.7419354838709677
0.0
0.5741935483870968
0.5741935483870968
0.5741935483870968
0.7419354838709677
0.6043010752688172
0.0
0.5741935483870968
0.0
0.5741935483870968
0.5741935483870968
0.5741935483870968
0.7419354838709677
0.0
0.5741935483870968
0.5741935483870968
0.5741935483870968
0.7419354838709677
0.6043010752688172
0.0
0.5741935483870968
0.5741935483870968
0.7419354838709677
0.6043010752688172
0.9397849462365592
0.0
0.5741935483870968
0.5741935483870968
0.7419354838709677
0.5741935483870968
0.7419354838709677
0.0
0.5741935483870968
0.5741935483870968
0.7419354838709677
0.5268817204301075
0.956989247311828
0.0
0.5741935483870968
0.5741935483870968
0.7419354838709677
0.5268817204301075
0.956989247311828
0.0
0.9774193548387097
0.5741935483870968
0.7419354838709677
0.5268817204301075
0.9698924731182795
0.0
0.9774193548387097
0.5741935483870968
0.7419354838709677
0.5268817204301075
0.9698924731182795
0.0
0.9774193548387097
0.5741935483870968
0.7419354838709677
0.5268817204301075
0.956989247311828
0.0
0.9774193548387097
0.5741935483870968
0.7419354838709677
0.7419354838709677
0.5741935483870968
0.0
0.9774193548387097
0.9774193548387097
0.5741935483870968
0.7419354838709677
0.5741935483870968
0.0
0.9774193548387097
0.9774193548387097
0.5741935483870968
0.7419354838709677
0.7419354838709677
0.0
0.9774193548387097
0.9774193548387097
0.5741935483870968
0.7419354838709677
0.7419354838709677
0.0
0.9774193548387097
0.9774193548387097
0.5741935483870968
0.7419354838709677
0.5741935483870968
0.0
0.9774193548387097
0.9774193548387097
0.5741935483870968
0.7419354838709677
0.5741935483870968
0.0
0.9774193548387097
0.9774193548387097
0.5741935483870968
0.7419354838709677
0.7419354838709677
0.0
0.9774193548387097
0.9774193548387097
0.5741935483870968
0.7419354838709677
0.7419354838709677
0.0
0.9774193548387097
0.9774193548387097
0.9774193548387097
0.5408602150537635
0.7086021505376344
0.0
0.9774193548387097
0.9774193548387097
0.9774193548387097
0.5408602150537635
0.7086021505376344
0.0
0.9774193548387097
0.9774193548387097
0.9774193548387097
0.5408602150537635
0.7086021505376344
0.0
0.9774193548387097
0.9774193548387097
0.9774193548387097
0.5408602150537635
0.7086021505376344
0.0
0.9774193548387097
0.9774193548387097
0.9774193548387097
0.5408602150537635
0.7086021505376344
0.0
0.9774193548387097
0.9774193548387097
0.9774193548387097
0.5408602150537635
0.7086021505376344
0.0
0.9774193548387097
0.9774193548387097
0.9774193548387097
0.5408602150537635
0.7086021505376344
0.0
0.9774193548387097
0.9774193548387097
0.9774193548387097
0.5408602150537635
0.7086021505376344
0.0
0.9774193548387097
0.9774193548387097
0.9774193548387097
0.5408602150537635
0.7086021505376344
0.0
0.9774193548387097
0.9774193548387097
0.9774193548387097
0.5408602150537635
0.7086021505376344
0.0
0.9774193548387097
0.9774193548387097
0.9774193548387097
0.5408602150537635
0.7086021505376344
0.0
0.9774193548387097
0.9774193548387097
0.9774193548387097
0.6182795698924731
0.0
0.9774193548387097
0.0
0.9774193548387097
0.9774193548387097
0.9774193548387097
0.9774193548387097
0.0
0.9774193548387097
0.9774193548387097
0.9774193548387097
0.9774193548387097
0.0
0.8397849462365592
0.7021505376344086
0.6182795698924731
0.6182795698924731
0.0
0.9774193548387097
0.9774193548387097
0.9774193548387097
0.9774193548387097
0.0
0.9774193548387097
0.9774193548387097
0.9774193548387097
0.9774193548387097
0.0
0.9774193548387097
0.9774193548387097
0.9774193548387097
0.9774193548387097
0.0
0.9774193548387097
0.9774193548387097
0.9774193548387097
0.9774193548387097
0.0
0.9774193548387097
0.9774193548387097
0.9774193548387097
0.9774193548387097
0.0
0.9774193548387097
0.9774193548387097
0.9774193548387097
0.9774193548387097
0.0
0.9774193548387097
0.9774193548387097
0.9774193548387097
0.9774193548387097
0.0
0.9774193548387097
0.9774193548387097
0.9774193548387097
0.9774193548387097
0.0
0.9774193548387097
0.9774193548387097
0.9774193548387097
0.9774193548387097
0.0
0.9774193548387097
0.9774193548387097
0.9774193548387097
0.9774193548387097
0.0
0.9774193548387097
0.9774193548387097
0.9774193548387097
0.9774193548387097
0.0
0.0
0.5741935483870968
0.0
0.0
0.0
0.0
0.0
0.0
0.0
0.0
0.9774193548387097
0.0
0.9774193548387097
0.9774193548387097
0.9774193548387097
0.9774193548387097
0.0
0.0
0.5741935483870968
