0.9494623655913978
0.7344086021505376
0.7344086021505376
0.7344086021505376
0.7344086021505376
0.0
0.0
0.0
0.0
0.0
0.0
0.0
0.0
0.0
0.0
0.0
0.0
0.0
0.0
0.0
0.0
0.0
0.0
0.0
0.0
0.0
0.0
0.0
0.0
0.0
0.0
0.0
0.0
0.0
0.0
0.0
0.0
0.0
0.0
0.0
0.0
0.0
0.0
0.0
0.0
0.0
0.0
0.0
0.0
0.0
0.0
0.0
0.0
0.0
0.0
0.0
0.0
0.0
0.0
0.0
0.0
0.0
0.0
0.0
0.0
0.0
0.0
0.0
0.0
0.0
0.0
0.0
0.0
0.0
0.0
0.0
0.0
0.0
0.0
0.0
0.0
0.0
0.0
0.0
0.0
0.0
0.0
0.0
0.0
0.0
0.0
0.0
0.0
0.0
0.0
0.0
0.0
0.0
0.0
0.0
0.0
0.0
0.0
0.0
0.0
0.0
0.0
0.0
0.0
0.0
0.0
0.0
0.0
0.0
0.0
0.0
0.0
0.0
0.0
0.0
0.9494623655913978
0.8655913978494624
0.8655913978494624
0.8655913978494624
0.8655913978494624
0.9494623655913978
0.8655913978494624
0.8655913978494624
0.8655913978494624
0.8655913978494624
0.0
0.0
0.0
0.0
0.0
0.0
0.0
0.0
0.0
0.0
0.0
0.0
0.0
0.0
0.0
0.0
0.0
0.0
0.0
0.0
0.0
0.0
0.0
0.0
0.0
0.0
0.0
0.0
0.0
0.0
0.0
0.0
0.0
0.0
0.0
0.0
0.0
0.0
0.0
0.0
0.0
0.0
0.0
0.0
0.0
0.0
0.0
0.0
0.0
0.0
0.0
0.0
0.0
0.9741935483870968
0.0
0.0
0.0
0.0
0.0
1.0
0.8064516129032258
0.8064516129032258
0.8064516129032258
0.0
0.0
0.0
0.0
0.0
0.0
1.0
0.8064516129032258
0.8064516129032258
0.8064516129032258
0.0
0.0
0.0
0.0
0.0
0.0
0.0
0.0
0.0
0.0
1.0
0.0
0.0
1.0
0.0
0.0
0.0
0.0
0.0
0.0
0.0
0.5376344086021505
0.5376344086021505
0.0
0.5376344086021505
0.5376344086021505
0.0
0.5376344086021505
0.5376344086021505
0.5376344086021505
0.5376344086021505
0.5376344086021505
0.0
0.0
0.5376344086021505
0.5376344086021505
0.5376344086021505
0.5376344086021505
0.5376344086021505
0.0
0.43010752688172044
0.43010752688172044
0.43010752688172044
0.43010752688172044
0.43010752688172044
0.0
0.43010752688172044
0.43010752688172044
0.43010752688172044
0.43010752688172044
0.43010752688172044
0.0
0.43010752688172044
0.43010752688172044
0.43010752688172044
0.43010752688172044
0.43010752688172044
0.0
0.0
0.0
0.0
0.43010752688172044
0.43010752688172044
0.43010752688172044
0.43010752688172044
0.43010752688172044
0.0
0.0
0.0
0.0
0.0
0.0
0.0
0.0
0.0
0.0
0.0
0.0
0.0
0.0
0.0
0.0
0.0
1.0
0.5376344086021505
1.0
0.0
0.0
0.0
1.0
0.5376344086021505
1.0
0.0
0.0
0.0
1.0
0.5376344086021505
0.0
0.0
0.0
1.0
0.5376344086021505
1.0
0.0
0.0
0.0
1.0
0.0
0.0
0.0
1.0
0.5376344086021505
0.0
0.0
0.0
1.0
0.5376344086021505
0.0
0.0
0.0
1.0
0.0
0.0
0.0
1.0
0.5376344086021505
1.0
0.0
0.0
0.0
0.0
1.0
0.0
0.0
0.0
1.0
0.5376344086021505
1.0
0.0
0.0
0.0
0.967741935483871
0.5376344086021505
1.0
0.0
0.0
0.0
1.0
0.8064516129032258
0.0
0.0
0.0
0.0
0.0
0.0
0.0
0.0
0.0
0.0
0.0
0.0
0.8064516129032258
0.0
0.0
0.0
0.0
0.0
0.0
0.0
0.0
0.0
0.0
0.0
0.0
0.0
0.0
0.0
0.0
0.0
0.0
0.0
0.0
0.0
0.0
0.0
0.0
0.0
0.0
0.0
0.0
0.0
0.0
0.0
0.0
0.0
0.0
0.0
0.0
0.0
0.0
0.0
0.0
0.0
0.0
0.0
0.0
0.0
0.0
0.0
0.0
0.0
0.0
0.0
0.0
0.0
0.0
0.0
0.0
0.0
0.0
0.0
0.0
0.0
0.0
0.0
0.0
0.0
0.0
0.0
0.0
0.0
0.0
0.0
0.0
0.0
0.0
0.0
0.0
0.0
0.0
0.0
0.0
0.0
0.0
0.0
0.0
0.0
0.0
0.0
0.0
0.0
0.0
0.0
0.0
0.0
0.0
0.0
0.0
0.0
0.0
0.0
0.0
0.0
0.0
0.0
0.0
0.0
0.0
0.0
0.0
0.0
0.0
0.0
0.0
0.0
0.0
0.0
0.0
0.0
0.0
0.0
0.0
0.0
0.0
0.0
0.0
0.0
0.0
0.0
0.0
0.0
0.0
0.0
0.0
0.0
0.0
1.0
0.9333333333333333
0.7655913978494624
0.0
0.0
0.0
0.6505376344086021
0.6505376344086021
0.6505376344086021
0.6505376344086021
0.0
0.6505376344086021
0.6505376344086021
0.6505376344086021
0.6505376344086021
0.0
0.8655913978494624
0.6182795698924731
1.0
1.0
0.0
0.9494623655913978
0.9494623655913978
0.9494623655913978
0.9494623655913978
0.0
0.9494623655913978
0.9494623655913978
0.9494623655913978
0.9494623655913978
0.0
0.9494623655913978
0.9494623655913978
0.9494623655913978
0.9494623655913978
0.0
0.9494623655913978
0.9494623655913978
0.9494623655913978
0.9494623655913978
0.0
0.9494623655913978
0.9494623655913978
0.9494623655913978
0.9494623655913978
0.0
0.9494623655913978
0.9494623655913978
0.9494623655913978
0.9494623655913978
0.0
0.9494623655913978
0.9494623655913978
0.9494623655913978
0.9494623655913978
0.0
0.9494623655913978
0.9494623655913978
0.9494623655913978
0.9494623655913978
0.0
0.9494623655913978
0.9494623655913978
0.9494623655913978
0.9494623655913978
0.0
0.9494623655913978
0.9494623655913978
0.9494623655913978
0.9494623655913978
0.0
0.9494623655913978
0.9494623655913978
0.9494623655913978
0.9494623655913978
0.0
0.0
0.0
0.0
0.0
0.9494623655913978
0.9494623655913978
0.9494623655913978
0.9494623655913978
0.0
