0.9494623655913978
0.7344086021505376
0.7344086021505376
0.7344086021505376
0.7344086021505376
0.0
0.0
1.0
1.0
1.0
1.0
0.0
0.0
0.33548387096774196
0.33548387096774196
0.33548387096774196
0.33548387096774196
0.0
0.0
0.0
0.43010752688172044
0.43010752688172044
0.7053763440860215
0.0
0.0
0.0
0.0
0.0
0.2752688172043011
0.0
0.0
1.0
1.0
1.0
1.0
0.0
0.0
1.0
1.0
1.0
1.0
0.0
0.0
0.9333333333333333
0.9333333333333333
0.9333333333333333
0.9333333333333333
0.0
0.0
0.33548387096774196
0.33548387096774196
0.33548387096774196
0.33548387096774196
0.0
0.0
0.0
0.0
0.0
0.0
0.0
0.0
0.0
1.0
1.0
1.0
1.0
0.0
0.0
0.0
0.0
1.0
1.0
1.0
0.0
0.0
1.0
1.0
1.0
1.0
0.0
0.0
1.0
1.0
1.0
1.0
0.0
0.0
1.0
1.0
1.0
1.0
0.0
0.0
0.0
0.0
0.0
0.0
0.0
0.0
0.0
0.0
0.0
0.0
0.0
0.0
0.0
0.0
0.0
0.0
0.0
0.0
0.0
0.0
0.0
0.0
0.9494623655913978
0.8655913978494624
0.8655913978494624
0.8655913978494624
0.8655913978494624
0.9494623655913978
0.8655913978494624
0.8655913978494624
0.8655913978494624
0.8655913978494624
0.9494623655913978
0.8655913978494624
0.8655913978494624
0.8655913978494624
0.8655913978494624
0.0
0.0
0.0
0.0
0.0
0.0
0.0
0.0
0.0
0.0
0.0
0.0
0.0
0.0
0.0
0.0
0.0
0.0
0.0
0.0
0.0
0.0
0.0
0.0
0.0
0.0
0.0
0.0
0.0
0.0
0.0
0.0
0.0
0.0
0.0
0.0
0.0
0.0
0.0
1.0
0.8064516129032258
0.8064516129032258
0.0
0.0
1.0
1.0
0.43010752688172044
1.0
0.0
0.0
1.0
0.9247311827956989
0.9247311827956989
0.9247311827956989
0.0
0.0
0.0
0.0
1.0
0.5376344086021505
1.0
0.5376344086021505
1.0
0.0
0.0
0.0
0.0
0.0
1.0
0.5376344086021505
1.0
0.5376344086021505
1.0
0.0
1.0
0.0
1.0
0.0
0.0
1.0
0.0
0.0
1.0
0.5376344086021505
0.0
1.0
0.5376344086021505
0.0
1.0
0.0
0.0
0.0
1.0
0.0
0.8064516129032258
0.8064516129032258
0.0
0.8064516129032258
0.8064516129032258
0.0
0.8064516129032258
0.8064516129032258
0.8064516129032258
0.8064516129032258
0.8064516129032258
0.0
0.0
0.8064516129032258
0.8064516129032258
0.8064516129032258
0.8064516129032258
0.8064516129032258
0.0
0.16774193548387098
0.16774193548387098
0.16774193548387098
0.16774193548387098
0.16774193548387098
0.0
0.16774193548387098
0.16774193548387098
0.16774193548387098
0.16774193548387098
0.16774193548387098
0.0
0.16774193548387098
0.16774193548387098
0.16774193548387098
0.16774193548387098
0.16774193548387098
0.0
0.0
0.0
0.0
0.16774193548387098
0.16774193548387098
0.16774193548387098
0.16774193548387098
0.16774193548387098
0.0
0.0
0.0
0.0
0.0
0.0
0.0
0.0
0.0
0.0
0.0
0.0
0.0
0.0
0.0
1.0
0.8602150537634409
0.43010752688172044
1.0
0.43010752688172044
0.0
1.0
0.8602150537634409
0.43010752688172044
1.0
0.43010752688172044
0.0
1.0
0.8602150537634409
0.43010752688172044
1.0
0.0
1.0
0.8602150537634409
0.43010752688172044
1.0
0.43010752688172044
0.0
1.0
0.8602150537634409
0.43010752688172044
0.0
1.0
0.8602150537634409
0.43010752688172044
1.0
0.0
1.0
0.8602150537634409
0.43010752688172044
1.0
0.0
1.0
0.8602150537634409
0.43010752688172044
0.0
1.0
0.8602150537634409
0.43010752688172044
1.0
0.43010752688172044
0.0
0.0
1.0
0.8602150537634409
0.43010752688172044
0.0
1.0
0.8602150537634409
0.43010752688172044
1.0
0.43010752688172044
0.0
1.0
0.5376344086021505
1.0
0.967741935483871
0.5376344086021505
0.0
1.0
0.8064516129032258
0.8064516129032258
0.8064516129032258
0.8064516129032258
0.0
1.0
0.8064516129032258
0.8064516129032258
0.8064516129032258
0.8064516129032258
0.0
1.0
0.8064516129032258
0.8064516129032258
0.8064516129032258
0.8064516129032258
0.0
1.0
1.0
0.9741935483870968
0.16774193548387098
0.9741935483870968
0.0
1.0
0.8301075268817204
0.6623655913978495
1.0
0.8301075268817204
0.0
1.0
1.0
1.0
1.0
0.5505376344086022
0.0
1.0
0.9376344086021505
0.7698924731182796
0.7698924731182796
0.7698924731182796
0.0
1.0
0.9376344086021505
0.7698924731182796
0.7698924731182796
0.7698924731182796
0.0
0.6623655913978495
1.0
0.6623655913978495
1.0
0.6623655913978495
0.0
0.6623655913978495
1.0
0.6623655913978495
1.0
0.6623655913978495
0.0
1.0
0.9376344086021505
0.7698924731182796
0.7698924731182796
0.7698924731182796
0.0
0.0
1.0
0.7053763440860215
0.7053763440860215
0.7053763440860215
0.0
0.0
1.0
0.8129032258064516
0.8129032258064516
0.2752688172043011
0.0
0.0
1.0
0.7053763440860215
0.7053763440860215
0.7053763440860215
0.0
0.0
1.0
0.7053763440860215
0.7053763440860215
0.7053763440860215
0.0
0.0
1.0
0.7053763440860215
0.7053763440860215
0.7053763440860215
0.0
0.0
1.0
0.9333333333333333
0.7655913978494624
0.5978494623655914
0.0
0.0
1.0
0.9333333333333333
0.7655913978494624
0.5978494623655914
0.0
0.0
1.0
0.9333333333333333
0.7655913978494624
0.5978494623655914
0.0
0.0
1.0
0.9333333333333333
0.7655913978494624
0.5978494623655914
0.0
0.0
1.0
0.9333333333333333
0.7655913978494624
0.5978494623655914
0.0
0.0
1.0
0.9333333333333333
0.7655913978494624
0.5978494623655914
0.0
0.0
1.0
0.9333333333333333
0.7655913978494624
0.5978494623655914
0.0
0.0
1.0
0.9333333333333333
0.7655913978494624
0.5978494623655914
0.0
0.0
1.0
0.9333333333333333
0.7655913978494624
0.5978494623655914
0.0
0.9494623655913978
0.6505376344086021
0.6505376344086021
0.6505376344086021
0.0
0.0
0.0
0.9494623655913978
0.6182795698924731
0.6182795698924731
0.6182795698924731
0.0
0.9494623655913978
0.6505376344086021
0.6505376344086021
0.6505376344086021
0.0
0.8655913978494624
0.6182795698924731
1.0
1.0
0.0
0.9494623655913978
0.9494623655913978
0.9494623655913978
0.9494623655913978
0.0
0.9494623655913978
0.9494623655913978
0.9494623655913978
0.9494623655913978
0.0
0.9494623655913978
0.9494623655913978
0.9494623655913978
0.9494623655913978
0.0
0.9494623655913978
0.9494623655913978
0.9494623655913978
0.9494623655913978
0.0
0.9494623655913978
0.9494623655913978
0.9494623655913978
0.9494623655913978
0.0
0.9494623655913978
0.9494623655913978
0.9494623655913978
0.9494623655913978
0.0
0.9494623655913978
0.9494623655913978
0.9494623655913978
0.9494623655913978
0.0
0.9494623655913978
0.9494623655913978
0.9494623655913978
0.9494623655913978
0.0
0.9494623655913978
0.9494623655913978
0.9494623655913978
0.9494623655913978
0.0
0.9494623655913978
0.9494623655913978
0.9494623655913978
0.9494623655913978
0.0
0.9494623655913978
0.9494623655913978
0.9494623655913978
0.9494623655913978
0.0
0.0
0.0
0.0
0.0
0.9494623655913978
0.9494623655913978
0.9494623655913978
0.9494623655913978
0.0
