0.9193548387096774
0.9193548387096774
0.9193548387096774
0.9193548387096774
0.9193548387096774
0.9193548387096774
0.9193548387096774
0.9193548387096774
0.9193548387096774
0.9193548387096774
0.9193548387096774
0.9193548387096774
0.9193548387096774
0.9193548387096774
0.9193548387096774
0.9193548387096774
0.9193548387096774
0.9193548387096774
0.9193548387096774
0.9193548387096774
0.9193548387096774
0.9193548387096774
0.9193548387096774
0.9193548387096774
0.9193548387096774
0.9193548387096774
0.9193548387096774
0.9193548387096774
0.9193548387096774
0.9193548387096774
0.9193548387096774
0.9193548387096774
0.9193548387096774
0.9193548387096774
0.9193548387096774
0.9193548387096774
0.9193548387096774
0.9193548387096774
0.9193548387096774
0.9193548387096774
0.9193548387096774
0.9193548387096774
0.9193548387096774
0.9193548387096774
0.9193548387096774
0.9193548387096774
0.9193548387096774
0.9193548387096774
0.9193548387096774
0.9193548387096774
0.9193548387096774
0.9193548387096774
0.9193548387096774
0.9193548387096774
0.9193548387096774
0.9193548387096774
0.9193548387096774
0.9193548387096774
0.9193548387096774
0.9193548387096774
0.9193548387096774
0.9193548387096774
0.9193548387096774
0.9193548387096774
0.9193548387096774
0.9193548387096774
0.9193548387096774
0.9193548387096774
0.9193548387096774
0.9193548387096774
0.9193548387096774
0.9193548387096774
0.9193548387096774
0.9193548387096774
0.9193548387096774
0.9193548387096774
0.9193548387096774
0.9193548387096774
0.9193548387096774
0.9193548387096774
0.9193548387096774
0.9193548387096774
0.9193548387096774
0.9193548387096774
0.9193548387096774
0.9193548387096774
0.9193548387096774
0.9193548387096774
0.9193548387096774
0.9193548387096774
0.9193548387096774
0.9193548387096774
0.9193548387096774
0.9193548387096774
0.9193548387096774
0.9193548387096774
0.9193548387096774
0.9193548387096774
0.9193548387096774
0.9193548387096774
0.9193548387096774
0.9193548387096774
0.9193548387096774
0.9193548387096774
0.9193548387096774
0.9193548387096774
0.9193548387096774
0.9193548387096774
0.9193548387096774
0.9193548387096774
0.9193548387096774
0.9193548387096774
0.9193548387096774
0.9193548387096774
0.9193548387096774
0.9193548387096774
0.9193548387096774
0.9193548387096774
0.9193548387096774
0.9193548387096774
0.9193548387096774
0.9193548387096774
0.9193548387096774
0.9193548387096774
0.9193548387096774
0.9193548387096774
0.9193548387096774
0.9193548387096774
0.9193548387096774
0.9193548387096774
0.9193548387096774
0.9193548387096774
0.9193548387096774
0.9193548387096774
0.9193548387096774
0.9193548387096774
0.9193548387096774
0.9193548387096774
0.9193548387096774
0.9193548387096774
0.9193548387096774
0.9193548387096774
0.9193548387096774
0.9193548387096774
0.9193548387096774
0.9193548387096774
0.9193548387096774
0.9193548387096774
0.9193548387096774
0.9193548387096774
0.9193548387096774
0.9193548387096774
0.9193548387096774
0.9193548387096774
0.9193548387096774
0.9193548387096774
0.9193548387096774
0.9193548387096774
0.9193548387096774
0.9193548387096774
0.9193548387096774
0.9193548387096774
0.9193548387096774
0.9193548387096774
0.9193548387096774
0.9193548387096774
0.9193548387096774
0.9193548387096774
0.9193548387096774
0.9193548387096774
0.9193548387096774
0.9193548387096774
0.5161290322580645
0.5161290322580645
0.5161290322580645
0.5161290322580645
0.9193548387096774
0.9193548387096774
0.5161290322580645
0.5161290322580645
0.5161290322580645
0.5161290322580645
0.9193548387096774
0.9193548387096774
0.5161290322580645
0.8516129032258064
0.6838709677419355
0.6838709677419355
0.9193548387096774
0.9193548387096774
0.9193548387096774
0.9193548387096774
0.9193548387096774
0.9193548387096774
0.5161290322580645
1.0
0.8064516129032258
0.8064516129032258
0.8064516129032258
0.9193548387096774
0.5161290322580645
0.9193548387096774
0.9193548387096774
0.5161290322580645
0.9193548387096774
0.5161290322580645
0.9193548387096774
0.5161290322580645
1.0
0.8064516129032258
0.8064516129032258
0.8064516129032258
0.9193548387096774
0.5161290322580645
1.0
0.9193548387096774
0.5161290322580645
1.0
0.0
0.5161290322580645
0.0
0.5161290322580645
1.0
0.0
0.5161290322580645
0.0
0.5161290322580645
1.0
0.8064516129032258
0.0
0.5161290322580645
1.0
0.8064516129032258
0.0
0.5161290322580645
1.0
0.0
0.5161290322580645
0.0
0.5161290322580645
0.0
0.5161290322580645
1.0
0.0
0.5161290322580645
0.5161290322580645
0.0
0.5161290322580645
0.5161290322580645
0.0
0.5161290322580645
0.5161290322580645
0.5161290322580645
0.5161290322580645
0.5161290322580645
0.0
0.5161290322580645
0.0
0.5161290322580645
0.5161290322580645
0.5161290322580645
0.5161290322580645
0.5161290322580645
0.0
0.9193548387096774
0.9193548387096774
0.9193548387096774
0.9193548387096774
0.9193548387096774
0.0
0.9193548387096774
0.9193548387096774
0.9193548387096774
0.9193548387096774
0.9193548387096774
0.0
0.9193548387096774
0.9193548387096774
0.9193548387096774
0.9193548387096774
0.9193548387096774
0.0
0.9193548387096774
0.0
0.9193548387096774
0.0
0.0
0.9193548387096774
0.9193548387096774
0.9193548387096774
0.9193548387096774
0.9193548387096774
0.0
0.9193548387096774
0.0
0.0
0.0
0.0
0.0
0.0
0.9193548387096774
0.0
0.0
0.0
0.9193548387096774
0.0
0.0
0.5161290322580645
0.0
0.5161290322580645
0.0
0.5161290322580645
0.0
0.5161290322580645
1.0
0.8064516129032258
0.0
0.8064516129032258
0.0
0.5161290322580645
1.0
0.8064516129032258
0.0
0.8064516129032258
0.0
0.5161290322580645
1.0
0.8064516129032258
0.0
0.8064516129032258
0.0
0.5161290322580645
1.0
0.8064516129032258
0.0
0.8064516129032258
0.0
0.5161290322580645
1.0
0.8064516129032258
0.0
0.0
0.5161290322580645
1.0
0.8064516129032258
0.0
0.8064516129032258
0.0
0.5161290322580645
1.0
0.8064516129032258
0.0
0.8064516129032258
0.0
0.5161290322580645
1.0
0.8064516129032258
0.0
0.0
0.5161290322580645
1.0
0.8064516129032258
0.0
0.8064516129032258
0.0
0.5161290322580645
0.0
0.5161290322580645
1.0
0.8064516129032258
0.0
0.0
0.5161290322580645
1.0
0.8064516129032258
0.0
0.8064516129032258
0.0
0.5161290322580645
1.0
0.8064516129032258
0.0
1.0
0.0
0.5161290322580645
0.8064516129032258
0.5376344086021505
1.0
0.5376344086021505
0.0
0.5161290322580645
0.8064516129032258
0.5376344086021505
1.0
0.5376344086021505
0.0
0.6505376344086021
0.9408602150537635
0.4032258064516129
0.9408602150537635
0.4032258064516129
0.0
0.9193548387096774
0.5161290322580645
0.8516129032258064
0.6838709677419355
0.8516129032258064
0.0
0.9193548387096774
0.5161290322580645
0.7913978494623656
0.5161290322580645
0.8516129032258064
0.0
0.9193548387096774
0.5161290322580645
0.7913978494623656
0.7913978494623656
0.7913978494623656
0.0
0.9193548387096774
0.5161290322580645
0.8516129032258064
0.6838709677419355
0.8516129032258064
0.0
0.9193548387096774
0.5161290322580645
0.8516129032258064
0.6838709677419355
0.8516129032258064
0.0
0.9193548387096774
0.5161290322580645
0.8516129032258064
0.6838709677419355
0.8516129032258064
0.0
0.9193548387096774
0.5161290322580645
0.8516129032258064
0.6838709677419355
0.8516129032258064
0.0
0.9193548387096774
0.5161290322580645
0.8516129032258064
0.6838709677419355
0.8516129032258064
0.0
0.9193548387096774
0.5161290322580645
0.8516129032258064
0.6838709677419355
0.8516129032258064
0.0
0.9193548387096774
0.6505376344086021
0.6505376344086021
0.6505376344086021
0.6505376344086021
0.0
0.9193548387096774
0.6505376344086021
0.6505376344086021
0.6505376344086021
0.6505376344086021
0.0
0.9193548387096774
0.6505376344086021
0.6505376344086021
0.6505376344086021
0.6505376344086021
0.0
0.9193548387096774
0.6505376344086021
0.6505376344086021
0.6505376344086021
0.6505376344086021
0.0
0.9193548387096774
0.9193548387096774
0.6505376344086021
0.6505376344086021
0.6505376344086021
0.0
0.9193548387096774
0.9193548387096774
0.6505376344086021
0.6505376344086021
0.6505376344086021
0.0
0.9193548387096774
0.9193548387096774
0.6505376344086021
0.6505376344086021
0.6505376344086021
0.0
0.9193548387096774
0.9193548387096774
0.9193548387096774
0.9193548387096774
0.9193548387096774
0.0
0.9193548387096774
0.9193548387096774
0.6505376344086021
0.6505376344086021
0.6505376344086021
0.0
0.9193548387096774
0.9193548387096774
0.6505376344086021
0.6505376344086021
0.6505376344086021
0.0
0.9193548387096774
0.9193548387096774
0.6505376344086021
0.6505376344086021
0.6505376344086021
0.0
0.9193548387096774
0.9193548387096774
0.6505376344086021
0.6505376344086021
0.6505376344086021
0.0
0.9193548387096774
0.9193548387096774
0.6505376344086021
0.6505376344086021
0.6505376344086021
0.0
0.9193548387096774
0.9193548387096774
0.9193548387096774
0.6505376344086021
0.0
0.0
0.0
0.9193548387096774
0.9193548387096774
0.6505376344086021
0.6505376344086021
0.0
0.9193548387096774
0.9193548387096774
0.9193548387096774
0.6505376344086021
0.0
0.6720430107526881
1.0
0.6720430107526881
0.6720430107526881
0.0
0.9193548387096774
0.9193548387096774
0.9193548387096774
0.9193548387096774
0.0
0.9193548387096774
0.9193548387096774
0.9193548387096774
0.9193548387096774
0.0
0.9193548387096774
0.9193548387096774
0.9193548387096774
0.9193548387096774
0.0
0.9193548387096774
0.9193548387096774
0.9193548387096774
0.9193548387096774
0.0
0.9193548387096774
0.9193548387096774
0.9193548387096774
0.9193548387096774
0.0
0.9193548387096774
0.9193548387096774
0.9193548387096774
0.9193548387096774
0.0
0.9193548387096774
0.9193548387096774
0.9193548387096774
0.9193548387096774
0.0
0.9193548387096774
0.9193548387096774
0.9193548387096774
0.9193548387096774
0.0
0.9193548387096774
0.9193548387096774
0.9193548387096774
0.9193548387096774
0.0
0.9193548387096774
0.9193548387096774
0.9193548387096774
0.9193548387096774
0.0
0.9193548387096774
0.9193548387096774
0.9193548387096774
0.9193548387096774
0.0
0.0
0.5161290322580645
0.0
0.0
0.0
0.9193548387096774
0.9193548387096774
0.9193548387096774
0.9193548387096774
0.0
0.5161290322580645
