0.9494623655913978
0.7344086021505376
0.7344086021505376
0.7344086021505376
0.7344086021505376
0.0
0.0
0.0
0.0
0.0
0.0
0.0
0.0
0.0
0.0
0.0
0.0
0.0
0.0
0.0
0.0
0.0
0.0
0.0
0.0
0.0
0.0
0.0
0.0
0.0
0.0
0.0
0.0
0.0
0.0
0.0
0.0
0.0
0.0
0.0
0.0
0.0
0.0
0.0
0.0
0.0
0.0
0.0
0.0
0.0
0.0
0.0
0.0
0.0
0.0
0.0
0.0
0.0
0.0
0.0
0.0
0.0
0.0
0.0
0.0
0.0
0.0
0.0
0.0
0.0
0.0
0.0
0.0
0.0
0.0
0.0
0.0
0.0
0.0
0.0
0.0
0.0
0.0
0.0
0.0
0.0
0.0
0.0
0.0
0.0
0.0
0.0
0.0
0.0
0.0
0.0
0.0
0.0
0.0
0.0
0.0
0.0
0.0
0.0
0.0
0.0
0.0
0.0
0.0
0.0
0.0
0.0
0.0
0.0
0.0
0.9494623655913978
0.8655913978494624
0.8655913978494624
0.8655913978494624
0.8655913978494624
0.9494623655913978
0.8655913978494624
0.8655913978494624
0.8655913978494624
0.8655913978494624
0.9494623655913978
0.8655913978494624
0.8655913978494624
0.8655913978494624
0.8655913978494624
0.0
0.0
0.0
0.0
0.0
0.0
0.0
0.0
0.0
0.0
0.0
0.0
0.0
0.0
0.0
0.0
0.0
0.0
0.0
0.0
0.0
0.0
0.0
0.0
0.0
0.0
0.0
0.0
0.0
0.0
0.0
0.0
0.0
0.0
0.0
0.0
0.0
0.0
0.0
1.0
1.0
0.8064516129032258
0.0
0.0
0.0
1.0
0.9741935483870968
0.8064516129032258
0.0
0.0
1.0
0.8602150537634409
0.8602150537634409
0.43010752688172044
0.0
0.0
0.0
0.0
1.0
0.8064516129032258
0.0
1.0
0.5376344086021505
0.0
0.0
0.0
0.0
0.0
1.0
0.8064516129032258
0.0
1.0
0.5376344086021505
0.0
1.0
0.0
1.0
0.0
0.0
1.0
0.0
0.0
1.0
0.8064516129032258
0.0
1.0
0.8064516129032258
0.0
1.0
0.0
0.0
0.0
1.0
0.0
0.43010752688172044
0.43010752688172044
0.0
0.43010752688172044
0.43010752688172044
0.0
0.43010752688172044
0.43010752688172044
0.43010752688172044
0.43010752688172044
0.43010752688172044
0.0
0.0
0.43010752688172044
0.43010752688172044
0.43010752688172044
0.43010752688172044
0.43010752688172044
0.0
0.5376344086021505
0.5376344086021505
0.5376344086021505
0.5376344086021505
0.5376344086021505
0.0
0.5376344086021505
0.5376344086021505
0.5376344086021505
0.5376344086021505
0.5376344086021505
0.0
0.5376344086021505
0.5376344086021505
0.5376344086021505
0.5376344086021505
0.5376344086021505
0.0
0.0
0.0
0.0
0.5376344086021505
0.5376344086021505
0.5376344086021505
0.5376344086021505
0.5376344086021505
0.0
0.0
0.0
0.0
0.0
0.0
0.0
0.0
0.0
0.0
0.0
0.0
0.0
0.0
0.0
1.0
0.4946236559139785
1.0
0.4946236559139785
1.0
0.0
1.0
0.4946236559139785
1.0
0.4946236559139785
1.0
0.0
1.0
0.4946236559139785
1.0
0.4946236559139785
0.0
1.0
0.4946236559139785
1.0
0.4946236559139785
1.0
0.0
1.0
0.4946236559139785
1.0
0.0
1.0
0.4946236559139785
1.0
0.4946236559139785
0.0
1.0
0.4946236559139785
1.0
0.4946236559139785
0.0
1.0
0.4946236559139785
1.0
0.0
1.0
0.4946236559139785
1.0
0.4946236559139785
1.0
0.0
0.0
1.0
0.4946236559139785
1.0
0.0
1.0
0.4946236559139785
1.0
0.4946236559139785
1.0
0.0
1.0
0.4946236559139785
1.0
0.7698924731182796
0.7698924731182796
0.0
1.0
1.0
0.6709677419354839
0.6709677419354839
1.0
0.0
1.0
0.8301075268817204
0.6623655913978495
1.0
0.6623655913978495
0.0
1.0
1.0
0.4946236559139785
1.0
0.4946236559139785
0.0
0.0
1.0
0.8064516129032258
0.8064516129032258
0.0
0.0
0.0
1.0
0.8064516129032258
0.8064516129032258
0.8064516129032258
0.0
0.0
1.0
0.8064516129032258
0.8064516129032258
0.8064516129032258
0.0
0.0
1.0
1.0
0.9247311827956989
0.4946236559139785
0.0
0.0
0.967741935483871
0.43010752688172044
1.0
0.8602150537634409
0.0
0.0
0.0
1.0
0.8064516129032258
0.8064516129032258
0.0
0.0
0.0
1.0
0.8064516129032258
0.8064516129032258
0.0
0.0
0.967741935483871
0.43010752688172044
1.0
0.967741935483871
0.0
0.0
0.0
1.0
0.8731182795698925
0.33548387096774196
0.0
0.0
0.0
1.0
0.8602150537634409
0.8602150537634409
0.0
0.0
0.0
1.0
0.8602150537634409
0.8602150537634409
0.0
0.0
0.0
1.0
0.7053763440860215
0.7053763440860215
0.0
0.0
0.0
1.0
1.0
0.5032258064516129
0.0
0.0
0.0
1.0
1.0
0.5032258064516129
0.0
0.0
0.0
1.0
1.0
0.5032258064516129
0.0
0.0
0.0
1.0
0.7053763440860215
0.7053763440860215
0.0
0.0
0.0
0.0
0.0
0.0
0.0
0.0
0.0
1.0
1.0
0.5032258064516129
0.0
0.0
0.0
1.0
1.0
0.5032258064516129
0.0
0.0
0.0
1.0
1.0
0.5032258064516129
0.0
0.0
0.0
1.0
1.0
0.5032258064516129
0.0
0.0
0.0
1.0
1.0
0.5032258064516129
0.0
0.9494623655913978
0.6182795698924731
0.6182795698924731
0.6182795698924731
0.0
0.0
0.0
0.9494623655913978
0.6182795698924731
0.6182795698924731
0.6182795698924731
0.0
0.9494623655913978
0.6182795698924731
0.6182795698924731
0.6182795698924731
0.0
0.8655913978494624
0.6182795698924731
1.0
1.0
0.0
0.9494623655913978
0.9494623655913978
0.9494623655913978
0.9494623655913978
0.0
0.9494623655913978
0.9494623655913978
0.9494623655913978
0.9494623655913978
0.0
0.9494623655913978
0.9494623655913978
0.9494623655913978
0.9494623655913978
0.0
0.9494623655913978
0.9494623655913978
0.9494623655913978
0.9494623655913978
0.0
0.9494623655913978
0.9494623655913978
0.9494623655913978
0.9494623655913978
0.0
0.9494623655913978
0.9494623655913978
0.9494623655913978
0.9494623655913978
0.0
0.9494623655913978
0.9494623655913978
0.9494623655913978
0.9494623655913978
0.0
0.9494623655913978
0.9494623655913978
0.9494623655913978
0.9494623655913978
0.0
0.9494623655913978
0.9494623655913978
0.9494623655913978
0.9494623655913978
0.0
0.9494623655913978
0.9494623655913978
0.9494623655913978
0.9494623655913978
0.0
0.9494623655913978
0.9494623655913978
0.9494623655913978
0.9494623655913978
0.0
0.0
0.0
0.0
0.0
0.9494623655913978
0.9494623655913978
0.9494623655913978
0.9494623655913978
0.0
