0.9473118279569892
0.8096774193548387
0.8096774193548387
0.8096774193548387
0.8096774193548387
0.0
1.0
1.0
1.0
1.0
1.0
0.0
1.0
1.0
1.0
1.0
1.0
0.0
1.0
1.0
1.0
1.0
1.0
0.0
1.0
1.0
1.0
1.0
1.0
0.0
1.0
1.0
1.0
1.0
1.0
0.0
1.0
1.0
1.0
1.0
1.0
0.0
1.0
1.0
1.0
1.0
1.0
0.0
1.0
1.0
1.0
1.0
1.0
0.0
1.0
1.0
1.0
1.0
1.0
0.0
0.0
1.0
1.0
1.0
1.0
1.0
0.0
0.0
0.0
1.0
1.0
1.0
1.0
0.0
1.0
1.0
1.0
1.0
1.0
0.0
1.0
1.0
1.0
1.0
1.0
0.0
1.0
1.0
1.0
1.0
1.0
0.0
1.0
1.0
1.0
1.0
1.0
0.0
1.0
1.0
1.0
1.0
1.0
0.0
1.0
1.0
1.0
1.0
1.0
0.0
1.0
1.0
1.0
1.0
1.0
0.9473118279569892
0.8096774193548387
0.8096774193548387
0.8096774193548387
0.8096774193548387
0.9473118279569892
0.8096774193548387
0.8096774193548387
0.8096774193548387
0.8096774193548387
0.9473118279569892
0.8096774193548387
0.8096774193548387
0.8096774193548387
0.8096774193548387
0.0
1.0
1.0
1.0
1.0
1.0
0.0
1.0
1.0
1.0
1.0
1.0
0.0
1.0
1.0
1.0
1.0
1.0
0.0
0.946236559139785
0.946236559139785
0.946236559139785
0.946236559139785
0.946236559139785
0.0
0.8387096774193549
0.8387096774193549
0.8387096774193549
0.8387096774193549
0.8387096774193549
0.0
1.0
1.0
1.0
1.0
1.0
0.0
0.0
1.0
0.8064516129032258
0.8064516129032258
0.8064516129032258
0.0
1.0
0.9741935483870968
0.8064516129032258
0.8064516129032258
0.8064516129032258
0.0
1.0
0.9978494623655914
0.9978494623655914
0.9978494623655914
0.9978494623655914
0.0
0.0
0.0
0.0
1.0
0.967741935483871
0.967741935483871
0.43010752688172044
1.0
0.0
0.0
0.0
0.0
0.0
1.0
0.967741935483871
0.967741935483871
0.43010752688172044
1.0
0.0
1.0
0.0
1.0
0.0
0.0
1.0
0.0
0.0
1.0
0.967741935483871
0.0
1.0
0.967741935483871
0.0
1.0
0.0
0.0
0.0
1.0
0.967741935483871
0.0
0.16774193548387098
0.16774193548387098
0.0
0.16774193548387098
0.16774193548387098
0.0
0.16774193548387098
0.16774193548387098
0.16774193548387098
0.16774193548387098
0.16774193548387098
0.0
0.0
0.16774193548387098
0.16774193548387098
0.16774193548387098
0.16774193548387098
0.16774193548387098
0.0
0.4946236559139785
0.4946236559139785
0.4946236559139785
0.4946236559139785
0.4946236559139785
0.0
0.4946236559139785
0.4946236559139785
0.4946236559139785
0.4946236559139785
0.4946236559139785
0.0
0.4946236559139785
0.4946236559139785
0.4946236559139785
0.4946236559139785
0.4946236559139785
0.0
0.0
0.0
0.0
0.4946236559139785
0.4946236559139785
0.4946236559139785
0.4946236559139785
0.4946236559139785
0.0
0.0
0.0
0.0
0.0
0.0
0.0
0.0
0.0
0.0
0.0
0.0
0.0
0.0
0.0
1.0
0.8064516129032258
0.0
1.0
0.5376344086021505
0.0
1.0
0.8064516129032258
0.0
1.0
0.5376344086021505
0.0
1.0
0.8064516129032258
0.0
1.0
0.5376344086021505
0.0
1.0
0.8064516129032258
0.0
1.0
0.5376344086021505
0.0
1.0
0.8064516129032258
0.0
0.0
1.0
0.8064516129032258
0.0
1.0
0.0
1.0
0.8064516129032258
0.0
1.0
0.0
1.0
0.8064516129032258
0.0
0.0
1.0
0.8064516129032258
0.0
1.0
0.5376344086021505
0.0
0.0
1.0
0.8064516129032258
0.0
0.0
1.0
0.8064516129032258
0.0
1.0
0.5376344086021505
0.0
1.0
0.8731182795698925
0.443010752688172
1.0
0.9741935483870968
0.0
1.0
0.8731182795698925
0.443010752688172
1.0
0.9741935483870968
0.0
1.0
0.8731182795698925
0.443010752688172
1.0
0.9741935483870968
0.0
1.0
0.8731182795698925
0.443010752688172
0.9806451612903225
0.7053763440860215
0.0
1.0
0.7182795698924731
0.7182795698924731
0.7182795698924731
0.7182795698924731
0.0
1.0
0.7182795698924731
0.7182795698924731
0.7182795698924731
0.7182795698924731
0.0
1.0
0.7655913978494624
0.5978494623655914
1.0
0.5978494623655914
0.0
1.0
1.0
0.989247311827957
0.989247311827957
0.989247311827957
0.0
1.0
1.0
0.989247311827957
0.989247311827957
0.989247311827957
0.0
1.0
1.0
0.989247311827957
0.989247311827957
0.989247311827957
0.0
1.0
1.0
0.989247311827957
0.989247311827957
0.989247311827957
0.0
1.0
1.0
0.989247311827957
0.989247311827957
0.989247311827957
0.0
1.0
1.0
0.989247311827957
0.989247311827957
0.989247311827957
0.0
1.0
1.0
0.989247311827957
0.989247311827957
0.989247311827957
0.0
1.0
1.0
0.989247311827957
0.989247311827957
0.989247311827957
0.0
1.0
1.0
0.989247311827957
0.989247311827957
0.989247311827957
0.0
1.0
1.0
0.989247311827957
0.989247311827957
0.989247311827957
0.0
1.0
1.0
0.989247311827957
0.989247311827957
0.989247311827957
0.0
1.0
1.0
0.989247311827957
0.989247311827957
0.989247311827957
0.0
1.0
1.0
0.989247311827957
0.989247311827957
0.989247311827957
0.0
1.0
1.0
0.989247311827957
0.989247311827957
0.989247311827957
0.0
1.0
1.0
0.989247311827957
0.989247311827957
0.989247311827957
0.0
1.0
1.0
0.989247311827957
0.989247311827957
0.989247311827957
0.0
1.0
1.0
0.989247311827957
0.989247311827957
0.989247311827957
0.0
1.0
1.0
0.989247311827957
0.989247311827957
0.989247311827957
0.0
1.0
1.0
0.989247311827957
0.989247311827957
0.989247311827957
0.0
0.9473118279569892
0.9473118279569892
0.678494623655914
0.678494623655914
0.0
0.0
0.0
0.9473118279569892
0.9473118279569892
0.9473118279569892
0.678494623655914
0.0
0.9473118279569892
0.9473118279569892
0.678494623655914
0.678494623655914
0.0
0.8096774193548387
0.6720430107526881
1.0
0.6720430107526881
0.0
0.9473118279569892
0.9473118279569892
0.9473118279569892
0.9473118279569892
0.0
0.9473118279569892
0.9473118279569892
0.9473118279569892
0.9473118279569892
0.0
0.9473118279569892
0.9473118279569892
0.9473118279569892
0.9473118279569892
0.0
0.9473118279569892
0.9473118279569892
0.9473118279569892
0.9473118279569892
0.0
0.9473118279569892
0.9473118279569892
0.9473118279569892
0.9473118279569892
0.0
0.9473118279569892
0.9473118279569892
0.9473118279569892
0.9473118279569892
0.0
0.9473118279569892
0.9473118279569892
0.9473118279569892
0.9473118279569892
0.0
0.9473118279569892
0.9473118279569892
0.9473118279569892
0.9473118279569892
0.0
0.9473118279569892
0.9473118279569892
0.9473118279569892
0.9473118279569892
0.0
0.9473118279569892
0.9473118279569892
0.9473118279569892
0.9473118279569892
0.0
0.9473118279569892
0.9473118279569892
0.9473118279569892
0.9473118279569892
0.0
0.0
0.5440860215053763
0.0
0.0
0.0
0.9473118279569892
0.9473118279569892
0.9473118279569892
0.9473118279569892
0.0
