0.9774193548387097
0.8397849462365592
0.7559139784946236
0.7559139784946236
0.7559139784946236
0.9774193548387097
0.8397849462365592
0.7559139784946236
0.7559139784946236
0.7559139784946236
0.7559139784946236
0.9774193548387097
0.8397849462365592
0.7559139784946236
0.7559139784946236
0.7559139784946236
0.7559139784946236
0.9774193548387097
0.8397849462365592
0.7559139784946236
0.7559139784946236
0.7559139784946236
0.7559139784946236
0.9774193548387097
0.8397849462365592
0.7559139784946236
0.7559139784946236
0.7559139784946236
0.7559139784946236
0.9774193548387097
0.8397849462365592
0.7559139784946236
0.7559139784946236
0.7559139784946236
0.7559139784946236
0.9774193548387097
0.8397849462365592
0.7559139784946236
0.7559139784946236
0.7559139784946236
0.7559139784946236
0.9774193548387097
0.8397849462365592
0.7559139784946236
0.7559139784946236
0.7559139784946236
0.7559139784946236
0.9774193548387097
0.8397849462365592
0.7559139784946236
0.7559139784946236
0.7559139784946236
0.7559139784946236
0.9774193548387097
0.8397849462365592
0.7559139784946236
0.7559139784946236
0.7559139784946236
0.7559139784946236
0.9774193548387097
0.8397849462365592
0.9774193548387097
0.8397849462365592
0.7559139784946236
0.7559139784946236
0.7559139784946236
0.7559139784946236
0.9774193548387097
0.8397849462365592
0.9774193548387097
0.8397849462365592
0.9774193548387097
0.8397849462365592
0.7559139784946236
0.7559139784946236
0.7559139784946236
0.7559139784946236
0.9774193548387097
0.8397849462365592
0.7559139784946236
0.7559139784946236
0.7559139784946236
0.7559139784946236
0.9774193548387097
0.8397849462365592
0.7559139784946236
0.7559139784946236
0.7559139784946236
0.7559139784946236
0.9774193548387097
0.8397849462365592
0.7559139784946236
0.7559139784946236
0.7559139784946236
0.7559139784946236
0.9774193548387097
0.8935483870967742
0.7559139784946236
0.7559139784946236
0.7559139784946236
0.7559139784946236
0.9774193548387097
0.8935483870967742
0.7559139784946236
0.7559139784946236
0.7559139784946236
0.7559139784946236
0.9774193548387097
0.8935483870967742
0.7559139784946236
0.7559139784946236
0.7559139784946236
0.7559139784946236
0.9774193548387097
0.8935483870967742
0.7559139784946236
0.7559139784946236
0.7559139784946236
0.7559139784946236
0.9774193548387097
0.8935483870967742
0.7559139784946236
0.7559139784946236
0.7559139784946236
0.9774193548387097
0.8935483870967742
0.7559139784946236
0.7559139784946236
0.7559139784946236
0.9774193548387097
0.8935483870967742
0.7559139784946236
0.7559139784946236
0.7559139784946236
0.9774193548387097
0.8935483870967742
0.7559139784946236
0.7559139784946236
0.7559139784946236
0.7559139784946236
0.9774193548387097
0.8935483870967742
0.7559139784946236
0.7559139784946236
0.7559139784946236
0.7559139784946236
0.9774193548387097
0.8935483870967742
0.8935483870967742
0.8935483870967742
0.8935483870967742
0.8935483870967742
0.9774193548387097
0.8935483870967742
0.8935483870967742
0.8935483870967742
0.8935483870967742
0.8935483870967742
0.9774193548387097
0.8935483870967742
0.8935483870967742
0.8935483870967742
0.8935483870967742
0.8935483870967742
0.9774193548387097
0.8935483870967742
0.7559139784946236
0.7559139784946236
0.7559139784946236
0.7559139784946236
0.9774193548387097
0.5741935483870968
0.5741935483870968
0.5741935483870968
0.5741935483870968
0.5741935483870968
0.9774193548387097
0.5741935483870968
0.5741935483870968
0.5741935483870968
0.5741935483870968
0.5741935483870968
0.9774193548387097
0.5741935483870968
0.7419354838709677
0.6580645161290323
0.6580645161290323
0.6580645161290323
0.9774193548387097
0.9774193548387097
0.5741935483870968
0.9774193548387097
0.9774193548387097
0.5741935483870968
0.5741935483870968
0.5741935483870968
0.5741935483870968
0.5741935483870968
0.9774193548387097
0.5741935483870968
0.9774193548387097
0.9774193548387097
0.5741935483870968
0.9774193548387097
0.5741935483870968
0.9774193548387097
0.5741935483870968
0.5741935483870968
0.5741935483870968
0.5741935483870968
0.5741935483870968
0.9774193548387097
0.5741935483870968
0.5741935483870968
0.9774193548387097
0.5741935483870968
0.5741935483870968
0.0
0.5741935483870968
0.0
0.5741935483870968
0.5741935483870968
0.0
0.5741935483870968
0.0
0.5741935483870968
0.5741935483870968
0.5741935483870968
0.0
0.5741935483870968
0.5741935483870968
0.5741935483870968
0.0
0.5741935483870968
0.5741935483870968
0.0
0.5741935483870968
0.0
0.5741935483870968
0.0
0.5741935483870968
0.5741935483870968
0.0
0.5741935483870968
0.5741935483870968
0.0
0.5741935483870968
0.5741935483870968
0.0
0.5741935483870968
0.5741935483870968
0.5741935483870968
0.5741935483870968
0.5741935483870968
0.0
0.5741935483870968
0.0
0.5741935483870968
0.5741935483870968
0.5741935483870968
0.5741935483870968
0.5741935483870968
0.0
0.9774193548387097
0.9774193548387097
0.9774193548387097
0.9774193548387097
0.9774193548387097
0.0
0.9774193548387097
0.9774193548387097
0.9774193548387097
0.9774193548387097
0.9774193548387097
0.0
0.9774193548387097
0.9774193548387097
0.9774193548387097
0.9774193548387097
0.9774193548387097
0.0
0.9774193548387097
0.0
0.9774193548387097
0.0
0.0
0.9774193548387097
0.9774193548387097
0.9774193548387097
0.9774193548387097
0.9774193548387097
0.0
0.9774193548387097
0.0
0.0
0.0
0.0
0.0
0.0
0.0
0.0
0.0
0.9774193548387097
0.0
0.0
0.5741935483870968
0.0
0.5741935483870968
0.0
0.5741935483870968
0.0
0.5741935483870968
0.5741935483870968
0.5741935483870968
0.5741935483870968
0.7419354838709677
0.0
0.5741935483870968
0.5741935483870968
0.5741935483870968
0.5741935483870968
0.7419354838709677
0.0
0.5741935483870968
0.5741935483870968
0.5741935483870968
0.5741935483870968
0.7419354838709677
0.0
0.5741935483870968
0.5741935483870968
0.5741935483870968
0.5741935483870968
0.7419354838709677
0.0
0.5741935483870968
0.5741935483870968
0.5741935483870968
0.5741935483870968
0.0
0.5741935483870968
0.5741935483870968
0.5741935483870968
0.5741935483870968
0.7419354838709677
0.0
0.5741935483870968
0.5741935483870968
0.5741935483870968
0.5741935483870968
0.7419354838709677
0.0
0.5741935483870968
0.5741935483870968
0.5741935483870968
0.5741935483870968
0.0
0.5741935483870968
0.5741935483870968
0.5741935483870968
0.5741935483870968
0.7419354838709677
0.0
0.5741935483870968
0.0
0.5741935483870968
0.5741935483870968
0.5741935483870968
0.5741935483870968
0.0
0.5741935483870968
0.5741935483870968
0.5741935483870968
0.5741935483870968
0.7419354838709677
0.0
0.5741935483870968
0.5741935483870968
0.7419354838709677
0.5741935483870968
0.7419354838709677
0.0
0.5741935483870968
0.5741935483870968
0.7419354838709677
0.5741935483870968
0.7419354838709677
0.0
0.5741935483870968
0.5741935483870968
0.7419354838709677
0.5741935483870968
0.7419354838709677
0.0
0.5741935483870968
0.5741935483870968
0.7419354838709677
0.5741935483870968
0.7419354838709677
0.0
0.5741935483870968
0.5741935483870968
0.7419354838709677
0.5741935483870968
0.5741935483870968
0.0
0.5741935483870968
0.7419354838709677
0.6580645161290323
0.8258064516129032
0.6580645161290323
0.0
0.5741935483870968
0.5741935483870968
0.7419354838709677
0.6580645161290323
0.8258064516129032
0.0
0.5741935483870968
0.7419354838709677
0.6580645161290323
0.8258064516129032
0.6580645161290323
0.0
0.5741935483870968
0.5741935483870968
0.7419354838709677
0.6580645161290323
0.8258064516129032
0.0
0.5741935483870968
0.7419354838709677
0.6580645161290323
0.6580645161290323
0.8258064516129032
0.0
0.5741935483870968
0.7419354838709677
0.6580645161290323
0.6580645161290323
0.8258064516129032
0.0
0.5741935483870968
0.7419354838709677
0.6580645161290323
0.6580645161290323
0.8258064516129032
0.0
0.6182795698924731
0.6182795698924731
0.6182795698924731
0.6182795698924731
0.6182795698924731
0.0
0.6182795698924731
0.6182795698924731
0.6182795698924731
0.6182795698924731
0.6182795698924731
0.0
0.6182795698924731
0.6182795698924731
0.6182795698924731
0.6182795698924731
0.6182795698924731
0.0
0.6182795698924731
0.6182795698924731
0.6182795698924731
0.6182795698924731
0.6182795698924731
0.0
0.6182795698924731
0.6182795698924731
0.6182795698924731
0.6182795698924731
0.6182795698924731
0.0
0.6182795698924731
0.6182795698924731
0.6182795698924731
0.6182795698924731
0.6182795698924731
0.0
0.6182795698924731
0.6182795698924731
0.6182795698924731
0.6182795698924731
0.6182795698924731
0.0
0.6182795698924731
0.6182795698924731
0.6182795698924731
0.6182795698924731
0.6182795698924731
0.0
0.6182795698924731
0.6182795698924731
0.6182795698924731
0.6182795698924731
0.6182795698924731
0.0
0.6182795698924731
0.6182795698924731
0.6182795698924731
0.6182795698924731
0.6182795698924731
0.0
0.6182795698924731
0.6182795698924731
0.6182795698924731
0.6182795698924731
0.6182795698924731
0.0
0.6182795698924731
0.6182795698924731
0.6182795698924731
0.6182795698924731
0.6182795698924731
0.0
0.6182795698924731
0.6182795698924731
0.6182795698924731
0.6182795698924731
0.6182795698924731
0.0
0.6182795698924731
0.6182795698924731
0.6182795698924731
0.6182795698924731
0.6182795698924731
0.0
0.6182795698924731
0.6182795698924731
0.6182795698924731
0.6182795698924731
0.0
0.0
0.0
0.6182795698924731
0.6182795698924731
0.6182795698924731
0.6182795698924731
0.0
0.6182795698924731
0.6182795698924731
0.6182795698924731
0.6182795698924731
0.0
0.8397849462365592
0.7021505376344086
0.6182795698924731
1.0
0.0
0.9774193548387097
0.9774193548387097
0.9774193548387097
0.9774193548387097
0.0
0.9774193548387097
0.9774193548387097
0.9774193548387097
0.9774193548387097
0.0
0.9774193548387097
0.9774193548387097
0.9774193548387097
0.9774193548387097
0.0
0.9774193548387097
0.9774193548387097
0.9774193548387097
0.9774193548387097
0.0
0.9774193548387097
0.9774193548387097
0.9774193548387097
0.9774193548387097
0.0
0.9774193548387097
0.9774193548387097
0.9774193548387097
0.9774193548387097
0.0
0.9774193548387097
0.9774193548387097
0.9774193548387097
0.9774193548387097
0.0
0.9774193548387097
0.9774193548387097
0.9774193548387097
0.9774193548387097
0.0
0.9774193548387097
0.9774193548387097
0.9774193548387097
0.9774193548387097
0.0
0.9774193548387097
0.9774193548387097
0.9774193548387097
0.9774193548387097
0.0
0.9774193548387097
0.9774193548387097
0.9774193548387097
0.9774193548387097
0.0
0.0
0.5741935483870968
0.0
0.0
0.0
0.9774193548387097
0.9774193548387097
0.9774193548387097
0.9774193548387097
0.0
0.5741935483870968
