0.9494623655913978
0.7344086021505376
0.7344086021505376
0.7344086021505376
0.7344086021505376
0.9494623655913978
0.7344086021505376
0.7344086021505376
0.7344086021505376
0.7344086021505376
0.7344086021505376
0.9494623655913978
0.7021505376344086
0.7021505376344086
0.7021505376344086
0.7021505376344086
0.7021505376344086
0.9494623655913978
0.8655913978494624
0.8655913978494624
0.8655913978494624
0.8655913978494624
0.8655913978494624
0.9494623655913978
0.8655913978494624
0.8655913978494624
0.8655913978494624
0.8655913978494624
0.8655913978494624
0.9494623655913978
0.7344086021505376
0.7344086021505376
0.7344086021505376
0.7344086021505376
0.7344086021505376
0.9494623655913978
0.7344086021505376
0.7344086021505376
0.7344086021505376
0.7344086021505376
0.7344086021505376
0.9494623655913978
0.7344086021505376
0.7344086021505376
0.7344086021505376
0.7344086021505376
0.7344086021505376
0.9494623655913978
0.8655913978494624
0.8655913978494624
0.8655913978494624
0.8655913978494624
0.8655913978494624
0.9494623655913978
0.8655913978494624
0.8655913978494624
0.8655913978494624
0.8655913978494624
0.8655913978494624
0.9494623655913978
0.9494623655913978
0.7344086021505376
0.7344086021505376
0.7344086021505376
0.7344086021505376
0.7344086021505376
0.9494623655913978
0.9494623655913978
0.9494623655913978
0.7344086021505376
0.7344086021505376
0.7344086021505376
0.7344086021505376
0.7344086021505376
0.9494623655913978
0.7344086021505376
0.7344086021505376
0.7344086021505376
0.7344086021505376
0.7344086021505376
0.9494623655913978
0.7344086021505376
0.7344086021505376
0.7344086021505376
0.7344086021505376
0.7344086021505376
0.9494623655913978
0.7344086021505376
0.7344086021505376
0.7344086021505376
0.7344086021505376
0.7344086021505376
0.9494623655913978
0.8655913978494624
0.8655913978494624
0.8655913978494624
0.8655913978494624
0.8655913978494624
0.9494623655913978
0.8655913978494624
0.8655913978494624
0.8655913978494624
0.8655913978494624
0.8655913978494624
0.9494623655913978
0.8655913978494624
0.8655913978494624
0.8655913978494624
0.8655913978494624
0.8655913978494624
0.9494623655913978
0.8655913978494624
0.8655913978494624
0.8655913978494624
0.8655913978494624
0.8655913978494624
0.9494623655913978
0.8655913978494624
0.8655913978494624
0.8655913978494624
0.8655913978494624
0.9494623655913978
0.8655913978494624
0.8655913978494624
0.8655913978494624
0.8655913978494624
0.9494623655913978
0.8655913978494624
0.8655913978494624
0.8655913978494624
0.8655913978494624
0.9494623655913978
0.8655913978494624
0.8655913978494624
0.8655913978494624
0.8655913978494624
0.8655913978494624
0.9494623655913978
0.8655913978494624
0.8655913978494624
0.8655913978494624
0.8655913978494624
0.8655913978494624
0.9494623655913978
0.8655913978494624
0.8655913978494624
0.8655913978494624
0.8655913978494624
0.8655913978494624
0.9494623655913978
0.8655913978494624
0.8655913978494624
0.8655913978494624
0.8655913978494624
0.8655913978494624
0.9494623655913978
0.8655913978494624
0.8655913978494624
0.8655913978494624
0.8655913978494624
0.8655913978494624
0.9494623655913978
0.8655913978494624
0.8655913978494624
0.8655913978494624
0.8655913978494624
0.8655913978494624
0.9494623655913978
0.9494623655913978
0.9494623655913978
0.546236559139785
0.546236559139785
0.2989247311827957
0.9494623655913978
0.8655913978494624
0.6505376344086021
0.6505376344086021
0.6505376344086021
0.4032258064516129
0.9494623655913978
0.9494623655913978
0.7344086021505376
0.7344086021505376
0.7344086021505376
0.4870967741935484
0.9494623655913978
0.9494623655913978
0.9494623655913978
0.9494623655913978
0.546236559139785
1.0
0.7612903225806451
0.3311827956989247
0.8688172043010752
0.9494623655913978
0.9494623655913978
0.9494623655913978
0.9494623655913978
0.9494623655913978
0.546236559139785
1.0
0.7612903225806451
0.3311827956989247
0.8688172043010752
0.9494623655913978
0.546236559139785
0.9494623655913978
0.546236559139785
0.0
0.0
0.546236559139785
1.0
0.0
0.0
0.546236559139785
1.0
0.7612903225806451
0.0
0.546236559139785
1.0
0.7612903225806451
0.0
0.546236559139785
1.0
0.0
0.0
0.0
0.546236559139785
1.0
0.0
0.9494623655913978
0.9494623655913978
0.0
0.9494623655913978
0.9494623655913978
0.0
0.9494623655913978
0.9494623655913978
0.9494623655913978
0.9494623655913978
0.9494623655913978
0.0
0.0
0.9494623655913978
0.9494623655913978
0.9494623655913978
0.9494623655913978
0.9494623655913978
0.0
0.9494623655913978
0.9494623655913978
0.9494623655913978
0.9494623655913978
0.9494623655913978
0.0
0.9494623655913978
0.9494623655913978
0.9494623655913978
0.9494623655913978
0.9494623655913978
0.0
0.9494623655913978
0.9494623655913978
0.9494623655913978
0.9494623655913978
0.9494623655913978
0.0
0.0
0.0
0.0
0.9494623655913978
0.9494623655913978
0.9494623655913978
0.9494623655913978
0.9494623655913978
0.0
0.0
0.0
0.0
0.0
0.0
0.0
0.0
0.0
0.0
0.0
0.0
0.0
0.0
0.0
0.546236559139785
0.8688172043010752
0.621505376344086
1.0
0.621505376344086
0.0
0.546236559139785
0.8688172043010752
0.621505376344086
1.0
0.621505376344086
0.0
0.546236559139785
0.8688172043010752
0.621505376344086
1.0
0.621505376344086
0.0
0.546236559139785
0.8688172043010752
0.621505376344086
1.0
0.621505376344086
0.0
0.546236559139785
0.8688172043010752
0.621505376344086
0.0
0.546236559139785
0.8688172043010752
0.621505376344086
1.0
0.621505376344086
0.0
0.546236559139785
0.8688172043010752
0.621505376344086
1.0
0.621505376344086
0.0
0.546236559139785
0.8688172043010752
0.621505376344086
0.0
0.546236559139785
0.8688172043010752
0.621505376344086
1.0
0.621505376344086
0.0
0.0
0.546236559139785
0.8688172043010752
0.621505376344086
0.0
0.546236559139785
0.8688172043010752
0.621505376344086
1.0
0.621505376344086
0.0
0.546236559139785
0.7612903225806451
0.3311827956989247
0.8688172043010752
0.3311827956989247
0.0
0.6182795698924731
0.8333333333333334
0.43010752688172044
1.0
0.43010752688172044
0.0
0.6182795698924731
0.9408602150537635
0.5376344086021505
1.0
0.5376344086021505
0.0
0.6182795698924731
0.8333333333333334
0.43010752688172044
1.0
0.8602150537634409
0.0
0.6182795698924731
0.9408602150537635
0.5376344086021505
1.0
0.5376344086021505
0.0
0.6182795698924731
0.9408602150537635
0.5376344086021505
1.0
0.7053763440860215
0.0
0.6182795698924731
0.9408602150537635
0.5376344086021505
1.0
0.7053763440860215
0.0
0.6182795698924731
0.9408602150537635
0.5376344086021505
1.0
0.8064516129032258
0.0
0.6182795698924731
0.8978494623655914
0.8978494623655914
0.8978494623655914
0.8978494623655914
0.0
0.6182795698924731
0.8333333333333334
0.8333333333333334
0.8333333333333334
0.4032258064516129
0.0
0.6182795698924731
0.8333333333333334
0.8333333333333334
0.8333333333333334
0.4032258064516129
0.0
0.6182795698924731
0.8978494623655914
0.8978494623655914
0.8978494623655914
0.8978494623655914
0.0
0.6182795698924731
0.6182795698924731
0.6182795698924731
0.6182795698924731
0.6182795698924731
0.0
0.6182795698924731
0.6182795698924731
0.6182795698924731
0.6182795698924731
0.6182795698924731
0.0
0.6182795698924731
0.6182795698924731
0.6182795698924731
0.6182795698924731
0.6182795698924731
0.0
0.6182795698924731
0.6182795698924731
0.6182795698924731
0.6182795698924731
0.6182795698924731
0.0
0.6182795698924731
0.6182795698924731
0.6182795698924731
0.6182795698924731
0.6182795698924731
0.0
0.6182795698924731
0.6182795698924731
0.6182795698924731
0.6182795698924731
0.6182795698924731
0.0
0.6182795698924731
0.6182795698924731
0.6182795698924731
0.6182795698924731
0.6182795698924731
0.0
0.6182795698924731
0.6182795698924731
0.6182795698924731
0.6182795698924731
0.6182795698924731
0.0
0.6182795698924731
0.6182795698924731
0.6182795698924731
0.6182795698924731
0.6182795698924731
0.0
0.6182795698924731
0.6182795698924731
0.6182795698924731
0.6182795698924731
0.6182795698924731
0.0
0.6182795698924731
0.6182795698924731
0.6182795698924731
0.6182795698924731
0.6182795698924731
0.0
0.6182795698924731
0.6182795698924731
0.6182795698924731
0.6182795698924731
0.6182795698924731
0.0
0.6182795698924731
0.6182795698924731
0.6182795698924731
0.6182795698924731
0.6182795698924731
0.0
0.6182795698924731
0.6182795698924731
0.6182795698924731
0.6182795698924731
0.6182795698924731
0.0
0.6182795698924731
0.6182795698924731
0.6182795698924731
0.6182795698924731
0.0
0.0
0.0
0.6182795698924731
0.6182795698924731
0.6182795698924731
0.6182795698924731
0.0
0.6182795698924731
0.6182795698924731
0.6182795698924731
0.6182795698924731
0.0
0.8655913978494624
0.6182795698924731
1.0
1.0
0.0
0.9494623655913978
0.9494623655913978
0.9494623655913978
0.9494623655913978
0.0
0.9494623655913978
0.9494623655913978
0.9494623655913978
0.9494623655913978
0.0
0.9494623655913978
0.9494623655913978
0.9494623655913978
0.9494623655913978
0.0
0.9494623655913978
0.9494623655913978
0.9494623655913978
0.9494623655913978
0.0
0.9494623655913978
0.9494623655913978
0.9494623655913978
0.9494623655913978
0.0
0.9494623655913978
0.9494623655913978
0.9494623655913978
0.9494623655913978
0.0
0.9494623655913978
0.9494623655913978
0.9494623655913978
0.9494623655913978
0.0
0.9494623655913978
0.9494623655913978
0.9494623655913978
0.9494623655913978
0.0
0.9494623655913978
0.9494623655913978
0.9494623655913978
0.9494623655913978
0.0
0.9494623655913978
0.9494623655913978
0.9494623655913978
0.9494623655913978
0.0
0.9494623655913978
0.9494623655913978
0.9494623655913978
0.9494623655913978
0.0
0.0
0.546236559139785
0.0
0.0
0.0
0.9494623655913978
0.9494623655913978
0.9494623655913978
0.9494623655913978
0.0
