0.9526881720430107
0.7376344086021506
0.7376344086021506
0.7376344086021506
0.7376344086021506
0.0
0.0
0.0
0.0
0.0
0.0
0.0
0.0
0.0
0.0
0.0
0.0
0.0
0.0
0.0
0.0
0.0
0.0
0.0
0.0
0.0
0.0
0.0
0.0
0.0
0.0
0.0
0.0
0.0
0.0
0.0
0.0
0.0
0.0
0.0
0.0
0.0
0.0
0.0
0.0
0.0
0.0
0.0
0.0
0.0
0.0
0.0
0.0
0.0
0.0
0.0
0.0
0.0
0.0
0.0
0.0
0.0
0.0
0.0
0.0
0.0
0.0
0.0
0.0
0.0
0.0
0.0
0.0
0.0
0.0
0.0
0.0
0.0
0.0
0.0
0.0
0.0
0.0
0.0
0.0
0.0
0.0
0.0
0.0
0.0
0.0
0.0
0.0
0.0
0.0
0.0
0.0
0.0
0.0
0.0
0.0
0.0
0.0
0.0
0.0
0.0
0.0
0.0
0.0
0.0
0.0
0.0
0.0
0.0
0.0
0.0
0.0
0.0
0.0
0.0
0.0
1.0
1.0
1.0
1.0
0.9526881720430107
0.8688172043010752
0.8688172043010752
0.8688172043010752
0.8688172043010752
0.0
0.0
0.0
0.0
0.0
0.0
0.0
0.0
0.0
0.0
0.0
0.0
0.0
0.0
0.0
0.0
0.0
0.0
0.0
0.0
0.0
0.0
0.0
0.0
0.0
0.0
0.0
0.0
0.0
0.0
0.0
0.0
0.0
0.0
0.0
0.0
0.0
0.0
0.0
0.0
0.0
0.0
0.0
0.0
0.0
0.0
0.0
0.0
0.0
0.0
0.0
0.0
0.0
0.0
0.0
0.0
0.0
0.0
0.0
0.0
0.0
1.0
0.8064516129032258
0.0
0.0
0.0
0.0
0.0
0.0
0.0
0.0
1.0
0.8064516129032258
0.0
0.0
0.0
0.0
0.0
0.0
0.0
0.0
0.0
0.0
0.0
0.0
0.0
0.0
0.0
0.0
0.0
0.0
0.0
0.0
0.0
0.43010752688172044
0.43010752688172044
0.0
0.43010752688172044
0.43010752688172044
0.0
0.43010752688172044
0.43010752688172044
0.43010752688172044
0.43010752688172044
0.43010752688172044
0.0
0.0
0.43010752688172044
0.43010752688172044
0.43010752688172044
0.43010752688172044
0.43010752688172044
0.0
0.43010752688172044
0.43010752688172044
0.43010752688172044
0.43010752688172044
0.43010752688172044
0.0
0.43010752688172044
0.43010752688172044
0.43010752688172044
0.43010752688172044
0.43010752688172044
0.0
0.43010752688172044
0.43010752688172044
0.43010752688172044
0.43010752688172044
0.43010752688172044
0.0
0.0
0.0
0.0
0.43010752688172044
0.43010752688172044
0.43010752688172044
0.43010752688172044
0.43010752688172044
0.0
0.0
0.0
0.0
0.0
0.0
0.0
0.0
0.0
0.0
0.0
0.0
0.0
0.0
0.0
0.0
0.0
0.8064516129032258
0.0
0.8064516129032258
0.0
0.0
0.0
0.8064516129032258
0.0
0.8064516129032258
0.0
0.0
0.0
0.8064516129032258
0.0
0.0
0.0
0.0
0.8064516129032258
0.0
0.8064516129032258
0.0
0.0
0.0
0.8064516129032258
0.0
0.0
0.0
0.8064516129032258
0.0
0.0
0.0
0.0
0.8064516129032258
0.0
0.0
0.0
0.0
0.8064516129032258
0.0
0.0
0.0
0.8064516129032258
0.0
0.8064516129032258
0.0
0.0
0.0
0.0
0.8064516129032258
0.0
0.0
0.0
0.8064516129032258
0.0
0.8064516129032258
0.0
0.0
0.0
0.0
0.0
0.8064516129032258
0.0
0.0
0.0
0.0
0.0
0.0
0.0
0.0
0.0
0.0
0.0
0.0
0.0
0.0
0.0
0.0
0.0
0.0
0.0
0.0
0.0
0.0
0.0
0.0
0.0
0.0
0.0
0.0
0.0
0.0
0.0
0.0
0.0
0.0
0.0
0.0
0.0
0.0
0.0
0.0
0.0
0.0
0.0
0.0
0.0
0.0
0.0
0.0
0.0
0.0
0.0
0.0
0.0
0.0
0.0
0.0
0.0
0.0
0.0
0.0
0.0
0.0
0.0
0.0
0.0
0.0
0.0
0.0
0.0
0.0
0.0
0.0
0.0
0.0
0.0
0.0
0.0
0.0
0.0
0.0
0.0
0.0
0.0
0.0
0.0
0.0
0.0
0.0
0.0
0.0
0.0
0.0
0.0
0.0
0.0
0.0
0.0
0.0
0.0
0.0
0.0
0.0
0.0
0.0
0.0
0.0
0.0
0.0
0.0
0.0
0.0
0.0
0.0
0.0
0.0
0.0
0.0
0.0
0.0
0.0
0.0
0.0
0.0
0.0
0.0
0.0
0.0
0.0
0.0
0.0
0.0
0.0
0.0
0.0
0.0
0.0
0.0
0.0
0.0
0.0
0.0
0.0
0.0
0.0
0.0
0.0
0.0
0.0
0.0
0.0
0.0
0.0
0.0
1.0
1.0
0.0
0.0
0.0
1.0
1.0
0.9376344086021505
0.7698924731182796
0.0
0.5161290322580645
0.8516129032258064
0.6838709677419355
0.8516129032258064
0.0
0.8150537634408602
0.7311827956989247
0.4838709677419355
1.0
0.0
0.9526881720430107
0.9526881720430107
0.9526881720430107
0.9526881720430107
0.0
0.9526881720430107
0.9526881720430107
0.9526881720430107
0.9526881720430107
0.0
0.9526881720430107
0.9526881720430107
0.9526881720430107
0.9526881720430107
0.0
0.9526881720430107
0.9526881720430107
0.9526881720430107
0.9526881720430107
0.0
0.9526881720430107
0.9526881720430107
0.9526881720430107
0.9526881720430107
0.0
0.9526881720430107
0.9526881720430107
0.9526881720430107
0.9526881720430107
0.0
0.9526881720430107
0.9526881720430107
0.9526881720430107
0.9526881720430107
0.0
0.9526881720430107
0.9526881720430107
0.9526881720430107
0.9526881720430107
0.0
0.9526881720430107
0.9526881720430107
0.9526881720430107
0.9526881720430107
0.0
0.9526881720430107
0.9526881720430107
0.9526881720430107
0.9526881720430107
0.0
0.9526881720430107
0.9526881720430107
0.9526881720430107
0.9526881720430107
0.0
0.0
0.0
0.0
0.0
0.0
0.0
0.0
0.0
0.0
