0.9473118279569892
0.8096774193548387
0.8096774193548387
0.8096774193548387
0.8096774193548387
0.0
0.0
0.0
0.0
0.0
0.0
0.0
0.0
0.0
0.0
0.0
0.0
0.0
0.0
0.0
0.0
0.0
0.0
0.0
0.0
0.0
0.0
0.0
0.0
0.0
0.0
0.0
0.0
0.0
0.0
0.0
0.0
0.0
0.0
0.0
0.0
0.0
0.0
0.0
0.0
0.0
0.0
0.0
0.0
0.0
0.0
0.0
0.0
0.0
0.0
0.0
0.0
0.0
0.0
0.0
0.0
0.0
0.0
0.0
0.0
0.0
0.0
0.0
0.0
0.0
0.0
0.0
0.0
0.0
0.0
0.0
0.0
0.0
0.0
0.0
0.0
0.0
0.0
0.0
0.0
0.0
0.0
0.0
0.0
0.0
0.0
0.0
0.0
0.0
0.0
0.0
0.0
0.0
0.0
0.0
0.0
0.0
0.0
0.0
0.0
0.0
0.0
0.0
0.0
0.0
0.0
0.0
0.0
0.0
0.0
0.0
0.0
0.0
0.0
0.0
0.9473118279569892
0.8096774193548387
0.8096774193548387
0.8096774193548387
0.8096774193548387
0.9473118279569892
0.8096774193548387
0.8096774193548387
0.8096774193548387
0.8096774193548387
0.0
0.0
0.0
0.0
0.0
0.0
0.0
0.0
0.0
0.0
0.0
0.0
0.0
0.0
0.0
0.0
0.0
0.0
0.0
0.0
0.0
0.0
0.0
0.0
0.0
0.0
0.0
0.0
0.0
0.0
0.0
0.0
0.0
0.0
0.0
0.0
0.0
0.0
0.0
0.0
0.0
0.0
0.0
0.0
0.0
0.0
0.0
0.0
0.0
0.0
0.0
0.0
0.0
0.0
0.0
0.0
0.0
0.0
0.0
1.0
0.967741935483871
0.5376344086021505
1.0
0.0
0.0
0.0
0.0
0.0
0.0
1.0
0.967741935483871
0.5376344086021505
1.0
0.0
0.0
0.0
0.0
0.0
0.0
0.0
0.0
0.0
0.0
1.0
0.0
0.0
1.0
0.0
0.0
0.0
0.0
0.0
0.0
0.0
0.43010752688172044
0.43010752688172044
0.0
0.43010752688172044
0.43010752688172044
0.0
0.43010752688172044
0.43010752688172044
0.43010752688172044
0.43010752688172044
0.43010752688172044
0.0
0.0
0.43010752688172044
0.43010752688172044
0.43010752688172044
0.43010752688172044
0.43010752688172044
0.0
0.8064516129032258
0.8064516129032258
0.8064516129032258
0.8064516129032258
0.8064516129032258
0.0
0.8064516129032258
0.8064516129032258
0.8064516129032258
0.8064516129032258
0.8064516129032258
0.0
0.8064516129032258
0.8064516129032258
0.8064516129032258
0.8064516129032258
0.8064516129032258
0.0
0.0
0.0
0.0
0.8064516129032258
0.8064516129032258
0.8064516129032258
0.8064516129032258
0.8064516129032258
0.0
0.0
0.0
0.0
0.0
0.0
0.0
0.0
0.0
0.0
0.0
0.0
0.0
0.0
0.0
0.0
0.0
1.0
0.5376344086021505
1.0
0.0
0.0
0.0
1.0
0.5376344086021505
1.0
0.0
0.0
0.0
1.0
0.5376344086021505
0.0
0.0
0.0
1.0
0.5376344086021505
1.0
0.0
0.0
0.0
1.0
0.0
0.0
0.0
1.0
0.5376344086021505
0.0
0.0
0.0
1.0
0.5376344086021505
0.0
0.0
0.0
1.0
0.0
0.0
0.0
1.0
0.5376344086021505
1.0
0.0
0.0
0.0
0.0
1.0
0.0
0.0
0.0
1.0
0.5376344086021505
1.0
0.0
0.0
0.0
1.0
0.5376344086021505
1.0
0.0
0.0
0.0
0.0
0.0
0.0
0.0
0.0
0.0
0.0
0.0
0.0
0.0
0.0
0.0
0.0
0.0
0.0
0.0
0.0
0.0
0.0
0.0
0.0
0.0
0.0
0.0
0.0
0.0
0.0
0.0
0.0
0.0
0.0
0.0
0.0
0.0
0.0
0.0
0.0
0.0
0.0
0.0
0.0
0.0
0.0
0.0
0.0
0.0
0.0
0.0
0.0
0.0
0.0
0.0
0.0
0.0
0.0
0.0
0.0
0.0
0.0
0.0
0.0
0.0
0.0
0.0
0.0
0.0
0.0
0.0
0.0
0.0
0.0
0.0
0.0
0.0
0.0
0.0
0.0
0.0
0.0
0.0
0.0
0.0
0.0
0.0
0.0
0.0
0.0
0.0
0.0
0.0
0.0
0.0
0.0
0.0
0.0
0.0
0.0
0.0
0.0
0.0
0.0
0.0
0.0
0.0
0.0
0.0
0.0
0.0
0.0
0.0
0.0
0.0
0.0
0.0
0.0
0.0
0.0
0.0
0.0
0.0
0.0
0.0
0.0
0.0
0.0
0.0
0.0
0.0
0.0
0.0
0.0
0.0
0.0
0.0
0.0
0.0
0.0
0.0
0.0
0.0
0.0
0.0
0.0
0.0
0.0
0.0
0.0
0.0
0.0
0.4946236559139785
1.0
1.0
0.0
0.0
0.0
0.9473118279569892
0.9473118279569892
0.678494623655914
0.678494623655914
0.0
0.9473118279569892
0.9473118279569892
0.678494623655914
0.678494623655914
0.0
0.8096774193548387
0.6720430107526881
1.0
0.6720430107526881
0.0
0.9473118279569892
0.9473118279569892
0.9473118279569892
0.9473118279569892
0.0
0.9473118279569892
0.9473118279569892
0.9473118279569892
0.9473118279569892
0.0
0.9473118279569892
0.9473118279569892
0.9473118279569892
0.9473118279569892
0.0
0.9473118279569892
0.9473118279569892
0.9473118279569892
0.9473118279569892
0.0
0.9473118279569892
0.9473118279569892
0.9473118279569892
0.9473118279569892
0.0
0.9473118279569892
0.9473118279569892
0.9473118279569892
0.9473118279569892
0.0
0.9473118279569892
0.9473118279569892
0.9473118279569892
0.9473118279569892
0.0
0.9473118279569892
0.9473118279569892
0.9473118279569892
0.9473118279569892
0.0
0.9473118279569892
0.9473118279569892
0.9473118279569892
0.9473118279569892
0.0
0.9473118279569892
0.9473118279569892
0.9473118279569892
0.9473118279569892
0.0
0.9473118279569892
0.9473118279569892
0.9473118279569892
0.9473118279569892
0.0
0.0
0.0
0.0
0.0
0.9473118279569892
0.9473118279569892
0.9473118279569892
0.9473118279569892
0.0
