0.9774193548387097
0.8397849462365592
0.7559139784946236
0.7559139784946236
0.7559139784946236
0.0
0.0
0.0
0.0
0.0
0.0
0.0
0.0
0.0
0.0
0.0
0.0
0.0
0.0
0.0
0.0
0.0
0.0
0.0
0.0
0.0
0.0
0.0
0.0
0.0
0.0
0.0
0.0
0.0
0.0
0.0
0.0
0.0
0.0
0.0
0.0
0.0
0.0
0.0
0.0
0.0
0.0
0.0
0.0
0.0
0.0
0.0
0.0
0.0
0.0
0.0
0.0
0.0
0.0
0.0
0.0
0.0
0.0
0.0
0.0
0.0
0.0
0.0
0.0
0.0
0.0
0.0
0.0
0.0
0.0
0.0
0.0
0.0
0.0
0.0
0.0
0.0
0.0
0.0
0.0
0.0
0.0
0.0
0.0
0.0
0.0
0.0
0.0
0.0
0.0
0.0
0.0
0.0
0.0
0.0
0.0
0.0
0.0
0.0
0.0
0.0
0.0
0.0
0.0
0.0
0.0
0.0
0.0
0.0
0.0
0.0
1.0
1.0
1.0
1.0
0.9774193548387097
0.8397849462365592
0.8397849462365592
0.8397849462365592
0.7559139784946236
0.9774193548387097
0.8397849462365592
0.8397849462365592
0.8397849462365592
0.7559139784946236
0.0
0.0
0.0
0.0
0.0
0.0
0.0
0.0
0.0
0.0
0.0
0.0
0.0
0.0
0.0
0.0
0.0
0.0
0.0
0.0
0.0
0.0
0.0
0.0
0.0
0.0
0.0
0.0
0.0
0.0
0.0
0.0
0.0
0.0
0.0
0.0
0.0
0.0
0.0
0.0
0.967741935483871
0.43010752688172044
0.0
0.0
0.0
1.0
0.5978494623655914
1.0
0.0
0.0
0.0
1.0
0.7053763440860215
0.7053763440860215
0.0
0.0
0.0
0.0
1.0
0.4946236559139785
1.0
0.4946236559139785
1.0
0.0
0.0
0.0
0.0
0.0
1.0
0.4946236559139785
1.0
0.4946236559139785
1.0
0.0
1.0
0.0
1.0
0.0
0.0
1.0
0.0
0.0
1.0
0.4946236559139785
0.0
1.0
0.4946236559139785
0.0
1.0
0.0
0.0
0.0
1.0
0.0
0.8064516129032258
0.8064516129032258
0.0
0.8064516129032258
0.8064516129032258
0.0
0.8064516129032258
0.8064516129032258
0.8064516129032258
0.8064516129032258
0.8064516129032258
0.0
0.0
0.8064516129032258
0.8064516129032258
0.8064516129032258
0.8064516129032258
0.8064516129032258
0.0
0.16774193548387098
0.16774193548387098
0.16774193548387098
0.16774193548387098
0.16774193548387098
0.0
0.16774193548387098
0.16774193548387098
0.16774193548387098
0.16774193548387098
0.16774193548387098
0.0
0.16774193548387098
0.16774193548387098
0.16774193548387098
0.16774193548387098
0.16774193548387098
0.0
0.0
0.0
0.0
0.16774193548387098
0.16774193548387098
0.16774193548387098
0.16774193548387098
0.16774193548387098
0.0
0.0
0.0
0.0
0.0
0.0
0.0
0.0
0.0
0.0
0.0
0.0
0.0
0.0
0.0
0.4946236559139785
1.0
0.4946236559139785
1.0
0.4946236559139785
0.0
0.4946236559139785
1.0
0.4946236559139785
1.0
0.4946236559139785
0.0
0.4946236559139785
1.0
0.4946236559139785
1.0
0.0
0.4946236559139785
1.0
0.4946236559139785
1.0
0.4946236559139785
0.0
0.4946236559139785
1.0
0.4946236559139785
0.0
0.4946236559139785
1.0
0.4946236559139785
1.0
0.0
0.4946236559139785
1.0
0.4946236559139785
1.0
0.0
0.4946236559139785
1.0
0.4946236559139785
0.0
0.4946236559139785
1.0
0.4946236559139785
1.0
0.4946236559139785
0.0
0.0
0.4946236559139785
1.0
0.4946236559139785
0.0
0.4946236559139785
1.0
0.4946236559139785
1.0
0.4946236559139785
0.0
0.0
1.0
0.8064516129032258
0.0
0.8064516129032258
0.0
0.0
1.0
0.5376344086021505
1.0
0.8064516129032258
0.0
0.0
1.0
0.8064516129032258
0.8064516129032258
0.0
0.0
0.0
1.0
0.4946236559139785
0.4946236559139785
1.0
0.0
0.0
1.0
0.8064516129032258
0.0
0.8064516129032258
0.0
0.0
0.0
1.0
0.5376344086021505
1.0
0.0
0.0
0.0
1.0
0.8602150537634409
0.8602150537634409
0.0
0.0
0.0
1.0
0.7655913978494624
0.5978494623655914
0.0
0.0
0.0
1.0
0.8129032258064516
0.8129032258064516
0.0
0.0
0.0
1.0
0.7655913978494624
0.5978494623655914
0.0
0.0
0.0
1.0
0.7655913978494624
0.5978494623655914
0.0
0.0
0.0
1.0
0.8129032258064516
0.8129032258064516
0.0
0.0
0.0
1.0
0.7053763440860215
0.7053763440860215
0.0
0.0
0.0
1.0
0.7053763440860215
0.7053763440860215
0.0
0.0
0.0
1.0
0.5376344086021505
1.0
0.0
0.0
0.0
0.0
1.0
0.5376344086021505
0.0
0.0
0.0
0.0
0.0
1.0
0.0
0.0
0.0
0.0
0.7053763440860215
0.7053763440860215
0.0
0.0
0.0
0.0
0.7053763440860215
0.7053763440860215
0.0
0.0
0.0
0.0
0.5376344086021505
1.0
0.0
0.0
0.0
0.0
0.0
0.0
0.0
0.0
0.0
0.0
0.7053763440860215
0.7053763440860215
0.0
0.0
0.0
0.0
0.7053763440860215
0.7053763440860215
0.0
0.0
0.0
0.0
0.7053763440860215
0.7053763440860215
0.0
0.0
0.0
0.0
0.7053763440860215
0.7053763440860215
0.0
0.0
0.0
0.0
0.7053763440860215
0.7053763440860215
0.0
1.0
1.0
0.5978494623655914
1.0
0.0
0.0
0.0
0.9774193548387097
0.9774193548387097
0.9774193548387097
0.9774193548387097
0.0
0.9774193548387097
0.9774193548387097
0.9774193548387097
0.9774193548387097
0.0
0.8397849462365592
0.7021505376344086
0.6182795698924731
1.0
0.0
0.9774193548387097
0.9774193548387097
0.9774193548387097
0.9774193548387097
0.0
0.9774193548387097
0.9774193548387097
0.9774193548387097
0.9774193548387097
0.0
0.9774193548387097
0.9774193548387097
0.9774193548387097
0.9774193548387097
0.0
0.9774193548387097
0.9774193548387097
0.9774193548387097
0.9774193548387097
0.0
0.9774193548387097
0.9774193548387097
0.9774193548387097
0.9774193548387097
0.0
0.9774193548387097
0.9774193548387097
0.9774193548387097
0.9774193548387097
0.0
0.9774193548387097
0.9774193548387097
0.9774193548387097
0.9774193548387097
0.0
0.9774193548387097
0.9774193548387097
0.9774193548387097
0.9774193548387097
0.0
0.9774193548387097
0.9774193548387097
0.9774193548387097
0.9774193548387097
0.0
0.9774193548387097
0.9774193548387097
0.9774193548387097
0.9774193548387097
0.0
0.9774193548387097
0.9774193548387097
0.9774193548387097
0.9774193548387097
0.0
0.0
0.0
0.0
0.0
0.9774193548387097
0.9774193548387097
0.9774193548387097
0.9774193548387097
0.0
