0.9774193548387097
0.7086021505376344
0.7086021505376344
0.7086021505376344
0.7086021505376344
0.9774193548387097
0.7086021505376344
0.7086021505376344
0.7086021505376344
0.7086021505376344
0.7086021505376344
0.9774193548387097
0.7086021505376344
0.7086021505376344
0.7086021505376344
0.7086021505376344
0.7086021505376344
0.9774193548387097
0.7086021505376344
0.7086021505376344
0.7086021505376344
0.7086021505376344
0.7086021505376344
0.9774193548387097
0.7086021505376344
0.7086021505376344
0.7086021505376344
0.7086021505376344
0.7086021505376344
0.9774193548387097
0.7086021505376344
0.7086021505376344
0.7086021505376344
0.7086021505376344
0.7086021505376344
0.9774193548387097
0.7086021505376344
0.7086021505376344
0.7086021505376344
0.7086021505376344
0.7086021505376344
0.9774193548387097
0.7086021505376344
0.7086021505376344
0.7086021505376344
0.7086021505376344
0.7086021505376344
0.9774193548387097
0.7086021505376344
0.7086021505376344
0.7086021505376344
0.7086021505376344
0.7086021505376344
0.9774193548387097
0.7086021505376344
0.7086021505376344
0.7086021505376344
0.7086021505376344
0.7086021505376344
0.9774193548387097
0.7086021505376344
0.9774193548387097
0.7086021505376344
0.7086021505376344
0.7086021505376344
0.7086021505376344
0.7086021505376344
0.9774193548387097
0.7086021505376344
0.9774193548387097
0.7086021505376344
0.9774193548387097
0.7086021505376344
0.7086021505376344
0.7086021505376344
0.7086021505376344
0.7086021505376344
0.9774193548387097
0.7086021505376344
0.7086021505376344
0.7086021505376344
0.7086021505376344
0.7086021505376344
0.9774193548387097
0.7086021505376344
0.7086021505376344
0.7086021505376344
0.7086021505376344
0.7086021505376344
0.9774193548387097
0.7086021505376344
0.7086021505376344
0.7086021505376344
0.7086021505376344
0.7086021505376344
0.9774193548387097
0.8397849462365592
0.7559139784946236
0.7559139784946236
0.7559139784946236
0.7559139784946236
0.9774193548387097
0.8397849462365592
0.7559139784946236
0.7559139784946236
0.7559139784946236
0.7559139784946236
0.9774193548387097
0.8397849462365592
0.7559139784946236
0.7559139784946236
0.7559139784946236
0.7559139784946236
0.9774193548387097
0.8397849462365592
0.7559139784946236
0.7559139784946236
0.7559139784946236
0.7559139784946236
0.9774193548387097
0.8397849462365592
0.7559139784946236
0.7559139784946236
0.7559139784946236
0.9774193548387097
0.8397849462365592
0.7559139784946236
0.7559139784946236
0.7559139784946236
0.9774193548387097
0.8397849462365592
0.7559139784946236
0.7559139784946236
0.7559139784946236
0.9774193548387097
0.8397849462365592
0.7559139784946236
0.7559139784946236
0.7559139784946236
0.7559139784946236
0.9774193548387097
0.8397849462365592
0.7559139784946236
0.7559139784946236
0.7559139784946236
0.7559139784946236
0.9774193548387097
0.8397849462365592
0.7559139784946236
0.7559139784946236
0.7559139784946236
0.7559139784946236
0.9774193548387097
0.8397849462365592
0.7559139784946236
0.7559139784946236
0.7559139784946236
0.7559139784946236
0.9774193548387097
0.8397849462365592
0.7559139784946236
0.7559139784946236
0.7559139784946236
0.7559139784946236
0.9774193548387097
0.8397849462365592
0.7559139784946236
0.7559139784946236
0.7559139784946236
0.7559139784946236
0.9774193548387097
0.9774193548387097
0.9774193548387097
0.9774193548387097
0.5741935483870968
0.5741935483870968
0.9774193548387097
0.8397849462365592
0.7559139784946236
0.7559139784946236
0.7559139784946236
0.7559139784946236
0.9774193548387097
0.8935483870967742
0.7559139784946236
0.7559139784946236
0.6720430107526881
1.0
0.9774193548387097
0.8935483870967742
0.9774193548387097
0.8935483870967742
0.9774193548387097
0.8935483870967742
0.9774193548387097
0.7086021505376344
0.624731182795699
0.624731182795699
1.0
0.7161290322580646
0.9774193548387097
0.7086021505376344
0.9774193548387097
0.7086021505376344
0.9774193548387097
0.7086021505376344
0.9774193548387097
0.7086021505376344
0.9774193548387097
0.7086021505376344
0.624731182795699
0.624731182795699
1.0
0.7161290322580646
0.9774193548387097
0.7086021505376344
0.624731182795699
0.9774193548387097
0.7086021505376344
0.624731182795699
0.0
0.7086021505376344
0.0
0.7086021505376344
0.624731182795699
0.0
0.7086021505376344
0.0
0.7086021505376344
0.624731182795699
0.624731182795699
0.0
0.7086021505376344
0.624731182795699
0.624731182795699
0.0
0.7086021505376344
0.624731182795699
0.0
0.7086021505376344
0.0
0.7086021505376344
0.0
0.7086021505376344
0.624731182795699
0.0
0.0
0.0
1.0
0.0
0.0
0.0
1.0
0.0
0.0
0.0
1.0
0.0
0.0
0.0
1.0
0.0
0.0
1.0
0.43010752688172044
0.0
0.0
0.0
1.0
0.0
0.7086021505376344
0.7086021505376344
0.0
0.7086021505376344
0.7086021505376344
0.0
0.7086021505376344
0.7086021505376344
0.7086021505376344
0.7086021505376344
0.7086021505376344
0.0
0.7086021505376344
0.0
0.7086021505376344
0.7086021505376344
0.7086021505376344
0.7086021505376344
0.7086021505376344
0.0
0.4946236559139785
0.0
0.4946236559139785
0.0
0.4946236559139785
0.0
0.4946236559139785
0.0
0.4946236559139785
0.0
0.4946236559139785
0.0
0.4946236559139785
0.0
0.0
0.0
0.4870967741935484
0.4870967741935484
0.4870967741935484
0.4870967741935484
0.4870967741935484
0.0
0.4870967741935484
0.4870967741935484
0.4870967741935484
0.4870967741935484
0.4870967741935484
0.0
0.0
0.0
0.0
0.0
0.0
0.0
0.0
0.0
0.4946236559139785
0.4946236559139785
0.4946236559139785
0.0
0.4946236559139785
0.4946236559139785
0.4946236559139785
0.0
0.4870967741935484
0.4870967741935484
0.4870967741935484
0.4870967741935484
0.4870967741935484
0.0
0.4870967741935484
0.0
0.4870967741935484
0.0
0.4870967741935484
0.0
0.4870967741935484
0.4870967741935484
0.4870967741935484
0.4870967741935484
0.4870967741935484
0.0
0.4870967741935484
0.0
0.4870967741935484
0.0
0.4870967741935484
0.0
0.4870967741935484
0.0
0.4870967741935484
0.0
0.4870967741935484
0.0
0.4870967741935484
0.0
0.4870967741935484
0.0
0.4870967741935484
0.0
0.4870967741935484
0.0
0.4870967741935484
0.0
0.4870967741935484
0.0
0.4870967741935484
0.0
0.4870967741935484
0.0
0.4870967741935484
0.4870967741935484
0.7623655913978494
0.35913978494623655
1.0
0.0
0.4870967741935484
0.4870967741935484
0.7623655913978494
0.35913978494623655
1.0
0.0
0.4870967741935484
0.4870967741935484
0.7623655913978494
0.35913978494623655
1.0
0.0
0.4870967741935484
0.4870967741935484
0.7623655913978494
0.35913978494623655
1.0
0.0
0.4870967741935484
0.4870967741935484
0.7623655913978494
0.35913978494623655
0.0
0.4870967741935484
0.4870967741935484
0.7623655913978494
0.35913978494623655
1.0
0.0
0.4870967741935484
0.4870967741935484
0.7623655913978494
0.35913978494623655
1.0
0.0
0.4870967741935484
0.4870967741935484
0.7623655913978494
0.35913978494623655
0.0
0.4870967741935484
0.4870967741935484
0.7623655913978494
0.35913978494623655
1.0
0.0
0.4870967741935484
0.0
0.4870967741935484
0.4870967741935484
0.7623655913978494
0.35913978494623655
0.0
0.4870967741935484
0.4870967741935484
0.7623655913978494
0.35913978494623655
1.0
0.0
0.4870967741935484
0.7623655913978494
0.35913978494623655
1.0
0.789247311827957
0.0
0.4870967741935484
0.7623655913978494
0.678494623655914
0.8462365591397849
0.678494623655914
0.0
0.4870967741935484
0.4870967741935484
0.8225806451612904
0.6548387096774193
0.8225806451612904
0.0
0.4870967741935484
0.8225806451612904
0.7387096774193549
0.5709677419354838
0.9064516129032258
0.0
0.4870967741935484
0.7623655913978494
0.7623655913978494
0.678494623655914
0.8462365591397849
0.0
0.4870967741935484
0.8225806451612904
0.7387096774193549
0.7387096774193549
0.7387096774193549
0.0
0.4870967741935484
0.8225806451612904
0.6548387096774193
0.8225806451612904
0.7387096774193549
0.0
0.4870967741935484
0.7623655913978494
0.7623655913978494
0.678494623655914
0.8462365591397849
0.0
0.4870967741935484
0.8225806451612904
0.7387096774193549
0.7387096774193549
0.7387096774193549
0.0
0.4870967741935484
0.8225806451612904
0.7387096774193549
0.5709677419354838
0.9064516129032258
0.0
0.4870967741935484
0.8225806451612904
0.7387096774193549
0.5709677419354838
0.9064516129032258
0.0
0.4870967741935484
0.8225806451612904
0.7387096774193549
0.5709677419354838
0.9064516129032258
0.0
0.4870967741935484
0.8225806451612904
0.7387096774193549
0.5709677419354838
0.9064516129032258
0.0
0.4870967741935484
0.8225806451612904
0.7387096774193549
0.5709677419354838
0.9064516129032258
0.0
0.4870967741935484
0.8225806451612904
0.7387096774193549
0.7387096774193549
0.7387096774193549
0.0
0.4870967741935484
0.8225806451612904
0.7387096774193549
0.7387096774193549
0.7387096774193549
0.0
0.4870967741935484
0.8225806451612904
0.7387096774193549
0.7387096774193549
0.7387096774193549
0.0
0.4870967741935484
0.8225806451612904
0.7387096774193549
0.7387096774193549
0.7387096774193549
0.0
0.4870967741935484
0.8225806451612904
0.7387096774193549
0.7387096774193549
0.7387096774193549
0.0
0.4870967741935484
0.8225806451612904
0.7387096774193549
0.7387096774193549
0.7387096774193549
0.0
0.4870967741935484
0.8225806451612904
0.7387096774193549
0.7387096774193549
0.7387096774193549
0.0
0.4870967741935484
0.8225806451612904
0.7387096774193549
0.7387096774193549
0.7387096774193549
0.0
0.4870967741935484
0.8225806451612904
0.7387096774193549
0.7387096774193549
0.7387096774193549
0.0
0.4870967741935484
0.8225806451612904
0.7387096774193549
0.7387096774193549
0.7387096774193549
0.0
0.4870967741935484
0.8225806451612904
0.7387096774193549
0.7387096774193549
0.7387096774193549
0.0
0.4870967741935484
0.8225806451612904
0.7387096774193549
0.7387096774193549
0.7387096774193549
0.0
0.4870967741935484
0.8225806451612904
0.7387096774193549
0.7387096774193549
0.0
0.4870967741935484
0.0
0.4870967741935484
0.7623655913978494
0.7623655913978494
0.7623655913978494
0.0
0.4870967741935484
0.8225806451612904
0.7387096774193549
0.7387096774193549
0.0
0.8397849462365592
0.7559139784946236
0.6720430107526881
0.6720430107526881
0.0
0.9774193548387097
0.9774193548387097
0.9774193548387097
0.9774193548387097
0.0
0.9774193548387097
0.9774193548387097
0.9774193548387097
0.9774193548387097
0.0
0.9774193548387097
0.9774193548387097
0.9774193548387097
0.9774193548387097
0.0
0.9774193548387097
0.9774193548387097
0.9774193548387097
0.9774193548387097
0.0
0.9774193548387097
0.9774193548387097
0.9774193548387097
0.9774193548387097
0.0
0.9774193548387097
0.9774193548387097
0.9774193548387097
0.9774193548387097
0.0
0.9774193548387097
0.9774193548387097
0.9774193548387097
0.9774193548387097
0.0
0.9774193548387097
0.9774193548387097
0.9774193548387097
0.9774193548387097
0.0
0.9774193548387097
0.9774193548387097
0.9774193548387097
0.9774193548387097
0.0
0.9774193548387097
0.9774193548387097
0.9774193548387097
0.9774193548387097
0.0
0.9774193548387097
0.9774193548387097
0.9774193548387097
0.9774193548387097
0.0
0.0
0.5741935483870968
0.0
0.0
0.0
0.0
0.0
0.0
0.0
0.0
0.9774193548387097
0.0
0.9774193548387097
0.9774193548387097
0.9774193548387097
0.9774193548387097
0.0
0.0
0.5741935483870968
