0.9774193548387097
0.7086021505376344
0.7086021505376344
0.7086021505376344
0.7086021505376344
0.0
1.0
1.0
1.0
1.0
1.0
0.0
1.0
1.0
1.0
1.0
1.0
0.0
1.0
1.0
1.0
1.0
1.0
0.0
1.0
1.0
1.0
1.0
1.0
0.0
1.0
1.0
1.0
1.0
1.0
0.0
1.0
1.0
1.0
1.0
1.0
0.0
1.0
1.0
1.0
1.0
1.0
0.0
1.0
1.0
1.0
1.0
1.0
0.0
1.0
1.0
1.0
1.0
1.0
0.0
0.0
1.0
1.0
1.0
1.0
1.0
0.0
0.0
0.0
1.0
1.0
1.0
1.0
0.0
1.0
1.0
1.0
1.0
1.0
0.0
1.0
1.0
1.0
1.0
1.0
0.0
1.0
1.0
1.0
1.0
1.0
0.0
1.0
1.0
1.0
1.0
1.0
0.0
1.0
1.0
1.0
1.0
1.0
0.0
1.0
1.0
1.0
1.0
1.0
0.0
1.0
1.0
1.0
1.0
1.0
0.9774193548387097
0.8935483870967742
0.8096774193548387
0.8096774193548387
0.8096774193548387
0.9774193548387097
0.8935483870967742
0.8096774193548387
0.8096774193548387
0.8096774193548387
0.9774193548387097
0.8935483870967742
0.8096774193548387
0.8096774193548387
0.8096774193548387
0.0
1.0
1.0
1.0
1.0
1.0
0.0
1.0
1.0
1.0
1.0
1.0
0.0
1.0
1.0
1.0
1.0
1.0
0.0
1.0
1.0
1.0
1.0
1.0
0.0
0.946236559139785
0.946236559139785
0.946236559139785
0.946236559139785
0.946236559139785
0.0
1.0
1.0
1.0
1.0
1.0
0.0
0.8064516129032258
0.8064516129032258
0.8064516129032258
0.8064516129032258
0.8064516129032258
0.0
1.0
1.0
0.7784946236559139
0.610752688172043
1.0
0.0
0.8387096774193549
0.6709677419354839
1.0
0.6709677419354839
1.0
0.0
0.0
0.0
0.0
0.9741935483870968
0.8064516129032258
0.0
1.0
0.5376344086021505
0.0
0.0
0.0
0.0
0.0
0.9741935483870968
0.8064516129032258
0.0
1.0
0.5376344086021505
0.0
0.9741935483870968
0.0
0.9741935483870968
0.0
0.0
0.9741935483870968
0.0
0.0
0.9741935483870968
0.8064516129032258
0.0
0.9741935483870968
0.8064516129032258
0.0
0.9741935483870968
0.0
0.0
0.0
0.9741935483870968
0.8064516129032258
0.0
0.16774193548387098
0.16774193548387098
0.0
0.16774193548387098
0.16774193548387098
0.0
0.16774193548387098
0.16774193548387098
0.16774193548387098
0.16774193548387098
0.16774193548387098
0.0
0.0
0.16774193548387098
0.16774193548387098
0.16774193548387098
0.16774193548387098
0.16774193548387098
0.0
0.4946236559139785
0.4946236559139785
0.4946236559139785
0.4946236559139785
0.4946236559139785
0.0
0.4946236559139785
0.4946236559139785
0.4946236559139785
0.4946236559139785
0.4946236559139785
0.0
0.4946236559139785
0.4946236559139785
0.4946236559139785
0.4946236559139785
0.4946236559139785
0.0
0.0
0.0
0.0
0.4946236559139785
0.4946236559139785
0.4946236559139785
0.4946236559139785
0.4946236559139785
0.0
0.0
0.0
0.0
0.0
0.0
0.0
0.0
0.0
0.0
0.0
0.0
0.0
0.0
0.0
1.0
1.0
0.6623655913978495
1.0
0.7053763440860215
0.0
1.0
1.0
0.6623655913978495
1.0
0.7053763440860215
0.0
1.0
1.0
0.6623655913978495
1.0
0.7053763440860215
0.0
1.0
1.0
0.6623655913978495
1.0
0.7053763440860215
0.0
1.0
1.0
0.6623655913978495
0.0
1.0
1.0
0.6623655913978495
1.0
0.0
1.0
1.0
0.6623655913978495
1.0
0.0
1.0
1.0
0.6623655913978495
0.0
1.0
1.0
0.6623655913978495
1.0
0.7053763440860215
0.0
0.0
1.0
1.0
0.6623655913978495
0.0
1.0
1.0
0.6623655913978495
1.0
0.7053763440860215
0.0
1.0
1.0
0.6623655913978495
1.0
1.0
0.0
1.0
1.0
0.9806451612903225
0.7053763440860215
0.7053763440860215
0.0
1.0
1.0
0.886021505376344
0.610752688172043
1.0
0.0
1.0
1.0
0.886021505376344
0.610752688172043
1.0
0.0
1.0
1.0
0.886021505376344
0.610752688172043
1.0
0.0
1.0
1.0
0.886021505376344
0.610752688172043
1.0
0.0
1.0
1.0
0.886021505376344
0.610752688172043
1.0
0.0
1.0
1.0
0.9376344086021505
0.7698924731182796
0.7698924731182796
0.0
1.0
1.0
0.9376344086021505
0.7698924731182796
0.7698924731182796
0.0
1.0
1.0
0.9376344086021505
0.7698924731182796
0.7698924731182796
0.0
1.0
1.0
0.9376344086021505
0.7698924731182796
0.7698924731182796
0.0
1.0
1.0
0.9376344086021505
0.7698924731182796
0.7698924731182796
0.0
1.0
1.0
0.9376344086021505
0.7698924731182796
0.7698924731182796
0.0
1.0
1.0
0.9376344086021505
0.7698924731182796
0.7698924731182796
0.0
1.0
1.0
0.9376344086021505
0.7698924731182796
0.7698924731182796
0.0
1.0
1.0
0.9376344086021505
0.7698924731182796
0.7698924731182796
0.0
1.0
1.0
0.9376344086021505
0.7698924731182796
0.7698924731182796
0.0
1.0
1.0
0.9376344086021505
0.7698924731182796
0.7698924731182796
0.0
1.0
1.0
0.9376344086021505
0.7698924731182796
0.7698924731182796
0.0
1.0
1.0
0.9376344086021505
0.7698924731182796
0.7698924731182796
0.0
1.0
1.0
0.9376344086021505
0.7698924731182796
0.7698924731182796
0.0
1.0
1.0
0.9376344086021505
0.7698924731182796
0.7698924731182796
0.0
1.0
1.0
0.9376344086021505
0.7698924731182796
0.7698924731182796
0.0
1.0
1.0
0.9376344086021505
0.7698924731182796
0.7698924731182796
0.0
1.0
1.0
0.9376344086021505
0.7698924731182796
0.7698924731182796
0.0
1.0
1.0
0.9376344086021505
0.7698924731182796
0.7698924731182796
0.0
0.6720430107526881
0.6720430107526881
0.6720430107526881
0.6720430107526881
0.0
0.0
0.0
0.6720430107526881
0.6720430107526881
0.6720430107526881
0.6720430107526881
0.0
0.6720430107526881
0.6720430107526881
0.6720430107526881
0.6720430107526881
0.0
0.8397849462365592
0.7559139784946236
0.6720430107526881
0.6720430107526881
0.0
0.9774193548387097
0.9774193548387097
0.9774193548387097
0.9774193548387097
0.0
0.9774193548387097
0.9774193548387097
0.9774193548387097
0.9774193548387097
0.0
0.9774193548387097
0.9774193548387097
0.9774193548387097
0.9774193548387097
0.0
0.9774193548387097
0.9774193548387097
0.9774193548387097
0.9774193548387097
0.0
0.9774193548387097
0.9774193548387097
0.9774193548387097
0.9774193548387097
0.0
0.9774193548387097
0.9774193548387097
0.9774193548387097
0.9774193548387097
0.0
0.9774193548387097
0.9774193548387097
0.9774193548387097
0.9774193548387097
0.0
0.9774193548387097
0.9774193548387097
0.9774193548387097
0.9774193548387097
0.0
0.9774193548387097
0.9774193548387097
0.9774193548387097
0.9774193548387097
0.0
0.9774193548387097
0.9774193548387097
0.9774193548387097
0.9774193548387097
0.0
0.9774193548387097
0.9774193548387097
0.9774193548387097
0.9774193548387097
0.0
0.0
0.5741935483870968
0.0
0.0
0.0
0.9774193548387097
0.9774193548387097
0.9774193548387097
0.9774193548387097
0.0
