0.9774193548387097
0.8397849462365592
0.7559139784946236
0.7559139784946236
0.7559139784946236
0.0
0.0
0.0
0.0
0.0
0.0
0.0
0.0
0.0
0.0
0.0
0.0
0.0
0.0
0.0
0.0
0.0
0.0
0.0
0.0
0.0
0.0
0.0
0.0
0.0
0.0
0.0
0.0
0.0
0.0
0.0
0.0
0.0
0.0
0.0
0.0
0.0
0.0
0.0
0.0
0.0
0.0
0.0
0.0
0.0
0.0
0.0
0.0
0.0
0.0
0.0
0.0
0.0
0.0
0.0
0.0
0.0
0.0
0.0
0.0
0.0
0.0
0.0
0.0
0.0
0.0
0.0
0.0
0.0
0.0
0.0
0.0
0.0
0.0
0.0
0.0
0.0
0.0
0.0
0.0
0.0
0.0
0.0
0.0
0.0
0.0
0.0
0.0
0.0
0.0
0.0
0.0
0.0
0.0
0.0
0.0
0.0
0.0
0.0
0.0
0.0
0.0
0.0
0.0
0.0
0.0
0.0
0.0
0.0
0.0
0.9774193548387097
0.8935483870967742
0.8935483870967742
0.7559139784946236
0.7559139784946236
0.9774193548387097
0.8935483870967742
0.8935483870967742
0.8935483870967742
0.7559139784946236
0.9774193548387097
0.8935483870967742
0.8935483870967742
0.8935483870967742
0.8935483870967742
0.0
0.0
0.0
0.0
0.0
0.0
0.0
0.0
0.0
0.0
0.0
0.0
0.0
0.0
0.0
0.0
0.0
0.0
0.0
0.0
0.0
0.0
0.0
0.0
0.0
0.0
0.0
0.0
0.0
0.0
0.0
0.0
0.0
0.0
0.0
0.0
0.0
0.0
0.0
1.0
0.5376344086021505
1.0
0.0
0.0
0.9247311827956989
0.9247311827956989
0.9247311827956989
0.4946236559139785
0.0
0.0
0.9741935483870968
0.8064516129032258
0.8064516129032258
0.8064516129032258
0.0
0.0
0.0
0.0
1.0
0.5376344086021505
1.0
0.5376344086021505
1.0
0.0
0.0
0.0
0.0
0.0
1.0
0.5376344086021505
1.0
0.5376344086021505
1.0
0.0
1.0
0.0
1.0
0.0
0.0
1.0
0.0
0.0
1.0
0.5376344086021505
0.0
1.0
0.5376344086021505
0.0
1.0
0.0
0.0
0.0
1.0
0.0
0.43010752688172044
0.43010752688172044
0.0
0.43010752688172044
0.43010752688172044
0.0
0.43010752688172044
0.43010752688172044
0.43010752688172044
0.43010752688172044
0.43010752688172044
0.0
0.0
0.43010752688172044
0.43010752688172044
0.43010752688172044
0.43010752688172044
0.43010752688172044
0.0
0.2752688172043011
0.2752688172043011
0.2752688172043011
0.2752688172043011
0.2752688172043011
0.0
0.2752688172043011
0.2752688172043011
0.2752688172043011
0.2752688172043011
0.2752688172043011
0.0
0.2752688172043011
0.2752688172043011
0.2752688172043011
0.2752688172043011
0.2752688172043011
0.0
0.0
0.0
0.0
0.2752688172043011
0.2752688172043011
0.2752688172043011
0.2752688172043011
0.2752688172043011
0.0
0.0
0.0
0.0
0.0
0.0
0.0
0.0
0.0
0.0
0.0
0.0
0.0
0.0
0.0
1.0
0.967741935483871
0.5376344086021505
1.0
0.5376344086021505
0.0
1.0
0.967741935483871
0.5376344086021505
1.0
0.5376344086021505
0.0
1.0
0.967741935483871
0.5376344086021505
1.0
0.0
1.0
0.967741935483871
0.5376344086021505
1.0
0.5376344086021505
0.0
1.0
0.967741935483871
0.5376344086021505
0.0
1.0
0.967741935483871
0.5376344086021505
1.0
0.0
1.0
0.967741935483871
0.5376344086021505
1.0
0.0
1.0
0.967741935483871
0.5376344086021505
0.0
1.0
0.967741935483871
0.5376344086021505
1.0
0.5376344086021505
0.0
0.0
1.0
0.967741935483871
0.5376344086021505
0.0
1.0
0.967741935483871
0.5376344086021505
1.0
0.5376344086021505
0.0
1.0
0.8602150537634409
0.43010752688172044
1.0
0.43010752688172044
0.0
1.0
0.8064516129032258
0.8064516129032258
0.0
0.8064516129032258
0.0
1.0
1.0
0.4946236559139785
1.0
0.4946236559139785
0.0
1.0
1.0
0.6623655913978495
1.0
0.6623655913978495
0.0
1.0
0.9376344086021505
0.7698924731182796
0.7698924731182796
0.7698924731182796
0.0
0.0
1.0
0.5376344086021505
1.0
0.7053763440860215
0.0
0.0
1.0
0.8064516129032258
0.8064516129032258
0.8064516129032258
0.0
0.0
1.0
1.0
0.8064516129032258
0.8064516129032258
0.0
0.0
1.0
1.0
0.5376344086021505
1.0
0.0
0.0
1.0
0.8064516129032258
0.0
1.0
0.0
0.0
1.0
0.8064516129032258
0.0
1.0
0.0
0.0
1.0
1.0
0.8064516129032258
0.8064516129032258
0.0
0.0
1.0
0.5376344086021505
1.0
0.5376344086021505
0.0
0.0
1.0
0.5376344086021505
1.0
0.5376344086021505
0.0
0.0
1.0
0.5376344086021505
1.0
0.5376344086021505
0.0
0.0
0.0
1.0
1.0
0.5032258064516129
0.0
0.0
0.0
1.0
1.0
0.5376344086021505
0.0
0.0
0.0
1.0
0.7053763440860215
0.7053763440860215
0.0
0.0
0.0
1.0
0.7053763440860215
0.7053763440860215
0.0
0.0
0.0
1.0
1.0
0.5376344086021505
0.0
0.0
0.0
0.16774193548387098
1.0
1.0
0.0
0.0
0.0
1.0
0.7053763440860215
0.7053763440860215
0.0
0.0
0.0
1.0
0.7053763440860215
0.7053763440860215
0.0
0.0
0.0
1.0
0.7053763440860215
0.7053763440860215
0.0
0.0
0.0
1.0
0.7053763440860215
0.7053763440860215
0.0
0.0
0.0
1.0
0.7053763440860215
0.7053763440860215
0.0
0.6182795698924731
0.6182795698924731
0.6182795698924731
0.6182795698924731
0.0
0.0
0.0
0.6182795698924731
0.6182795698924731
0.6182795698924731
0.6182795698924731
0.0
0.6182795698924731
0.6182795698924731
0.6182795698924731
0.6182795698924731
0.0
0.8397849462365592
0.7021505376344086
0.6182795698924731
1.0
0.0
0.9774193548387097
0.9774193548387097
0.9774193548387097
0.9774193548387097
0.0
0.9774193548387097
0.9774193548387097
0.9774193548387097
0.9774193548387097
0.0
0.9774193548387097
0.9774193548387097
0.9774193548387097
0.9774193548387097
0.0
0.9774193548387097
0.9774193548387097
0.9774193548387097
0.9774193548387097
0.0
0.9774193548387097
0.9774193548387097
0.9774193548387097
0.9774193548387097
0.0
0.9774193548387097
0.9774193548387097
0.9774193548387097
0.9774193548387097
0.0
0.9774193548387097
0.9774193548387097
0.9774193548387097
0.9774193548387097
0.0
0.9774193548387097
0.9774193548387097
0.9774193548387097
0.9774193548387097
0.0
0.9774193548387097
0.9774193548387097
0.9774193548387097
0.9774193548387097
0.0
0.9774193548387097
0.9774193548387097
0.9774193548387097
0.9774193548387097
0.0
0.9774193548387097
0.9774193548387097
0.9774193548387097
0.9774193548387097
0.0
0.0
0.0
0.0
0.0
0.9774193548387097
0.9774193548387097
0.9774193548387097
0.9774193548387097
0.0
