0.9494623655913978
0.7344086021505376
0.7344086021505376
0.7344086021505376
0.7344086021505376
0.0
1.0
1.0
1.0
1.0
1.0
0.0
1.0
1.0
1.0
1.0
1.0
0.0
1.0
1.0
1.0
1.0
1.0
0.0
1.0
1.0
1.0
1.0
1.0
0.0
1.0
1.0
1.0
1.0
1.0
0.0
1.0
1.0
1.0
1.0
1.0
0.0
1.0
1.0
1.0
1.0
1.0
0.0
1.0
1.0
1.0
1.0
1.0
0.0
1.0
1.0
1.0
1.0
1.0
0.0
0.0
1.0
1.0
1.0
1.0
1.0
0.0
0.0
0.0
1.0
1.0
1.0
1.0
0.0
1.0
1.0
1.0
1.0
1.0
0.0
1.0
1.0
1.0
1.0
1.0
0.0
1.0
1.0
1.0
1.0
1.0
0.0
1.0
1.0
1.0
1.0
1.0
0.0
1.0
1.0
1.0
1.0
1.0
0.0
1.0
1.0
1.0
1.0
1.0
0.0
1.0
1.0
1.0
1.0
1.0
0.9494623655913978
0.8655913978494624
0.8655913978494624
0.8655913978494624
0.8655913978494624
0.9494623655913978
0.8655913978494624
0.8655913978494624
0.8655913978494624
0.8655913978494624
0.9494623655913978
0.8655913978494624
0.8655913978494624
0.8655913978494624
0.8655913978494624
0.0
1.0
1.0
1.0
1.0
1.0
0.0
1.0
1.0
1.0
1.0
1.0
0.0
1.0
1.0
1.0
1.0
1.0
0.0
1.0
1.0
1.0
1.0
1.0
0.0
1.0
1.0
1.0
1.0
1.0
0.0
1.0
1.0
1.0
1.0
1.0
0.0
0.8064516129032258
0.8064516129032258
0.8064516129032258
0.8064516129032258
0.0
0.0
1.0
0.989247311827957
0.989247311827957
0.989247311827957
0.989247311827957
0.0
1.0
1.0
1.0
1.0
0.7655913978494624
0.0
0.0
0.0
0.0
1.0
0.4946236559139785
1.0
0.8129032258064516
0.2752688172043011
0.0
0.0
0.0
0.0
0.0
1.0
0.4946236559139785
1.0
0.8129032258064516
0.2752688172043011
0.0
1.0
0.0
1.0
0.0
0.0
1.0
0.0
0.0
1.0
0.4946236559139785
0.0
1.0
0.4946236559139785
0.0
1.0
0.0
0.0
0.0
1.0
0.4946236559139785
0.0
0.16774193548387098
0.16774193548387098
0.0
0.16774193548387098
0.16774193548387098
0.0
0.16774193548387098
0.16774193548387098
0.16774193548387098
0.16774193548387098
0.16774193548387098
0.0
0.0
0.16774193548387098
0.16774193548387098
0.16774193548387098
0.16774193548387098
0.16774193548387098
0.0
0.8064516129032258
0.8064516129032258
0.8064516129032258
0.8064516129032258
0.8064516129032258
0.0
0.8064516129032258
0.8064516129032258
0.8064516129032258
0.8064516129032258
0.8064516129032258
0.0
0.8064516129032258
0.8064516129032258
0.8064516129032258
0.8064516129032258
0.8064516129032258
0.0
0.0
0.0
0.0
0.8064516129032258
0.8064516129032258
0.8064516129032258
0.8064516129032258
0.8064516129032258
0.0
0.0
0.0
0.0
0.0
0.0
0.0
0.0
0.0
0.0
0.0
0.0
0.0
0.0
0.0
1.0
0.443010752688172
1.0
0.443010752688172
1.0
0.0
1.0
0.443010752688172
1.0
0.443010752688172
1.0
0.0
1.0
0.443010752688172
1.0
0.443010752688172
1.0
0.0
1.0
0.443010752688172
1.0
0.443010752688172
1.0
0.0
1.0
0.443010752688172
1.0
0.0
1.0
0.443010752688172
1.0
0.443010752688172
0.0
1.0
0.443010752688172
1.0
0.443010752688172
0.0
1.0
0.443010752688172
1.0
0.0
1.0
0.443010752688172
1.0
0.443010752688172
1.0
0.0
0.0
1.0
0.443010752688172
1.0
0.0
1.0
0.443010752688172
1.0
0.443010752688172
1.0
0.0
1.0
0.443010752688172
1.0
0.8731182795698925
0.5978494623655914
0.0
1.0
0.443010752688172
1.0
0.7182795698924731
0.7182795698924731
0.0
1.0
1.0
0.33548387096774196
1.0
0.9741935483870968
0.0
1.0
1.0
0.33548387096774196
1.0
1.0
0.0
1.0
1.0
0.7655913978494624
0.5978494623655914
1.0
0.0
1.0
0.9333333333333333
0.5032258064516129
1.0
1.0
0.0
1.0
1.0
0.610752688172043
1.0
0.9333333333333333
0.0
1.0
0.7655913978494624
0.5978494623655914
1.0
0.967741935483871
0.0
1.0
0.7655913978494624
0.5978494623655914
1.0
0.967741935483871
0.0
1.0
0.7655913978494624
0.5978494623655914
1.0
0.5978494623655914
0.0
1.0
0.7655913978494624
0.5978494623655914
1.0
0.5978494623655914
0.0
1.0
0.7655913978494624
0.5978494623655914
1.0
0.967741935483871
0.0
1.0
0.7655913978494624
0.5978494623655914
1.0
0.5978494623655914
0.0
1.0
0.7655913978494624
0.5978494623655914
1.0
0.5978494623655914
0.0
1.0
0.7655913978494624
0.5978494623655914
1.0
0.5978494623655914
0.0
1.0
0.7655913978494624
0.5978494623655914
1.0
0.7655913978494624
0.0
1.0
0.7655913978494624
0.5978494623655914
1.0
0.7655913978494624
0.0
1.0
1.0
0.5978494623655914
1.0
0.7655913978494624
0.0
1.0
1.0
0.5978494623655914
1.0
0.7655913978494624
0.0
1.0
1.0
0.5978494623655914
1.0
0.7655913978494624
0.0
1.0
1.0
1.0
0.967741935483871
0.967741935483871
0.0
1.0
1.0
0.5978494623655914
1.0
0.7655913978494624
0.0
1.0
1.0
0.5978494623655914
1.0
0.7655913978494624
0.0
1.0
1.0
0.5978494623655914
1.0
0.7655913978494624
0.0
1.0
1.0
0.5978494623655914
1.0
0.7655913978494624
0.0
1.0
1.0
0.5978494623655914
1.0
0.7655913978494624
0.0
0.6182795698924731
0.6182795698924731
0.6182795698924731
0.6182795698924731
0.0
0.0
0.0
0.6182795698924731
0.6182795698924731
0.6182795698924731
0.6182795698924731
0.0
0.6182795698924731
0.6182795698924731
0.6182795698924731
0.6182795698924731
0.0
0.8655913978494624
0.6182795698924731
1.0
1.0
0.0
0.9494623655913978
0.9494623655913978
0.9494623655913978
0.9494623655913978
0.0
0.9494623655913978
0.9494623655913978
0.9494623655913978
0.9494623655913978
0.0
0.9494623655913978
0.9494623655913978
0.9494623655913978
0.9494623655913978
0.0
0.9494623655913978
0.9494623655913978
0.9494623655913978
0.9494623655913978
0.0
0.9494623655913978
0.9494623655913978
0.9494623655913978
0.9494623655913978
0.0
0.9494623655913978
0.9494623655913978
0.9494623655913978
0.9494623655913978
0.0
0.9494623655913978
0.9494623655913978
0.9494623655913978
0.9494623655913978
0.0
0.9494623655913978
0.9494623655913978
0.9494623655913978
0.9494623655913978
0.0
0.9494623655913978
0.9494623655913978
0.9494623655913978
0.9494623655913978
0.0
0.9494623655913978
0.9494623655913978
0.9494623655913978
0.9494623655913978
0.0
0.9494623655913978
0.9494623655913978
0.9494623655913978
0.9494623655913978
0.0
0.0
0.546236559139785
0.0
0.0
0.0
0.9494623655913978
0.9494623655913978
0.9494623655913978
0.9494623655913978
0.0
