0.9774193548387097
0.8397849462365592
0.7559139784946236
0.7559139784946236
0.7559139784946236
0.9774193548387097
0.8397849462365592
0.7559139784946236
0.7559139784946236
0.7559139784946236
0.7559139784946236
0.9774193548387097
0.8397849462365592
0.7559139784946236
0.7559139784946236
0.7559139784946236
0.7559139784946236
0.9774193548387097
0.8397849462365592
0.7559139784946236
0.7559139784946236
0.7559139784946236
0.7559139784946236
0.9774193548387097
0.8397849462365592
0.7559139784946236
0.7559139784946236
0.7559139784946236
0.7559139784946236
0.9774193548387097
0.8397849462365592
0.7559139784946236
0.7559139784946236
0.7559139784946236
0.7559139784946236
0.9774193548387097
0.8397849462365592
0.7559139784946236
0.7559139784946236
0.7559139784946236
0.7559139784946236
0.9774193548387097
0.8397849462365592
0.7559139784946236
0.7559139784946236
0.7559139784946236
0.7559139784946236
0.9774193548387097
0.8397849462365592
0.7559139784946236
0.7559139784946236
0.7559139784946236
0.7559139784946236
0.9774193548387097
0.8397849462365592
0.7559139784946236
0.7559139784946236
0.7559139784946236
0.7559139784946236
0.9774193548387097
0.8397849462365592
0.9774193548387097
0.8397849462365592
0.7559139784946236
0.7559139784946236
0.7559139784946236
0.7559139784946236
0.9774193548387097
0.8397849462365592
0.9774193548387097
0.8397849462365592
0.9774193548387097
0.8397849462365592
0.7559139784946236
0.7559139784946236
0.7559139784946236
0.7559139784946236
0.9774193548387097
0.8397849462365592
0.7559139784946236
0.7559139784946236
0.7559139784946236
0.7559139784946236
0.9774193548387097
0.8397849462365592
0.7559139784946236
0.7559139784946236
0.7559139784946236
0.7559139784946236
0.9774193548387097
0.8397849462365592
0.7559139784946236
0.7559139784946236
0.7559139784946236
0.7559139784946236
0.9774193548387097
0.8935483870967742
0.8935483870967742
0.7559139784946236
0.7559139784946236
0.7559139784946236
0.9774193548387097
0.8935483870967742
0.8935483870967742
0.7559139784946236
0.7559139784946236
0.7559139784946236
0.9774193548387097
0.8935483870967742
0.8935483870967742
0.7559139784946236
0.7559139784946236
0.7559139784946236
0.9774193548387097
0.8935483870967742
0.8935483870967742
0.7559139784946236
0.7559139784946236
0.7559139784946236
0.9774193548387097
0.8935483870967742
0.8935483870967742
0.8935483870967742
0.8935483870967742
0.9774193548387097
0.8935483870967742
0.8935483870967742
0.7559139784946236
0.7559139784946236
0.9774193548387097
0.8935483870967742
0.8935483870967742
0.8935483870967742
0.8935483870967742
0.9774193548387097
0.8935483870967742
0.8935483870967742
0.7559139784946236
0.7559139784946236
0.7559139784946236
0.9774193548387097
0.8935483870967742
0.8935483870967742
0.7559139784946236
0.7559139784946236
0.7559139784946236
0.9774193548387097
0.8935483870967742
0.8935483870967742
0.7559139784946236
0.7559139784946236
0.7559139784946236
0.9774193548387097
0.8935483870967742
0.8935483870967742
0.7559139784946236
0.7559139784946236
0.7559139784946236
0.9774193548387097
0.8935483870967742
0.8935483870967742
0.7559139784946236
0.7559139784946236
0.7559139784946236
0.9774193548387097
0.8935483870967742
0.8935483870967742
0.7559139784946236
0.7559139784946236
0.7559139784946236
0.9774193548387097
0.9774193548387097
0.9774193548387097
0.5741935483870968
0.5741935483870968
0.5741935483870968
0.9774193548387097
0.8935483870967742
0.8935483870967742
0.49032258064516127
0.49032258064516127
0.49032258064516127
0.9774193548387097
0.9774193548387097
0.9774193548387097
0.5741935483870968
0.5741935483870968
0.5741935483870968
0.9774193548387097
0.9774193548387097
0.9774193548387097
0.9774193548387097
0.9774193548387097
0.9774193548387097
0.9774193548387097
0.5741935483870968
0.5741935483870968
0.5741935483870968
0.5741935483870968
0.5741935483870968
0.9774193548387097
0.5741935483870968
0.9774193548387097
0.5741935483870968
0.9774193548387097
0.5741935483870968
0.9774193548387097
0.5741935483870968
0.9774193548387097
0.5741935483870968
0.5741935483870968
0.5741935483870968
0.5741935483870968
0.5741935483870968
0.9774193548387097
0.5741935483870968
0.5741935483870968
0.9774193548387097
0.5741935483870968
0.5741935483870968
0.0
0.5741935483870968
0.0
0.5741935483870968
0.5741935483870968
0.0
0.5741935483870968
0.0
0.5741935483870968
0.5741935483870968
0.5741935483870968
0.0
0.5741935483870968
0.5741935483870968
0.5741935483870968
0.0
0.5741935483870968
0.5741935483870968
0.0
0.5741935483870968
0.0
0.5741935483870968
0.0
0.5741935483870968
0.5741935483870968
0.0
0.5709677419354838
0.7387096774193549
0.5709677419354838
0.0
0.5709677419354838
0.7387096774193549
0.5709677419354838
0.0
0.5709677419354838
0.7387096774193549
0.5709677419354838
0.0
0.5709677419354838
0.7387096774193549
0.5709677419354838
0.0
0.5709677419354838
0.8462365591397849
0.5709677419354838
0.0
0.5709677419354838
0.7387096774193549
0.5709677419354838
0.0
0.5741935483870968
0.5741935483870968
0.0
0.5741935483870968
0.5741935483870968
0.0
0.5741935483870968
0.5741935483870968
0.5741935483870968
0.5741935483870968
0.5741935483870968
0.0
0.5741935483870968
0.0
0.5741935483870968
0.5741935483870968
0.5741935483870968
0.5741935483870968
0.5741935483870968
0.0
0.16774193548387098
0.0
0.16774193548387098
0.0
0.16774193548387098
0.0
0.16774193548387098
0.0
0.16774193548387098
0.0
0.16774193548387098
0.0
0.16774193548387098
0.0
0.16774193548387098
0.0
0.5741935483870968
0.5741935483870968
0.5741935483870968
0.5741935483870968
0.5741935483870968
0.0
0.5741935483870968
0.5741935483870968
0.5741935483870968
0.5741935483870968
0.5741935483870968
0.0
0.16774193548387098
0.0
0.16774193548387098
0.0
0.16774193548387098
0.0
0.16774193548387098
0.0
0.5408602150537635
0.5408602150537635
0.5408602150537635
0.0
0.5408602150537635
0.5408602150537635
0.5408602150537635
0.0
0.5741935483870968
0.5741935483870968
0.5741935483870968
0.5741935483870968
0.5741935483870968
0.0
0.5741935483870968
0.0
0.5741935483870968
0.0
0.5741935483870968
0.0
0.5741935483870968
0.5741935483870968
0.5741935483870968
0.5741935483870968
0.5741935483870968
0.0
0.5741935483870968
0.0
0.5741935483870968
0.0
0.5741935483870968
0.0
0.5741935483870968
0.0
0.5741935483870968
0.0
0.5741935483870968
0.0
0.5741935483870968
0.0
0.5741935483870968
0.0
0.5741935483870968
0.0
0.5741935483870968
0.0
0.5741935483870968
0.0
0.5741935483870968
0.0
0.5741935483870968
0.0
0.5741935483870968
0.0
0.5741935483870968
0.5741935483870968
0.7419354838709677
0.5741935483870968
0.7419354838709677
0.0
0.5741935483870968
0.5741935483870968
0.7419354838709677
0.5741935483870968
0.7419354838709677
0.0
0.5741935483870968
0.5741935483870968
0.7419354838709677
0.5741935483870968
0.7419354838709677
0.0
0.5741935483870968
0.5741935483870968
0.7419354838709677
0.5741935483870968
0.7419354838709677
0.0
0.5741935483870968
0.5741935483870968
0.7419354838709677
0.5741935483870968
0.0
0.5741935483870968
0.5741935483870968
0.7419354838709677
0.5741935483870968
0.7419354838709677
0.0
0.5741935483870968
0.5741935483870968
0.7419354838709677
0.5741935483870968
0.7419354838709677
0.0
0.5741935483870968
0.5741935483870968
0.7419354838709677
0.5741935483870968
0.0
0.5741935483870968
0.5741935483870968
0.7419354838709677
0.5741935483870968
0.7419354838709677
0.0
0.5741935483870968
0.0
0.5741935483870968
0.5741935483870968
0.7419354838709677
0.5741935483870968
0.0
0.5741935483870968
0.5741935483870968
0.7419354838709677
0.5741935483870968
0.7419354838709677
0.0
0.5741935483870968
0.7419354838709677
0.5741935483870968
0.7419354838709677
0.5741935483870968
0.0
0.5741935483870968
0.7419354838709677
0.5741935483870968
0.7419354838709677
0.5741935483870968
0.0
0.5741935483870968
0.7419354838709677
0.6043010752688172
0.8795698924731182
0.6043010752688172
0.0
0.5741935483870968
0.7419354838709677
0.6043010752688172
0.8795698924731182
0.6043010752688172
0.0
0.5741935483870968
0.7419354838709677
0.6580645161290323
0.8258064516129032
0.6580645161290323
0.0
0.6182795698924731
0.6182795698924731
0.6182795698924731
0.6182795698924731
0.6182795698924731
0.0
0.6182795698924731
0.6182795698924731
0.6182795698924731
0.6182795698924731
0.6182795698924731
0.0
0.9774193548387097
0.9774193548387097
0.5741935483870968
0.7419354838709677
0.5741935483870968
0.0
0.9774193548387097
0.9774193548387097
0.5741935483870968
0.7419354838709677
0.6580645161290323
0.0
0.9774193548387097
0.9774193548387097
0.5741935483870968
0.7419354838709677
0.6580645161290323
0.0
0.9774193548387097
0.9774193548387097
0.5741935483870968
0.7419354838709677
0.6580645161290323
0.0
0.9774193548387097
0.9774193548387097
0.5741935483870968
0.7419354838709677
0.6580645161290323
0.0
0.9774193548387097
0.9774193548387097
0.5741935483870968
0.7419354838709677
0.6580645161290323
0.0
0.9774193548387097
0.9774193548387097
0.5741935483870968
0.7419354838709677
0.6580645161290323
0.0
0.9774193548387097
0.9774193548387097
0.5741935483870968
0.7419354838709677
0.5741935483870968
0.0
0.9774193548387097
0.9774193548387097
0.9774193548387097
0.9774193548387097
0.6182795698924731
0.0
0.9774193548387097
0.9774193548387097
0.9774193548387097
0.9774193548387097
0.6182795698924731
0.0
0.9774193548387097
0.9774193548387097
0.9774193548387097
0.9774193548387097
0.6182795698924731
0.0
0.9774193548387097
0.9774193548387097
0.9774193548387097
0.9774193548387097
0.6182795698924731
0.0
0.9774193548387097
0.9774193548387097
0.9774193548387097
0.9774193548387097
0.6182795698924731
0.0
0.9774193548387097
0.9774193548387097
0.9774193548387097
0.9774193548387097
0.6182795698924731
0.0
0.9774193548387097
0.9774193548387097
0.9774193548387097
0.9774193548387097
0.6182795698924731
0.0
0.9774193548387097
0.9774193548387097
0.9774193548387097
0.9774193548387097
0.6182795698924731
0.0
0.9774193548387097
0.9774193548387097
0.9774193548387097
0.9774193548387097
0.6182795698924731
0.0
0.9774193548387097
0.9774193548387097
0.9774193548387097
0.9774193548387097
0.6182795698924731
0.0
0.9774193548387097
0.9774193548387097
0.9774193548387097
0.9774193548387097
0.6182795698924731
0.0
0.9774193548387097
0.9774193548387097
0.5408602150537635
0.7086021505376344
0.0
0.9774193548387097
0.0
0.9774193548387097
0.9774193548387097
0.6182795698924731
0.6182795698924731
0.0
0.9774193548387097
0.9774193548387097
0.5408602150537635
0.7086021505376344
0.0
0.8397849462365592
0.7021505376344086
0.6182795698924731
0.6182795698924731
0.0
0.9774193548387097
0.9774193548387097
0.9774193548387097
0.9774193548387097
0.0
0.9774193548387097
0.9774193548387097
0.9774193548387097
0.9774193548387097
0.0
0.9774193548387097
0.9774193548387097
0.9774193548387097
0.9774193548387097
0.0
0.9774193548387097
0.9774193548387097
0.9774193548387097
0.9774193548387097
0.0
0.9774193548387097
0.9774193548387097
0.9774193548387097
0.9774193548387097
0.0
0.9774193548387097
0.9774193548387097
0.9774193548387097
0.9774193548387097
0.0
0.9774193548387097
0.9774193548387097
0.9774193548387097
0.9774193548387097
0.0
0.9774193548387097
0.9774193548387097
0.9774193548387097
0.9774193548387097
0.0
0.9774193548387097
0.9774193548387097
0.9774193548387097
0.9774193548387097
0.0
0.9774193548387097
0.9774193548387097
0.9774193548387097
0.9774193548387097
0.0
0.9774193548387097
0.9774193548387097
0.9774193548387097
0.9774193548387097
0.0
0.0
0.5741935483870968
0.0
0.0
0.0
0.0
0.0
0.0
0.0
0.0
0.9774193548387097
0.0
0.9774193548387097
0.9774193548387097
0.9774193548387097
0.9774193548387097
0.8064516129032258
0.0
0.5741935483870968
