0.9494623655913978
0.7344086021505376
0.7344086021505376
0.7344086021505376
0.7344086021505376
0.9494623655913978
0.7344086021505376
0.7344086021505376
0.7344086021505376
0.7344086021505376
0.7344086021505376
0.9494623655913978
0.7344086021505376
0.7344086021505376
0.7344086021505376
0.7344086021505376
0.7344086021505376
0.9494623655913978
0.8655913978494624
0.8655913978494624
0.8655913978494624
0.8655913978494624
0.8655913978494624
0.9494623655913978
0.8655913978494624
0.8655913978494624
0.8655913978494624
0.8655913978494624
0.8655913978494624
0.9494623655913978
0.7344086021505376
0.7344086021505376
0.7344086021505376
0.7344086021505376
0.7344086021505376
0.9494623655913978
0.7344086021505376
0.7344086021505376
0.7344086021505376
0.7344086021505376
0.7344086021505376
0.9494623655913978
0.7344086021505376
0.7344086021505376
0.7344086021505376
0.7344086021505376
0.7344086021505376
0.9494623655913978
0.7344086021505376
0.7344086021505376
0.7344086021505376
0.7344086021505376
0.7344086021505376
0.9494623655913978
0.8655913978494624
0.8655913978494624
0.8655913978494624
0.8655913978494624
0.8655913978494624
0.9494623655913978
0.7344086021505376
0.9494623655913978
0.7344086021505376
0.7344086021505376
0.7344086021505376
0.7344086021505376
0.7344086021505376
0.9494623655913978
0.7344086021505376
0.9494623655913978
0.7344086021505376
0.9494623655913978
0.7344086021505376
0.7344086021505376
0.7344086021505376
0.7344086021505376
0.7344086021505376
0.9494623655913978
0.7344086021505376
0.7344086021505376
0.7344086021505376
0.7344086021505376
0.7344086021505376
0.9494623655913978
0.7344086021505376
0.7344086021505376
0.7344086021505376
0.7344086021505376
0.7344086021505376
0.9494623655913978
0.7344086021505376
0.7344086021505376
0.7344086021505376
0.7344086021505376
0.7344086021505376
0.9494623655913978
0.8655913978494624
0.8655913978494624
0.8655913978494624
0.8655913978494624
0.8655913978494624
0.9494623655913978
0.8655913978494624
0.8655913978494624
0.8655913978494624
0.8655913978494624
0.8655913978494624
0.9494623655913978
0.8655913978494624
0.8655913978494624
0.8655913978494624
0.8655913978494624
0.8655913978494624
0.9494623655913978
0.8655913978494624
0.8655913978494624
0.8655913978494624
0.8655913978494624
0.8655913978494624
0.9494623655913978
0.8655913978494624
0.8655913978494624
0.8655913978494624
0.8655913978494624
0.9494623655913978
0.8655913978494624
0.8655913978494624
0.8655913978494624
0.8655913978494624
0.9494623655913978
0.8655913978494624
0.8655913978494624
0.8655913978494624
0.8655913978494624
0.9494623655913978
0.8655913978494624
0.8655913978494624
0.8655913978494624
0.8655913978494624
0.8655913978494624
0.9494623655913978
0.8655913978494624
0.8655913978494624
0.8655913978494624
0.8655913978494624
0.8655913978494624
0.9494623655913978
0.8655913978494624
0.8655913978494624
0.8655913978494624
0.8655913978494624
0.8655913978494624
0.9494623655913978
0.8655913978494624
0.8655913978494624
0.8655913978494624
0.8655913978494624
0.8655913978494624
0.9494623655913978
0.8655913978494624
0.8655913978494624
0.8655913978494624
0.8655913978494624
0.8655913978494624
0.9494623655913978
0.8655913978494624
0.8655913978494624
0.8655913978494624
0.8655913978494624
0.8655913978494624
0.9494623655913978
0.9494623655913978
0.9494623655913978
0.9494623655913978
0.546236559139785
0.546236559139785
0.9494623655913978
0.8655913978494624
0.8655913978494624
0.8655913978494624
0.46236559139784944
0.8924731182795699
0.9494623655913978
0.9494623655913978
0.9494623655913978
0.9494623655913978
0.546236559139785
0.546236559139785
0.9494623655913978
0.9494623655913978
0.9494623655913978
0.9494623655913978
0.9494623655913978
0.9494623655913978
0.9494623655913978
0.546236559139785
0.546236559139785
0.546236559139785
0.546236559139785
0.546236559139785
0.9494623655913978
0.546236559139785
0.9494623655913978
0.546236559139785
0.9494623655913978
0.546236559139785
0.9494623655913978
0.546236559139785
0.9494623655913978
0.546236559139785
0.546236559139785
0.546236559139785
0.546236559139785
0.546236559139785
0.9494623655913978
0.546236559139785
0.546236559139785
0.9494623655913978
0.546236559139785
0.546236559139785
0.0
0.546236559139785
0.0
0.546236559139785
0.546236559139785
0.0
0.546236559139785
0.0
0.546236559139785
0.546236559139785
0.546236559139785
0.0
0.546236559139785
0.546236559139785
0.546236559139785
0.0
0.546236559139785
0.546236559139785
0.0
0.546236559139785
0.0
0.546236559139785
0.0
0.546236559139785
0.546236559139785
0.0
0.0
0.9247311827956989
0.4946236559139785
0.0
0.0
0.9247311827956989
0.4946236559139785
0.0
0.0
0.9247311827956989
0.4946236559139785
0.0
0.0
0.9247311827956989
0.4946236559139785
0.0
0.2752688172043011
0.8129032258064516
0.2752688172043011
0.0
0.0
0.9247311827956989
0.4946236559139785
0.0
0.546236559139785
0.546236559139785
0.0
0.546236559139785
0.546236559139785
0.0
0.546236559139785
0.546236559139785
0.546236559139785
0.546236559139785
0.546236559139785
0.0
0.546236559139785
0.0
0.546236559139785
0.546236559139785
0.546236559139785
0.546236559139785
0.546236559139785
0.0
0.8064516129032258
0.0
0.8064516129032258
0.0
0.8064516129032258
0.0
0.8064516129032258
0.0
0.8064516129032258
0.0
0.8064516129032258
0.0
0.8064516129032258
0.0
0.0
0.0
0.546236559139785
0.546236559139785
0.546236559139785
0.546236559139785
0.546236559139785
0.0
0.546236559139785
0.546236559139785
0.546236559139785
0.546236559139785
0.546236559139785
0.0
0.0
0.0
0.0
0.0
0.0
0.0
0.0
0.0
0.8064516129032258
0.8064516129032258
0.8064516129032258
0.0
0.8064516129032258
0.8064516129032258
0.8064516129032258
0.0
0.546236559139785
0.546236559139785
0.546236559139785
0.546236559139785
0.546236559139785
0.0
0.546236559139785
0.0
0.546236559139785
0.0
0.546236559139785
0.0
0.546236559139785
0.546236559139785
0.546236559139785
0.546236559139785
0.546236559139785
0.0
0.546236559139785
0.0
0.546236559139785
0.0
0.546236559139785
0.0
0.546236559139785
0.0
0.546236559139785
0.0
0.546236559139785
0.0
0.546236559139785
0.0
0.546236559139785
0.0
0.546236559139785
0.0
0.546236559139785
0.0
0.546236559139785
0.0
0.546236559139785
0.0
0.546236559139785
0.0
0.546236559139785
0.0
0.546236559139785
0.821505376344086
0.6064516129032258
1.0
0.6064516129032258
0.0
0.546236559139785
0.821505376344086
0.6064516129032258
1.0
0.6064516129032258
0.0
0.546236559139785
0.821505376344086
0.6064516129032258
1.0
0.6064516129032258
0.0
0.546236559139785
0.821505376344086
0.6064516129032258
1.0
0.6064516129032258
0.0
0.546236559139785
0.821505376344086
0.6064516129032258
1.0
0.0
0.546236559139785
0.821505376344086
0.6064516129032258
1.0
0.6064516129032258
0.0
0.546236559139785
0.821505376344086
0.6064516129032258
1.0
0.6064516129032258
0.0
0.546236559139785
0.821505376344086
0.6064516129032258
1.0
0.0
0.546236559139785
0.821505376344086
0.6064516129032258
1.0
0.6064516129032258
0.0
0.546236559139785
0.0
0.546236559139785
0.821505376344086
0.6064516129032258
1.0
0.0
0.546236559139785
0.821505376344086
0.6064516129032258
1.0
0.6064516129032258
0.0
0.6505376344086021
0.6505376344086021
0.6505376344086021
0.6505376344086021
0.6505376344086021
0.0
0.6505376344086021
0.6505376344086021
0.6505376344086021
0.6505376344086021
0.6505376344086021
0.0
0.6505376344086021
0.6505376344086021
0.6505376344086021
0.6505376344086021
0.6505376344086021
0.0
0.6505376344086021
0.6505376344086021
0.6505376344086021
0.6505376344086021
0.6505376344086021
0.0
0.6505376344086021
0.6505376344086021
0.6505376344086021
0.6505376344086021
0.6505376344086021
0.0
0.6505376344086021
0.6505376344086021
0.6505376344086021
0.6505376344086021
0.6505376344086021
0.0
0.9494623655913978
0.6505376344086021
0.6505376344086021
0.6505376344086021
0.6505376344086021
0.0
0.9494623655913978
0.6505376344086021
0.6505376344086021
0.6505376344086021
0.6505376344086021
0.0
0.9494623655913978
0.6505376344086021
0.6505376344086021
0.6505376344086021
0.6505376344086021
0.0
0.9494623655913978
0.6505376344086021
0.6505376344086021
0.6505376344086021
0.6505376344086021
0.0
0.9494623655913978
0.6505376344086021
0.6505376344086021
0.6505376344086021
0.6505376344086021
0.0
0.9494623655913978
0.6505376344086021
0.6505376344086021
0.6505376344086021
0.6505376344086021
0.0
0.9494623655913978
0.6505376344086021
0.6505376344086021
0.6505376344086021
0.6505376344086021
0.0
0.9494623655913978
0.6505376344086021
0.6505376344086021
0.6505376344086021
0.6505376344086021
0.0
0.9494623655913978
0.6505376344086021
0.6505376344086021
0.6505376344086021
0.6505376344086021
0.0
0.9494623655913978
0.6505376344086021
0.6505376344086021
0.6505376344086021
0.6505376344086021
0.0
0.9494623655913978
0.6505376344086021
0.6505376344086021
0.6505376344086021
0.6505376344086021
0.0
0.9494623655913978
0.6505376344086021
0.6505376344086021
0.6505376344086021
0.6505376344086021
0.0
0.9494623655913978
0.6505376344086021
0.6505376344086021
0.6505376344086021
0.6505376344086021
0.0
0.9494623655913978
0.6505376344086021
0.6505376344086021
0.6505376344086021
0.6505376344086021
0.0
0.9494623655913978
0.6505376344086021
0.6505376344086021
0.6505376344086021
0.6505376344086021
0.0
0.9494623655913978
0.6505376344086021
0.6505376344086021
0.6505376344086021
0.6505376344086021
0.0
0.9494623655913978
0.6505376344086021
0.6505376344086021
0.6505376344086021
0.6505376344086021
0.0
0.9494623655913978
0.6505376344086021
0.6505376344086021
0.6505376344086021
0.6505376344086021
0.0
0.9494623655913978
0.6505376344086021
0.6505376344086021
0.6505376344086021
0.6505376344086021
0.0
0.9494623655913978
0.6505376344086021
0.6505376344086021
0.6505376344086021
0.6505376344086021
0.0
0.9494623655913978
0.9494623655913978
0.9494623655913978
0.6182795698924731
0.0
0.9494623655913978
0.0
0.9494623655913978
0.9494623655913978
0.6505376344086021
0.6505376344086021
0.0
0.9494623655913978
0.9494623655913978
0.9494623655913978
0.9494623655913978
0.0
0.8655913978494624
0.6182795698924731
1.0
1.0
0.0
0.9494623655913978
0.9494623655913978
0.9494623655913978
0.9494623655913978
0.0
0.9494623655913978
0.9494623655913978
0.9494623655913978
0.9494623655913978
0.0
0.9494623655913978
0.9494623655913978
0.9494623655913978
0.9494623655913978
0.0
0.9494623655913978
0.9494623655913978
0.9494623655913978
0.9494623655913978
0.0
0.9494623655913978
0.9494623655913978
0.9494623655913978
0.9494623655913978
0.0
0.9494623655913978
0.9494623655913978
0.9494623655913978
0.9494623655913978
0.0
0.9494623655913978
0.9494623655913978
0.9494623655913978
0.9494623655913978
0.0
0.9494623655913978
0.9494623655913978
0.9494623655913978
0.9494623655913978
0.0
0.9494623655913978
0.9494623655913978
0.9494623655913978
0.9494623655913978
0.0
0.9494623655913978
0.9494623655913978
0.9494623655913978
0.9494623655913978
0.0
0.9494623655913978
0.9494623655913978
0.9494623655913978
0.9494623655913978
0.0
0.0
0.546236559139785
0.0
0.0
0.0
0.0
0.0
0.0
0.0
0.0
0.9494623655913978
0.0
0.9494623655913978
0.9494623655913978
0.9494623655913978
0.9494623655913978
0.0
0.0
0.546236559139785
