0.9236559139784947
0.8397849462365592
0.7021505376344086
0.7021505376344086
0.7021505376344086
0.9236559139784947
0.8397849462365592
0.7021505376344086
0.7021505376344086
0.7021505376344086
0.7021505376344086
0.9236559139784947
0.8397849462365592
0.7021505376344086
0.7021505376344086
0.7021505376344086
0.7021505376344086
0.9236559139784947
0.8397849462365592
0.7021505376344086
0.7021505376344086
0.7021505376344086
0.7021505376344086
0.9236559139784947
0.8397849462365592
0.7021505376344086
0.7021505376344086
0.7021505376344086
0.7021505376344086
0.9236559139784947
0.8397849462365592
0.7021505376344086
0.7021505376344086
0.7021505376344086
0.7021505376344086
0.9236559139784947
0.8397849462365592
0.7021505376344086
0.7021505376344086
0.7021505376344086
0.7021505376344086
0.9236559139784947
0.8397849462365592
0.7559139784946236
0.7559139784946236
0.7559139784946236
0.7559139784946236
0.9236559139784947
0.8397849462365592
0.7559139784946236
0.7559139784946236
0.7559139784946236
0.7559139784946236
0.9236559139784947
0.8397849462365592
0.7559139784946236
0.7559139784946236
0.7559139784946236
0.7559139784946236
0.9236559139784947
0.8397849462365592
0.9236559139784947
0.8397849462365592
0.7021505376344086
0.7021505376344086
0.7021505376344086
0.7021505376344086
0.9236559139784947
0.8397849462365592
0.9236559139784947
0.8397849462365592
0.9236559139784947
0.8397849462365592
0.7021505376344086
0.7021505376344086
0.7021505376344086
0.7021505376344086
0.9236559139784947
0.8397849462365592
0.7021505376344086
0.7021505376344086
0.7021505376344086
0.7021505376344086
0.9236559139784947
0.8397849462365592
0.7021505376344086
0.7021505376344086
0.7021505376344086
0.7021505376344086
0.9236559139784947
0.8397849462365592
0.7021505376344086
0.7021505376344086
0.7021505376344086
0.7021505376344086
0.9236559139784947
0.8397849462365592
0.7021505376344086
0.7021505376344086
0.7021505376344086
0.7021505376344086
0.9236559139784947
0.8397849462365592
0.7021505376344086
0.7021505376344086
0.7021505376344086
0.7021505376344086
0.9236559139784947
0.8397849462365592
0.7021505376344086
0.7021505376344086
0.7021505376344086
0.7021505376344086
0.9236559139784947
0.8397849462365592
0.7021505376344086
0.7021505376344086
0.7021505376344086
0.7021505376344086
0.9236559139784947
0.8397849462365592
0.7021505376344086
0.7021505376344086
0.7021505376344086
0.9236559139784947
0.8397849462365592
0.7021505376344086
0.7021505376344086
0.7021505376344086
0.9236559139784947
0.8397849462365592
0.7021505376344086
0.7021505376344086
0.7021505376344086
0.9236559139784947
0.8397849462365592
0.7021505376344086
0.7021505376344086
0.7021505376344086
0.7021505376344086
0.9236559139784947
0.8397849462365592
0.7021505376344086
0.7021505376344086
0.7021505376344086
0.7021505376344086
0.9236559139784947
0.8397849462365592
0.7559139784946236
0.7559139784946236
0.7559139784946236
0.7559139784946236
0.9236559139784947
0.8397849462365592
0.7559139784946236
0.7559139784946236
0.7559139784946236
0.7559139784946236
0.9236559139784947
0.8397849462365592
0.7559139784946236
0.7559139784946236
0.7559139784946236
0.7559139784946236
0.9236559139784947
0.8397849462365592
0.7021505376344086
0.7021505376344086
0.7021505376344086
0.7021505376344086
0.9236559139784947
0.9236559139784947
0.9236559139784947
0.5204301075268817
0.5204301075268817
0.5204301075268817
0.9236559139784947
0.8397849462365592
0.7021505376344086
0.7021505376344086
0.7021505376344086
0.7021505376344086
0.9236559139784947
0.7860215053763441
0.7021505376344086
0.7021505376344086
0.7021505376344086
0.7021505376344086
0.9236559139784947
0.7860215053763441
0.9236559139784947
0.7860215053763441
0.9236559139784947
0.7860215053763441
0.9236559139784947
0.5204301075268817
0.5204301075268817
0.5204301075268817
0.5204301075268817
0.5204301075268817
0.9236559139784947
0.5204301075268817
0.9236559139784947
0.5204301075268817
0.9236559139784947
0.5204301075268817
0.9236559139784947
0.5204301075268817
0.9236559139784947
0.5204301075268817
0.5204301075268817
0.5204301075268817
0.5204301075268817
0.5204301075268817
0.9236559139784947
0.5204301075268817
0.5204301075268817
0.9236559139784947
0.5204301075268817
0.5204301075268817
0.0
0.5204301075268817
0.0
0.5204301075268817
0.5204301075268817
0.0
0.5204301075268817
0.0
0.5204301075268817
0.5204301075268817
0.5204301075268817
0.0
0.5204301075268817
0.5204301075268817
0.5204301075268817
0.0
0.5204301075268817
0.5204301075268817
0.0
0.5204301075268817
0.0
0.5204301075268817
0.0
0.5204301075268817
0.5204301075268817
0.0
0.5204301075268817
0.7956989247311828
0.5204301075268817
0.0
0.5204301075268817
0.7956989247311828
0.5204301075268817
0.0
0.5204301075268817
0.7956989247311828
0.5204301075268817
0.0
0.5204301075268817
0.7956989247311828
0.5204301075268817
0.0
0.6881720430107527
0.6881720430107527
0.6881720430107527
0.0
0.5204301075268817
0.7956989247311828
0.5204301075268817
0.0
0.6709677419354839
0.946236559139785
0.946236559139785
0.946236559139785
0.946236559139785
0.946236559139785
0.946236559139785
0.946236559139785
0.946236559139785
0.946236559139785
0.946236559139785
0.946236559139785
0.946236559139785
0.946236559139785
0.0
0.6709677419354839
0.946236559139785
0.946236559139785
0.946236559139785
0.946236559139785
0.946236559139785
0.946236559139785
0.946236559139785
0.946236559139785
0.946236559139785
0.946236559139785
0.946236559139785
0.946236559139785
0.946236559139785
0.0
0.6709677419354839
0.946236559139785
0.946236559139785
0.946236559139785
0.946236559139785
0.946236559139785
0.946236559139785
0.946236559139785
0.946236559139785
0.946236559139785
0.946236559139785
0.946236559139785
0.946236559139785
0.946236559139785
0.0
0.6709677419354839
0.946236559139785
0.946236559139785
0.946236559139785
0.946236559139785
0.946236559139785
0.946236559139785
0.946236559139785
0.946236559139785
0.946236559139785
0.946236559139785
0.946236559139785
0.946236559139785
0.946236559139785
0.0
0.6709677419354839
0.946236559139785
0.946236559139785
0.946236559139785
0.946236559139785
0.946236559139785
0.946236559139785
0.946236559139785
0.946236559139785
0.946236559139785
0.946236559139785
0.946236559139785
0.946236559139785
0.946236559139785
0.0
0.16774193548387098
0.16774193548387098
0.16774193548387098
0.16774193548387098
0.16774193548387098
0.16774193548387098
0.16774193548387098
0.16774193548387098
0.16774193548387098
0.16774193548387098
0.16774193548387098
0.16774193548387098
0.16774193548387098
0.16774193548387098
0.0
0.16774193548387098
0.16774193548387098
0.16774193548387098
0.16774193548387098
0.16774193548387098
0.16774193548387098
0.16774193548387098
0.16774193548387098
0.16774193548387098
0.16774193548387098
0.16774193548387098
0.16774193548387098
0.16774193548387098
0.16774193548387098
0.0
0.16774193548387098
0.16774193548387098
0.16774193548387098
0.16774193548387098
0.16774193548387098
0.16774193548387098
0.16774193548387098
0.16774193548387098
0.16774193548387098
0.16774193548387098
0.16774193548387098
0.16774193548387098
0.16774193548387098
0.16774193548387098
0.0
0.16774193548387098
0.16774193548387098
0.16774193548387098
0.16774193548387098
0.16774193548387098
0.16774193548387098
0.16774193548387098
0.16774193548387098
0.16774193548387098
0.16774193548387098
0.16774193548387098
0.16774193548387098
0.16774193548387098
0.16774193548387098
0.0
0.5204301075268817
0.5204301075268817
0.0
0.5204301075268817
0.5204301075268817
0.0
0.5204301075268817
0.5204301075268817
0.5204301075268817
0.5204301075268817
0.5204301075268817
0.0
0.5204301075268817
0.0
0.5204301075268817
0.5204301075268817
0.5204301075268817
0.5204301075268817
0.5204301075268817
0.0
0.43655913978494626
0.0
0.43655913978494626
0.0
0.43655913978494626
0.0
0.43655913978494626
0.0
0.43655913978494626
0.0
0.43655913978494626
0.0
0.43655913978494626
0.0
0.43655913978494626
0.0
0.5204301075268817
0.5204301075268817
0.5204301075268817
0.5204301075268817
0.5204301075268817
0.0
0.5204301075268817
0.5204301075268817
0.5204301075268817
0.5204301075268817
0.5204301075268817
0.0
0.43655913978494626
0.0
0.43655913978494626
0.0
0.43655913978494626
0.0
0.43655913978494626
0.0
0.5204301075268817
0.5204301075268817
0.5204301075268817
0.0
0.5204301075268817
0.5204301075268817
0.5204301075268817
0.0
0.5204301075268817
0.5204301075268817
0.5204301075268817
0.5204301075268817
0.5204301075268817
0.0
0.5204301075268817
0.0
0.5204301075268817
0.0
0.5204301075268817
0.0
0.5204301075268817
0.5204301075268817
0.5204301075268817
0.5204301075268817
0.5204301075268817
0.0
0.5204301075268817
0.0
0.5204301075268817
0.0
0.5204301075268817
0.0
0.5204301075268817
0.0
0.5204301075268817
0.0
0.5204301075268817
0.0
0.5204301075268817
0.0
0.5204301075268817
0.0
0.5204301075268817
0.0
0.5204301075268817
0.0
0.5204301075268817
0.0
0.5204301075268817
0.0
0.5204301075268817
0.0
0.5204301075268817
0.0
0.5204301075268817
0.8559139784946237
0.6881720430107527
0.8559139784946237
0.6881720430107527
0.0
0.5204301075268817
0.8559139784946237
0.6881720430107527
0.8559139784946237
0.6881720430107527
0.0
0.5204301075268817
0.8559139784946237
0.6881720430107527
0.8559139784946237
0.6881720430107527
0.0
0.5204301075268817
0.8559139784946237
0.6881720430107527
0.8559139784946237
0.6881720430107527
0.0
0.5204301075268817
0.8559139784946237
0.6881720430107527
0.8559139784946237
0.0
0.5204301075268817
0.8559139784946237
0.6881720430107527
0.8559139784946237
0.6881720430107527
0.0
0.5204301075268817
0.8559139784946237
0.6881720430107527
0.8559139784946237
0.6881720430107527
0.0
0.5204301075268817
0.8559139784946237
0.6881720430107527
0.8559139784946237
0.0
0.5204301075268817
0.8559139784946237
0.6881720430107527
0.8559139784946237
0.6881720430107527
0.0
0.5204301075268817
0.0
0.5204301075268817
0.8559139784946237
0.6881720430107527
0.8559139784946237
0.0
0.5204301075268817
0.8559139784946237
0.6881720430107527
0.8559139784946237
0.6881720430107527
0.0
0.6182795698924731
0.6182795698924731
0.6182795698924731
0.6182795698924731
0.6182795698924731
0.0
0.6182795698924731
0.6182795698924731
0.6182795698924731
0.6182795698924731
0.6182795698924731
0.0
0.6182795698924731
0.6182795698924731
0.6182795698924731
0.6182795698924731
0.6182795698924731
0.0
0.6182795698924731
0.6182795698924731
0.6182795698924731
0.6182795698924731
0.6182795698924731
0.0
0.6182795698924731
0.6182795698924731
0.6182795698924731
0.6182795698924731
0.6182795698924731
0.0
0.6182795698924731
0.6182795698924731
0.6182795698924731
0.6182795698924731
0.6182795698924731
0.0
0.6182795698924731
0.6182795698924731
0.6182795698924731
0.6182795698924731
0.6182795698924731
0.0
0.9236559139784947
0.6182795698924731
0.6182795698924731
0.6182795698924731
0.6182795698924731
0.0
0.9236559139784947
0.9236559139784947
0.5204301075268817
0.8559139784946237
0.7720430107526882
0.0
0.9236559139784947
0.9236559139784947
0.5204301075268817
0.8559139784946237
0.7720430107526882
0.0
0.9236559139784947
0.9236559139784947
0.5204301075268817
0.8559139784946237
0.7720430107526882
0.0
0.9236559139784947
0.9236559139784947
0.5204301075268817
0.8559139784946237
0.7720430107526882
0.0
0.9236559139784947
0.9236559139784947
0.5204301075268817
0.8559139784946237
0.6881720430107527
0.0
0.9236559139784947
0.9236559139784947
0.5204301075268817
0.8559139784946237
0.6881720430107527
0.0
0.9236559139784947
0.9236559139784947
0.6182795698924731
0.6182795698924731
0.6182795698924731
0.0
0.9236559139784947
0.9236559139784947
0.6182795698924731
0.6182795698924731
0.6182795698924731
0.0
0.9236559139784947
0.9236559139784947
0.6182795698924731
0.6182795698924731
0.6182795698924731
0.0
0.9236559139784947
0.9236559139784947
0.6182795698924731
0.6182795698924731
0.6182795698924731
0.0
0.9236559139784947
0.9236559139784947
0.6182795698924731
0.6182795698924731
0.6182795698924731
0.0
0.9236559139784947
0.9236559139784947
0.6182795698924731
0.6182795698924731
0.6182795698924731
0.0
0.9236559139784947
0.9236559139784947
0.6182795698924731
0.6182795698924731
0.6182795698924731
0.0
0.9236559139784947
0.9236559139784947
0.6182795698924731
0.6182795698924731
0.6182795698924731
0.0
0.9236559139784947
0.9236559139784947
0.6182795698924731
0.6182795698924731
0.6182795698924731
0.0
0.9236559139784947
0.9236559139784947
0.6182795698924731
0.6182795698924731
0.6182795698924731
0.0
0.9236559139784947
0.9236559139784947
0.6182795698924731
0.6182795698924731
0.6182795698924731
0.0
0.9236559139784947
0.9236559139784947
0.6182795698924731
0.6182795698924731
0.6182795698924731
0.0
0.9236559139784947
0.9236559139784947
0.6182795698924731
0.6182795698924731
0.0
0.9236559139784947
0.0
0.9236559139784947
0.6182795698924731
0.6182795698924731
0.6182795698924731
0.0
0.9236559139784947
0.9236559139784947
0.9236559139784947
0.9236559139784947
0.0
0.7860215053763441
0.7021505376344086
0.6182795698924731
0.6182795698924731
0.0
0.9236559139784947
0.9236559139784947
0.9236559139784947
0.9236559139784947
0.0
0.9236559139784947
0.9236559139784947
0.9236559139784947
0.9236559139784947
0.0
0.9236559139784947
0.9236559139784947
0.9236559139784947
0.9236559139784947
0.0
0.9236559139784947
0.9236559139784947
0.9236559139784947
0.9236559139784947
0.0
0.9236559139784947
0.9236559139784947
0.9236559139784947
0.9236559139784947
0.0
0.9236559139784947
0.9236559139784947
0.9236559139784947
0.9236559139784947
0.0
0.9236559139784947
0.9236559139784947
0.9236559139784947
0.9236559139784947
0.0
0.9236559139784947
0.9236559139784947
0.9236559139784947
0.9236559139784947
0.0
0.9236559139784947
0.9236559139784947
0.9236559139784947
0.9236559139784947
0.0
0.9236559139784947
0.9236559139784947
0.9236559139784947
0.9236559139784947
0.0
0.9236559139784947
0.9236559139784947
0.9236559139784947
0.9236559139784947
0.0
0.0
0.5204301075268817
0.0
0.0
0.8397849462365592
0.0
0.8397849462365592
0.0
0.8397849462365592
0.0
0.9236559139784947
0.0
0.9236559139784947
0.9236559139784947
0.9236559139784947
0.9236559139784947
0.43655913978494626
0.0
0.5204301075268817
