0.9526881720430107
0.7376344086021506
0.7376344086021506
0.7376344086021506
0.7376344086021506
0.9526881720430107
0.7376344086021506
0.7376344086021506
0.7376344086021506
0.7376344086021506
0.7376344086021506
0.9526881720430107
0.7376344086021506
0.7376344086021506
0.7376344086021506
0.7376344086021506
0.7376344086021506
0.9526881720430107
0.8688172043010752
0.8688172043010752
0.8688172043010752
0.8688172043010752
0.7311827956989247
0.9526881720430107
0.8688172043010752
0.8688172043010752
0.8688172043010752
0.8688172043010752
0.7311827956989247
0.9526881720430107
0.7376344086021506
0.7376344086021506
0.7376344086021506
0.7376344086021506
0.7376344086021506
0.9526881720430107
0.7376344086021506
0.7376344086021506
0.7376344086021506
0.7376344086021506
0.7376344086021506
0.9526881720430107
0.7376344086021506
0.7376344086021506
0.7376344086021506
0.7376344086021506
0.7376344086021506
0.9526881720430107
0.7376344086021506
0.7376344086021506
0.7376344086021506
0.7376344086021506
0.7376344086021506
0.9526881720430107
0.8688172043010752
0.8688172043010752
0.8688172043010752
0.8688172043010752
0.8688172043010752
0.9526881720430107
0.7376344086021506
0.9526881720430107
0.7376344086021506
0.7376344086021506
0.7376344086021506
0.7376344086021506
0.7376344086021506
0.9526881720430107
0.7376344086021506
0.9526881720430107
0.7376344086021506
0.9526881720430107
0.7376344086021506
0.7376344086021506
0.7376344086021506
0.7376344086021506
0.7376344086021506
0.9526881720430107
0.7376344086021506
0.7376344086021506
0.7376344086021506
0.7376344086021506
0.7376344086021506
0.9526881720430107
0.7376344086021506
0.7376344086021506
0.7376344086021506
0.7376344086021506
0.7376344086021506
0.9526881720430107
0.7376344086021506
0.7376344086021506
0.7376344086021506
0.7376344086021506
0.7376344086021506
0.9526881720430107
0.8688172043010752
0.8688172043010752
0.8688172043010752
0.8688172043010752
0.8688172043010752
0.9526881720430107
0.8688172043010752
0.8688172043010752
0.8688172043010752
0.8688172043010752
0.8688172043010752
0.9526881720430107
0.8688172043010752
0.8688172043010752
0.8688172043010752
0.8688172043010752
0.8688172043010752
0.9526881720430107
0.8688172043010752
0.8688172043010752
0.8688172043010752
0.8688172043010752
0.8688172043010752
0.9526881720430107
0.8688172043010752
0.8688172043010752
0.8688172043010752
0.8688172043010752
0.9526881720430107
0.8688172043010752
0.8688172043010752
0.8688172043010752
0.8688172043010752
0.9526881720430107
0.8688172043010752
0.8688172043010752
0.8688172043010752
0.8688172043010752
0.9526881720430107
0.8688172043010752
0.8688172043010752
0.8688172043010752
0.8688172043010752
0.8688172043010752
0.9526881720430107
0.8688172043010752
0.8688172043010752
0.8688172043010752
0.8688172043010752
0.8688172043010752
0.9526881720430107
0.8688172043010752
0.8688172043010752
0.8688172043010752
0.8688172043010752
0.8688172043010752
0.9526881720430107
0.8688172043010752
0.8688172043010752
0.8688172043010752
0.8688172043010752
0.8688172043010752
0.9526881720430107
0.8688172043010752
0.8688172043010752
0.8688172043010752
0.8688172043010752
0.8688172043010752
0.9526881720430107
0.8688172043010752
0.8688172043010752
0.8688172043010752
0.8688172043010752
0.8688172043010752
0.9526881720430107
0.9526881720430107
0.6838709677419355
0.6838709677419355
0.6838709677419355
0.6838709677419355
0.9526881720430107
0.8688172043010752
0.6537634408602151
0.6537634408602151
0.6537634408602151
0.6537634408602151
0.9526881720430107
0.9526881720430107
0.7376344086021506
0.7376344086021506
0.7376344086021506
0.7376344086021506
0.9526881720430107
0.9526881720430107
0.9526881720430107
0.9526881720430107
0.9526881720430107
0.9526881720430107
0.9526881720430107
0.7376344086021506
0.46881720430107526
1.0
0.9225806451612903
0.7849462365591398
0.9526881720430107
0.7376344086021506
0.9526881720430107
0.7376344086021506
0.9526881720430107
0.7376344086021506
0.9526881720430107
0.7376344086021506
0.9526881720430107
0.7376344086021506
0.46881720430107526
1.0
0.9225806451612903
0.7849462365591398
0.9526881720430107
0.7376344086021506
0.46881720430107526
0.9526881720430107
0.7376344086021506
0.46881720430107526
0.0
0.7376344086021506
0.0
0.7376344086021506
0.46881720430107526
0.0
0.7376344086021506
0.0
0.7376344086021506
0.46881720430107526
1.0
0.0
0.7376344086021506
0.46881720430107526
1.0
0.0
0.7376344086021506
0.46881720430107526
0.0
0.7376344086021506
0.0
0.7376344086021506
0.0
0.7376344086021506
0.46881720430107526
0.0
0.7376344086021506
0.7376344086021506
0.0
0.7376344086021506
0.7376344086021506
0.0
0.7376344086021506
0.7376344086021506
0.7376344086021506
0.7376344086021506
0.7376344086021506
0.0
0.7376344086021506
0.0
0.7376344086021506
0.7376344086021506
0.7376344086021506
0.7376344086021506
0.7376344086021506
0.0
0.6
0.6
0.6
0.6
0.6
0.0
0.6
0.6
0.6
0.6
0.6
0.0
0.6
0.6
0.6
0.6
0.6
0.0
0.6
0.0
0.6
0.0
0.6
0.0
0.6
0.6
0.6
0.6
0.6
0.0
0.6
0.0
0.6
0.0
0.6
0.0
0.6
0.0
0.6
0.0
0.6
0.0
0.6
0.0
0.6
0.0
0.6
0.0
0.6
0.0
0.6
0.0
0.6
0.0
0.6
0.0
0.6
0.0
0.6
0.7612903225806451
0.6774193548387096
1.0
0.6774193548387096
0.0
0.6
0.7612903225806451
0.6774193548387096
1.0
0.6774193548387096
0.0
0.6
0.7612903225806451
0.6774193548387096
1.0
0.6774193548387096
0.0
0.6
0.7612903225806451
0.6774193548387096
1.0
0.6774193548387096
0.0
0.6
0.7612903225806451
0.6774193548387096
1.0
0.0
0.6
0.7612903225806451
0.6774193548387096
1.0
0.6774193548387096
0.0
0.6
0.7612903225806451
0.6774193548387096
1.0
0.6774193548387096
0.0
0.6
0.7612903225806451
0.6774193548387096
1.0
0.0
0.6
0.7612903225806451
0.6774193548387096
1.0
0.6774193548387096
0.0
0.6
0.0
0.6
0.7612903225806451
0.6774193548387096
1.0
0.0
0.6
0.7612903225806451
0.6774193548387096
1.0
0.6774193548387096
0.0
0.6838709677419355
0.8989247311827957
0.8150537634408602
0.3849462365591398
0.8795698924731182
0.0
0.6838709677419355
0.8989247311827957
0.8150537634408602
0.3849462365591398
0.9354838709677419
0.0
0.6838709677419355
0.8989247311827957
0.8150537634408602
0.3849462365591398
0.9225806451612903
0.0
0.6838709677419355
0.8989247311827957
0.8150537634408602
0.3849462365591398
0.9225806451612903
0.0
0.9526881720430107
0.6838709677419355
0.6838709677419355
0.6838709677419355
0.6838709677419355
0.0
0.9526881720430107
0.6838709677419355
0.6838709677419355
0.6838709677419355
0.6838709677419355
0.0
0.9526881720430107
0.6838709677419355
0.6838709677419355
0.6838709677419355
0.6838709677419355
0.0
0.9526881720430107
0.6838709677419355
0.6838709677419355
0.6838709677419355
0.6838709677419355
0.0
0.9526881720430107
0.6838709677419355
0.6838709677419355
0.6838709677419355
0.6838709677419355
0.0
0.9526881720430107
0.6838709677419355
0.6838709677419355
0.6838709677419355
0.6838709677419355
0.0
0.9526881720430107
0.6838709677419355
0.6838709677419355
0.6838709677419355
0.6838709677419355
0.0
0.9526881720430107
0.6838709677419355
0.6838709677419355
0.6838709677419355
0.6838709677419355
0.0
0.9526881720430107
0.6838709677419355
0.6838709677419355
0.6838709677419355
0.6838709677419355
0.0
0.9526881720430107
0.6838709677419355
0.6838709677419355
0.6838709677419355
0.6838709677419355
0.0
0.9526881720430107
0.6838709677419355
0.6838709677419355
0.6838709677419355
0.6838709677419355
0.0
0.9526881720430107
0.6838709677419355
0.6838709677419355
0.6838709677419355
0.6838709677419355
0.0
0.9526881720430107
0.9526881720430107
0.9526881720430107
0.6838709677419355
0.6838709677419355
0.0
0.9526881720430107
0.9526881720430107
0.9526881720430107
0.6838709677419355
0.6838709677419355
0.0
0.9526881720430107
0.9526881720430107
0.9526881720430107
0.6838709677419355
0.6838709677419355
0.0
0.9526881720430107
0.9526881720430107
0.9526881720430107
0.6838709677419355
0.6838709677419355
0.0
0.9526881720430107
0.9526881720430107
0.9526881720430107
0.9526881720430107
0.9526881720430107
0.0
0.9526881720430107
0.9526881720430107
0.9526881720430107
0.6838709677419355
0.6838709677419355
0.0
0.9526881720430107
0.9526881720430107
0.9526881720430107
0.6838709677419355
0.6838709677419355
0.0
0.9526881720430107
0.9526881720430107
0.9526881720430107
0.6838709677419355
0.6838709677419355
0.0
0.9526881720430107
0.9526881720430107
0.9526881720430107
0.6838709677419355
0.6838709677419355
0.0
0.9526881720430107
0.9526881720430107
0.9526881720430107
0.6838709677419355
0.6838709677419355
0.0
0.9526881720430107
0.9526881720430107
0.5161290322580645
0.8516129032258064
0.0
0.5376344086021505
0.0
0.9526881720430107
0.9526881720430107
0.5161290322580645
0.8516129032258064
0.0
0.9526881720430107
0.9526881720430107
0.6838709677419355
0.6838709677419355
0.0
0.8150537634408602
0.7311827956989247
0.4838709677419355
0.4838709677419355
0.0
0.9526881720430107
0.9526881720430107
0.9526881720430107
0.9526881720430107
0.0
0.9526881720430107
0.9526881720430107
0.9526881720430107
0.9526881720430107
0.0
0.9526881720430107
0.9526881720430107
0.9526881720430107
0.9526881720430107
0.0
0.9526881720430107
0.9526881720430107
0.9526881720430107
0.9526881720430107
0.0
0.9526881720430107
0.9526881720430107
0.9526881720430107
0.9526881720430107
0.0
0.9526881720430107
0.9526881720430107
0.9526881720430107
0.9526881720430107
0.0
0.9526881720430107
0.9526881720430107
0.9526881720430107
0.9526881720430107
0.0
0.9526881720430107
0.9526881720430107
0.9526881720430107
0.9526881720430107
0.0
0.9526881720430107
0.9526881720430107
0.9526881720430107
0.9526881720430107
0.0
0.9526881720430107
0.9526881720430107
0.9526881720430107
0.9526881720430107
0.0
0.9526881720430107
0.9526881720430107
0.9526881720430107
0.9526881720430107
0.0
0.0
0.6838709677419355
0.0
0.7311827956989247
0.0
0.9526881720430107
0.9526881720430107
0.9526881720430107
0.9526881720430107
0.0
0.6838709677419355
