0.9494623655913978
0.7344086021505376
0.7344086021505376
0.7344086021505376
0.7344086021505376
0.9494623655913978
0.7344086021505376
0.7344086021505376
0.7344086021505376
0.7344086021505376
0.7344086021505376
0.9494623655913978
0.7344086021505376
0.7344086021505376
0.7344086021505376
0.7344086021505376
0.7344086021505376
0.9494623655913978
0.7344086021505376
0.7344086021505376
0.7344086021505376
0.7344086021505376
0.7344086021505376
0.9494623655913978
0.7344086021505376
0.7344086021505376
0.7344086021505376
0.7344086021505376
0.7344086021505376
0.9494623655913978
0.7344086021505376
0.7344086021505376
0.7344086021505376
0.7344086021505376
0.7344086021505376
0.9494623655913978
0.7344086021505376
0.7344086021505376
0.7344086021505376
0.7344086021505376
0.7344086021505376
0.9494623655913978
0.7344086021505376
0.7344086021505376
0.7344086021505376
0.7344086021505376
0.7344086021505376
0.9494623655913978
0.8655913978494624
0.8655913978494624
0.8655913978494624
0.8655913978494624
0.8655913978494624
0.9494623655913978
0.8655913978494624
0.8655913978494624
0.8655913978494624
0.8655913978494624
0.8655913978494624
0.9494623655913978
0.7344086021505376
0.9494623655913978
0.7344086021505376
0.7344086021505376
0.7344086021505376
0.7344086021505376
0.7344086021505376
0.9494623655913978
0.7344086021505376
0.9494623655913978
0.7344086021505376
0.9494623655913978
0.7344086021505376
0.7344086021505376
0.7344086021505376
0.7344086021505376
0.7344086021505376
0.9494623655913978
0.7344086021505376
0.7344086021505376
0.7344086021505376
0.7344086021505376
0.7344086021505376
0.9494623655913978
0.7344086021505376
0.7344086021505376
0.7344086021505376
0.7344086021505376
0.7344086021505376
0.9494623655913978
0.7344086021505376
0.7344086021505376
0.7344086021505376
0.7344086021505376
0.7344086021505376
0.9494623655913978
0.8655913978494624
0.8655913978494624
0.8655913978494624
0.8655913978494624
0.8655913978494624
0.9494623655913978
0.8655913978494624
0.8655913978494624
0.8655913978494624
0.8655913978494624
0.8655913978494624
0.9494623655913978
0.8655913978494624
0.8655913978494624
0.8655913978494624
0.8655913978494624
0.8655913978494624
0.9494623655913978
0.8655913978494624
0.8655913978494624
0.8655913978494624
0.8655913978494624
0.8655913978494624
0.9494623655913978
0.8655913978494624
0.8655913978494624
0.8655913978494624
0.8655913978494624
0.9494623655913978
0.8655913978494624
0.8655913978494624
0.8655913978494624
0.8655913978494624
0.9494623655913978
0.8655913978494624
0.8655913978494624
0.8655913978494624
0.8655913978494624
0.9494623655913978
0.8655913978494624
0.8655913978494624
0.8655913978494624
0.8655913978494624
0.8655913978494624
0.9494623655913978
0.8655913978494624
0.8655913978494624
0.8655913978494624
0.8655913978494624
0.8655913978494624
0.9494623655913978
0.8655913978494624
0.8655913978494624
0.8655913978494624
0.8655913978494624
0.8655913978494624
0.9494623655913978
0.8655913978494624
0.8655913978494624
0.8655913978494624
0.8655913978494624
0.8655913978494624
0.9494623655913978
0.8655913978494624
0.8655913978494624
0.8655913978494624
0.8655913978494624
0.8655913978494624
0.9494623655913978
0.8655913978494624
0.8655913978494624
0.8655913978494624
0.8655913978494624
0.8655913978494624
0.9494623655913978
0.9494623655913978
0.9494623655913978
0.9494623655913978
0.9494623655913978
0.9494623655913978
0.9494623655913978
0.8655913978494624
0.6505376344086021
0.6505376344086021
0.6505376344086021
0.6505376344086021
0.9494623655913978
0.9494623655913978
0.7344086021505376
0.7344086021505376
0.7344086021505376
0.7344086021505376
0.9494623655913978
0.9494623655913978
0.9494623655913978
0.9494623655913978
0.9494623655913978
0.9494623655913978
0.546236559139785
0.8258064516129032
0.578494623655914
1.0
0.989247311827957
0.9494623655913978
0.546236559139785
0.9494623655913978
0.546236559139785
0.9494623655913978
0.546236559139785
0.9494623655913978
0.546236559139785
0.9494623655913978
0.546236559139785
0.8258064516129032
0.578494623655914
1.0
0.989247311827957
0.9494623655913978
0.546236559139785
0.8258064516129032
0.9494623655913978
0.546236559139785
0.8258064516129032
0.0
0.546236559139785
0.0
0.546236559139785
0.8258064516129032
0.0
0.546236559139785
0.0
0.546236559139785
0.8258064516129032
0.578494623655914
0.0
0.546236559139785
0.8258064516129032
0.578494623655914
0.0
0.546236559139785
0.8258064516129032
0.0
0.546236559139785
0.0
0.546236559139785
0.0
0.546236559139785
0.8258064516129032
0.0
0.546236559139785
0.546236559139785
0.0
0.546236559139785
0.546236559139785
0.0
0.546236559139785
0.546236559139785
0.546236559139785
0.546236559139785
0.546236559139785
0.0
0.546236559139785
0.0
0.546236559139785
0.546236559139785
0.546236559139785
0.546236559139785
0.546236559139785
0.0
0.546236559139785
0.546236559139785
0.546236559139785
0.546236559139785
0.546236559139785
0.0
0.546236559139785
0.546236559139785
0.546236559139785
0.546236559139785
0.546236559139785
0.0
0.546236559139785
0.546236559139785
0.546236559139785
0.546236559139785
0.546236559139785
0.0
0.546236559139785
0.0
0.546236559139785
0.0
0.546236559139785
0.0
0.546236559139785
0.546236559139785
0.546236559139785
0.546236559139785
0.546236559139785
0.0
0.546236559139785
0.0
0.546236559139785
0.0
0.546236559139785
0.0
0.546236559139785
0.0
0.0
0.546236559139785
0.0
0.546236559139785
0.0
0.546236559139785
0.0
0.546236559139785
0.0
0.546236559139785
0.0
0.546236559139785
0.0
0.546236559139785
0.0
0.546236559139785
0.0
0.546236559139785
0.0
0.546236559139785
0.7612903225806451
0.3311827956989247
0.8688172043010752
0.3311827956989247
0.0
0.546236559139785
0.7612903225806451
0.3311827956989247
0.8688172043010752
0.3311827956989247
0.0
0.546236559139785
0.7612903225806451
0.3311827956989247
0.8688172043010752
0.3311827956989247
0.0
0.546236559139785
0.7612903225806451
0.3311827956989247
0.8688172043010752
0.3311827956989247
0.0
0.546236559139785
0.7612903225806451
0.3311827956989247
0.8688172043010752
0.0
0.546236559139785
0.7612903225806451
0.3311827956989247
0.8688172043010752
0.3311827956989247
0.0
0.546236559139785
0.7612903225806451
0.3311827956989247
0.8688172043010752
0.3311827956989247
0.0
0.546236559139785
0.7612903225806451
0.3311827956989247
0.8688172043010752
0.0
0.546236559139785
0.7612903225806451
0.3311827956989247
0.8688172043010752
0.3311827956989247
0.0
0.546236559139785
0.0
0.546236559139785
0.7612903225806451
0.3311827956989247
0.8688172043010752
0.0
0.546236559139785
0.7612903225806451
0.3311827956989247
0.8688172043010752
0.3311827956989247
0.0
0.546236559139785
0.8688172043010752
0.3311827956989247
1.0
0.4989247311827957
0.0
0.6505376344086021
0.6505376344086021
0.6505376344086021
0.6505376344086021
0.6505376344086021
0.0
0.6505376344086021
0.6505376344086021
0.6505376344086021
0.6505376344086021
0.6505376344086021
0.0
0.6505376344086021
0.6505376344086021
0.6505376344086021
0.6505376344086021
0.6505376344086021
0.0
0.6505376344086021
0.6505376344086021
0.6505376344086021
0.6505376344086021
0.6505376344086021
0.0
0.6505376344086021
0.6505376344086021
0.6505376344086021
0.6505376344086021
0.6505376344086021
0.0
0.6505376344086021
0.6505376344086021
0.6505376344086021
0.6505376344086021
0.6505376344086021
0.0
0.6505376344086021
0.6505376344086021
0.6505376344086021
0.6505376344086021
0.6505376344086021
0.0
0.6505376344086021
0.6505376344086021
0.6505376344086021
0.6505376344086021
0.6505376344086021
0.0
0.6505376344086021
0.6505376344086021
0.6505376344086021
0.6505376344086021
0.6505376344086021
0.0
0.6505376344086021
0.6505376344086021
0.6505376344086021
0.6505376344086021
0.6505376344086021
0.0
0.6505376344086021
0.6505376344086021
0.6505376344086021
0.6505376344086021
0.6505376344086021
0.0
0.6505376344086021
0.6505376344086021
0.6505376344086021
0.6505376344086021
0.6505376344086021
0.0
0.6505376344086021
0.6505376344086021
0.6505376344086021
0.6505376344086021
0.6505376344086021
0.0
0.6505376344086021
0.6505376344086021
0.6505376344086021
0.6505376344086021
0.6505376344086021
0.0
0.6505376344086021
0.6505376344086021
0.6505376344086021
0.6505376344086021
0.6505376344086021
0.0
0.6505376344086021
0.6505376344086021
0.6505376344086021
0.6505376344086021
0.6505376344086021
0.0
0.6505376344086021
0.6505376344086021
0.6505376344086021
0.6505376344086021
0.6505376344086021
0.0
0.6505376344086021
0.6505376344086021
0.6505376344086021
0.6505376344086021
0.6505376344086021
0.0
0.6505376344086021
0.6505376344086021
0.6505376344086021
0.6505376344086021
0.6505376344086021
0.0
0.6505376344086021
0.6505376344086021
0.6505376344086021
0.6505376344086021
0.6505376344086021
0.0
0.6505376344086021
0.6505376344086021
0.6505376344086021
0.6505376344086021
0.6505376344086021
0.0
0.6505376344086021
0.6505376344086021
0.6505376344086021
0.6505376344086021
0.6505376344086021
0.0
0.6505376344086021
0.6505376344086021
0.6505376344086021
0.6505376344086021
0.6505376344086021
0.0
0.6505376344086021
0.6505376344086021
0.6505376344086021
0.6505376344086021
0.6505376344086021
0.0
0.6505376344086021
0.6505376344086021
0.6505376344086021
0.6505376344086021
0.6505376344086021
0.0
0.6505376344086021
0.6505376344086021
0.6505376344086021
0.6505376344086021
0.0
0.0
0.0
0.6505376344086021
0.6505376344086021
0.6505376344086021
0.6505376344086021
0.0
0.6505376344086021
0.6505376344086021
0.6505376344086021
0.6505376344086021
0.0
0.8655913978494624
0.6182795698924731
1.0
1.0
0.0
0.9494623655913978
0.9494623655913978
0.9494623655913978
0.9494623655913978
0.0
0.9494623655913978
0.9494623655913978
0.9494623655913978
0.9494623655913978
0.0
0.9494623655913978
0.9494623655913978
0.9494623655913978
0.9494623655913978
0.0
0.9494623655913978
0.9494623655913978
0.9494623655913978
0.9494623655913978
0.0
0.9494623655913978
0.9494623655913978
0.9494623655913978
0.9494623655913978
0.0
0.9494623655913978
0.9494623655913978
0.9494623655913978
0.9494623655913978
0.0
0.9494623655913978
0.9494623655913978
0.9494623655913978
0.9494623655913978
0.0
0.9494623655913978
0.9494623655913978
0.9494623655913978
0.9494623655913978
0.0
0.9494623655913978
0.9494623655913978
0.9494623655913978
0.9494623655913978
0.0
0.9494623655913978
0.9494623655913978
0.9494623655913978
0.9494623655913978
0.0
0.9494623655913978
0.9494623655913978
0.9494623655913978
0.9494623655913978
0.0
0.0
0.546236559139785
0.0
0.0
0.0
0.9494623655913978
0.9494623655913978
0.9494623655913978
0.9494623655913978
0.0
0.546236559139785
