0.946236559139785
0.7311827956989247
0.7311827956989247
0.7311827956989247
0.7311827956989247
0.946236559139785
0.7311827956989247
0.7311827956989247
0.7311827956989247
0.7311827956989247
0.7311827956989247
0.946236559139785
0.7311827956989247
0.7311827956989247
0.7311827956989247
0.7311827956989247
0.7311827956989247
0.946236559139785
0.946236559139785
0.946236559139785
0.7311827956989247
0.7311827956989247
0.7311827956989247
0.946236559139785
0.946236559139785
0.946236559139785
0.7311827956989247
0.7311827956989247
0.7311827956989247
0.946236559139785
0.7311827956989247
0.7311827956989247
0.7311827956989247
0.7311827956989247
0.7311827956989247
0.946236559139785
0.7311827956989247
0.7311827956989247
0.7311827956989247
0.7311827956989247
0.7311827956989247
0.946236559139785
0.7311827956989247
0.7311827956989247
0.7311827956989247
0.7311827956989247
0.7311827956989247
0.946236559139785
0.7311827956989247
0.7311827956989247
0.7311827956989247
0.7311827956989247
0.7311827956989247
0.946236559139785
0.946236559139785
0.946236559139785
0.7311827956989247
0.7311827956989247
0.7311827956989247
0.946236559139785
0.7311827956989247
0.946236559139785
0.7311827956989247
0.7311827956989247
0.7311827956989247
0.7311827956989247
0.7311827956989247
0.946236559139785
0.7311827956989247
0.946236559139785
0.7311827956989247
0.946236559139785
0.7311827956989247
0.7311827956989247
0.7311827956989247
0.7311827956989247
0.7311827956989247
0.946236559139785
0.7311827956989247
0.7311827956989247
0.7311827956989247
0.7311827956989247
0.7311827956989247
0.946236559139785
0.7311827956989247
0.7311827956989247
0.7311827956989247
0.7311827956989247
0.7311827956989247
0.946236559139785
0.7311827956989247
0.7311827956989247
0.7311827956989247
0.7311827956989247
0.7311827956989247
0.946236559139785
0.946236559139785
0.946236559139785
0.946236559139785
0.7311827956989247
0.7311827956989247
0.946236559139785
0.946236559139785
0.946236559139785
0.946236559139785
0.7311827956989247
0.7311827956989247
0.946236559139785
0.946236559139785
0.946236559139785
0.946236559139785
0.7311827956989247
0.7311827956989247
0.946236559139785
0.946236559139785
0.946236559139785
0.946236559139785
0.7311827956989247
0.7311827956989247
0.946236559139785
0.946236559139785
0.946236559139785
0.946236559139785
0.946236559139785
0.946236559139785
0.946236559139785
0.946236559139785
0.7311827956989247
0.7311827956989247
0.946236559139785
0.946236559139785
0.946236559139785
0.7311827956989247
0.7311827956989247
0.946236559139785
0.946236559139785
0.946236559139785
0.946236559139785
0.7311827956989247
0.7311827956989247
0.946236559139785
0.946236559139785
0.946236559139785
0.946236559139785
0.7311827956989247
0.7311827956989247
0.946236559139785
0.946236559139785
0.946236559139785
0.946236559139785
0.7311827956989247
0.7311827956989247
0.946236559139785
0.946236559139785
0.946236559139785
0.946236559139785
0.7311827956989247
0.7311827956989247
0.946236559139785
0.946236559139785
0.946236559139785
0.946236559139785
0.7311827956989247
0.7311827956989247
0.946236559139785
0.946236559139785
0.946236559139785
0.946236559139785
0.7311827956989247
0.7311827956989247
0.946236559139785
0.946236559139785
0.6774193548387096
0.6774193548387096
0.6774193548387096
0.6774193548387096
0.946236559139785
0.946236559139785
0.6774193548387096
0.6774193548387096
0.6774193548387096
0.6774193548387096
0.946236559139785
0.946236559139785
0.6774193548387096
0.6774193548387096
0.6774193548387096
0.6774193548387096
0.946236559139785
0.946236559139785
0.946236559139785
0.946236559139785
0.946236559139785
0.946236559139785
0.946236559139785
0.7311827956989247
0.46236559139784944
1.0
1.0
0.8064516129032258
0.946236559139785
0.7311827956989247
0.946236559139785
0.7311827956989247
0.946236559139785
0.7311827956989247
0.946236559139785
0.7311827956989247
0.946236559139785
0.7311827956989247
0.46236559139784944
1.0
1.0
0.8064516129032258
0.946236559139785
0.7311827956989247
0.46236559139784944
0.946236559139785
0.7311827956989247
0.46236559139784944
0.0
0.7311827956989247
0.0
0.7311827956989247
0.46236559139784944
0.0
0.7311827956989247
0.0
0.7311827956989247
0.46236559139784944
1.0
0.0
0.7311827956989247
0.46236559139784944
1.0
0.0
0.7311827956989247
0.46236559139784944
0.0
0.7311827956989247
0.0
0.7311827956989247
0.0
0.7311827956989247
0.46236559139784944
0.0
0.7311827956989247
0.7311827956989247
0.0
0.7311827956989247
0.7311827956989247
0.0
0.7311827956989247
0.7311827956989247
0.7311827956989247
0.7311827956989247
0.7311827956989247
0.0
0.7311827956989247
0.0
0.7311827956989247
0.7311827956989247
0.7311827956989247
0.7311827956989247
0.7311827956989247
0.0
0.5161290322580645
0.5161290322580645
0.5161290322580645
0.5161290322580645
0.5161290322580645
0.0
0.5161290322580645
0.5161290322580645
0.5161290322580645
0.5161290322580645
0.5161290322580645
0.0
0.5161290322580645
0.5161290322580645
0.5161290322580645
0.5161290322580645
0.5161290322580645
0.0
0.5161290322580645
0.0
0.5161290322580645
0.0
0.5161290322580645
0.0
0.5161290322580645
0.5161290322580645
0.5161290322580645
0.5161290322580645
0.5161290322580645
0.0
0.5161290322580645
0.0
0.5161290322580645
0.0
0.5161290322580645
0.0
0.5161290322580645
0.0
0.5161290322580645
0.0
0.5161290322580645
0.0
0.5161290322580645
0.0
0.5161290322580645
0.0
0.5161290322580645
0.0
0.5161290322580645
0.0
0.5161290322580645
0.0
0.5161290322580645
0.0
0.5161290322580645
0.0
0.5161290322580645
0.0
0.5161290322580645
0.5161290322580645
0.7913978494623656
0.5225806451612903
1.0
0.0
0.5161290322580645
0.5161290322580645
0.7913978494623656
0.5225806451612903
1.0
0.0
0.5161290322580645
0.5161290322580645
0.7913978494623656
0.5225806451612903
1.0
0.0
0.5161290322580645
0.5161290322580645
0.7913978494623656
0.5225806451612903
1.0
0.0
0.5161290322580645
0.5161290322580645
0.7913978494623656
0.5225806451612903
0.0
0.5161290322580645
0.5161290322580645
0.7913978494623656
0.5225806451612903
1.0
0.0
0.5161290322580645
0.5161290322580645
0.7913978494623656
0.5225806451612903
1.0
0.0
0.5161290322580645
0.5161290322580645
0.7913978494623656
0.5225806451612903
0.0
0.5161290322580645
0.5161290322580645
0.7913978494623656
0.5225806451612903
1.0
0.0
0.5161290322580645
0.0
0.5161290322580645
0.5161290322580645
0.7913978494623656
0.5225806451612903
0.0
0.5161290322580645
0.5161290322580645
0.7913978494623656
0.5225806451612903
1.0
0.0
0.6774193548387096
0.6774193548387096
0.6774193548387096
0.6774193548387096
0.6774193548387096
0.0
0.6774193548387096
0.6774193548387096
0.6774193548387096
0.6774193548387096
0.6774193548387096
0.0
0.6774193548387096
0.6774193548387096
0.6774193548387096
0.6774193548387096
0.6774193548387096
0.0
0.6774193548387096
0.6774193548387096
0.6774193548387096
0.6774193548387096
0.6774193548387096
0.0
0.946236559139785
0.6774193548387096
0.6774193548387096
0.6774193548387096
0.6774193548387096
0.0
0.946236559139785
0.6774193548387096
0.6774193548387096
0.6774193548387096
0.6774193548387096
0.0
0.946236559139785
0.6774193548387096
0.6774193548387096
0.6774193548387096
0.6774193548387096
0.0
0.946236559139785
0.6774193548387096
0.6774193548387096
0.6774193548387096
0.6774193548387096
0.0
0.946236559139785
0.6774193548387096
0.6774193548387096
0.6774193548387096
0.6774193548387096
0.0
0.946236559139785
0.6774193548387096
0.6774193548387096
0.6774193548387096
0.6774193548387096
0.0
0.946236559139785
0.6774193548387096
0.6774193548387096
0.6774193548387096
0.6774193548387096
0.0
0.946236559139785
0.6774193548387096
0.6774193548387096
0.6774193548387096
0.6774193548387096
0.0
0.946236559139785
0.6774193548387096
0.6774193548387096
0.6774193548387096
0.6774193548387096
0.0
0.946236559139785
0.6774193548387096
0.6774193548387096
0.6774193548387096
0.6774193548387096
0.0
0.946236559139785
0.6774193548387096
0.6774193548387096
0.6774193548387096
0.6774193548387096
0.0
0.946236559139785
0.6774193548387096
0.6774193548387096
0.6774193548387096
0.6774193548387096
0.0
0.946236559139785
0.6774193548387096
0.6774193548387096
0.6774193548387096
0.6774193548387096
0.0
0.946236559139785
0.946236559139785
0.6774193548387096
0.6774193548387096
0.6774193548387096
0.0
0.946236559139785
0.946236559139785
0.6774193548387096
0.6774193548387096
0.6774193548387096
0.0
0.946236559139785
0.946236559139785
0.946236559139785
0.946236559139785
0.6774193548387096
0.0
0.946236559139785
0.946236559139785
0.946236559139785
0.946236559139785
0.946236559139785
0.0
0.946236559139785
0.946236559139785
0.6774193548387096
0.6774193548387096
0.6774193548387096
0.0
0.946236559139785
0.946236559139785
0.6774193548387096
0.6774193548387096
0.6774193548387096
0.0
0.946236559139785
0.946236559139785
0.6774193548387096
0.6774193548387096
0.6774193548387096
0.0
0.946236559139785
0.946236559139785
0.6774193548387096
0.6774193548387096
0.6774193548387096
0.0
0.946236559139785
0.946236559139785
0.6774193548387096
0.6774193548387096
0.6774193548387096
0.0
0.946236559139785
0.946236559139785
0.6774193548387096
0.6774193548387096
0.0
0.946236559139785
0.0
0.946236559139785
0.946236559139785
0.946236559139785
0.6774193548387096
0.0
0.946236559139785
0.946236559139785
0.6774193548387096
0.6774193548387096
0.0
0.6989247311827957
1.0
1.0
0.8666666666666667
0.0
0.946236559139785
0.946236559139785
0.946236559139785
0.946236559139785
0.0
0.946236559139785
0.946236559139785
0.946236559139785
0.946236559139785
0.0
0.946236559139785
0.946236559139785
0.946236559139785
0.946236559139785
0.0
0.946236559139785
0.946236559139785
0.946236559139785
0.946236559139785
0.0
0.946236559139785
0.946236559139785
0.946236559139785
0.946236559139785
0.0
0.946236559139785
0.946236559139785
0.946236559139785
0.946236559139785
0.0
0.946236559139785
0.946236559139785
0.946236559139785
0.946236559139785
0.0
0.946236559139785
0.946236559139785
0.946236559139785
0.946236559139785
0.0
0.946236559139785
0.946236559139785
0.946236559139785
0.946236559139785
0.0
0.946236559139785
0.946236559139785
0.946236559139785
0.946236559139785
0.0
0.946236559139785
0.946236559139785
0.946236559139785
0.946236559139785
0.0
0.0
0.6774193548387096
0.0
0.0
0.0
0.0
0.0
0.0
0.0
0.0
0.946236559139785
0.0
0.946236559139785
0.946236559139785
0.946236559139785
0.946236559139785
0.0
0.0
0.6774193548387096
