0.9473118279569892
0.8096774193548387
0.8096774193548387
0.8096774193548387
0.8096774193548387
0.9473118279569892
0.8096774193548387
0.8096774193548387
0.8096774193548387
0.8096774193548387
0.8096774193548387
0.9473118279569892
0.8096774193548387
0.8096774193548387
0.8096774193548387
0.8096774193548387
0.8096774193548387
0.9473118279569892
0.8096774193548387
0.8096774193548387
0.8096774193548387
0.8096774193548387
0.8096774193548387
0.9473118279569892
0.8096774193548387
0.8096774193548387
0.8096774193548387
0.8096774193548387
0.8096774193548387
0.9473118279569892
0.8096774193548387
0.8096774193548387
0.8096774193548387
0.8096774193548387
0.8096774193548387
0.9473118279569892
0.8096774193548387
0.8096774193548387
0.8096774193548387
0.8096774193548387
0.8096774193548387
0.9473118279569892
0.8096774193548387
0.8096774193548387
0.8096774193548387
0.8096774193548387
0.8096774193548387
0.9473118279569892
0.8096774193548387
0.8096774193548387
0.8096774193548387
0.8096774193548387
0.8096774193548387
0.9473118279569892
0.8096774193548387
0.8096774193548387
0.8096774193548387
0.8096774193548387
0.8096774193548387
0.9473118279569892
0.8096774193548387
0.9473118279569892
0.8096774193548387
0.8096774193548387
0.8096774193548387
0.8096774193548387
0.8096774193548387
0.9473118279569892
0.8096774193548387
0.9473118279569892
0.8096774193548387
0.9473118279569892
0.8096774193548387
0.8096774193548387
0.8096774193548387
0.8096774193548387
0.8096774193548387
0.9473118279569892
0.8096774193548387
0.8096774193548387
0.8096774193548387
0.8096774193548387
0.8096774193548387
0.9473118279569892
0.8096774193548387
0.8096774193548387
0.8096774193548387
0.8096774193548387
0.8096774193548387
0.9473118279569892
0.8096774193548387
0.8096774193548387
0.8096774193548387
0.8096774193548387
0.8096774193548387
0.9473118279569892
0.8096774193548387
0.8096774193548387
0.8096774193548387
0.8096774193548387
0.8096774193548387
0.9473118279569892
0.8096774193548387
0.8096774193548387
0.8096774193548387
0.8096774193548387
0.8096774193548387
0.9473118279569892
0.8096774193548387
0.8096774193548387
0.8096774193548387
0.8096774193548387
0.8096774193548387
0.9473118279569892
0.8096774193548387
0.8096774193548387
0.8096774193548387
0.8096774193548387
0.8096774193548387
0.9473118279569892
0.8096774193548387
0.8096774193548387
0.8096774193548387
0.8096774193548387
0.9473118279569892
0.8096774193548387
0.8096774193548387
0.8096774193548387
0.8096774193548387
0.9473118279569892
0.8096774193548387
0.8096774193548387
0.8096774193548387
0.8096774193548387
0.9473118279569892
0.8096774193548387
0.8096774193548387
0.8096774193548387
0.8096774193548387
0.8096774193548387
0.9473118279569892
0.8096774193548387
0.8096774193548387
0.8096774193548387
0.8096774193548387
0.8096774193548387
0.9473118279569892
0.8096774193548387
0.8096774193548387
0.8096774193548387
0.8096774193548387
0.8096774193548387
0.9473118279569892
0.9473118279569892
0.9473118279569892
0.8096774193548387
0.8096774193548387
0.8096774193548387
0.9473118279569892
0.9473118279569892
0.9473118279569892
0.8096774193548387
0.8096774193548387
0.8096774193548387
0.9473118279569892
0.8096774193548387
0.8096774193548387
0.8096774193548387
0.8096774193548387
0.8096774193548387
0.9473118279569892
0.9473118279569892
0.5440860215053763
0.5440860215053763
0.5440860215053763
0.5440860215053763
0.9473118279569892
0.8096774193548387
0.4064516129032258
0.9440860215053763
0.4064516129032258
0.9440860215053763
0.9473118279569892
0.9473118279569892
0.5440860215053763
0.5440860215053763
0.5440860215053763
0.5440860215053763
0.9473118279569892
0.9473118279569892
0.9473118279569892
0.9473118279569892
0.9473118279569892
0.9473118279569892
0.678494623655914
0.8129032258064516
0.6752688172043011
1.0
0.6752688172043011
0.9473118279569892
0.678494623655914
0.9473118279569892
0.678494623655914
0.9473118279569892
0.678494623655914
0.9473118279569892
0.678494623655914
0.9473118279569892
0.678494623655914
0.8129032258064516
0.6752688172043011
1.0
0.6752688172043011
0.9473118279569892
0.678494623655914
0.8129032258064516
0.9473118279569892
0.678494623655914
0.8129032258064516
0.0
0.678494623655914
0.0
0.678494623655914
0.8129032258064516
0.0
0.678494623655914
0.0
0.678494623655914
0.8129032258064516
0.6752688172043011
0.0
0.678494623655914
0.8129032258064516
0.6752688172043011
0.0
0.678494623655914
0.8129032258064516
0.0
0.678494623655914
0.0
0.678494623655914
0.0
0.678494623655914
0.8129032258064516
0.0
0.678494623655914
0.678494623655914
0.0
0.678494623655914
0.678494623655914
0.0
0.678494623655914
0.678494623655914
0.678494623655914
0.678494623655914
0.678494623655914
0.0
0.678494623655914
0.0
0.678494623655914
0.678494623655914
0.678494623655914
0.678494623655914
0.678494623655914
0.0
0.678494623655914
0.678494623655914
0.678494623655914
0.678494623655914
0.678494623655914
0.0
0.678494623655914
0.678494623655914
0.678494623655914
0.678494623655914
0.678494623655914
0.0
0.678494623655914
0.678494623655914
0.678494623655914
0.678494623655914
0.678494623655914
0.0
0.678494623655914
0.0
0.678494623655914
0.0
0.678494623655914
0.0
0.678494623655914
0.678494623655914
0.678494623655914
0.678494623655914
0.678494623655914
0.0
0.678494623655914
0.0
0.678494623655914
0.0
0.678494623655914
0.0
0.678494623655914
0.0
0.0
0.0
0.678494623655914
0.0
0.678494623655914
0.0
0.678494623655914
0.0
0.678494623655914
0.0
0.678494623655914
0.0
0.678494623655914
0.0
0.678494623655914
0.0
0.678494623655914
0.0
0.678494623655914
0.7698924731182796
0.632258064516129
1.0
0.632258064516129
0.0
0.678494623655914
0.7698924731182796
0.632258064516129
1.0
0.632258064516129
0.0
0.678494623655914
0.7698924731182796
0.632258064516129
1.0
0.632258064516129
0.0
0.678494623655914
0.7698924731182796
0.632258064516129
1.0
0.632258064516129
0.0
0.678494623655914
0.7698924731182796
0.632258064516129
1.0
0.0
0.678494623655914
0.7698924731182796
0.632258064516129
1.0
0.632258064516129
0.0
0.678494623655914
0.7698924731182796
0.632258064516129
1.0
0.632258064516129
0.0
0.678494623655914
0.7698924731182796
0.632258064516129
1.0
0.0
0.678494623655914
0.7698924731182796
0.632258064516129
1.0
0.632258064516129
0.0
0.678494623655914
0.0
0.678494623655914
0.7698924731182796
0.632258064516129
1.0
0.0
0.678494623655914
0.7698924731182796
0.632258064516129
1.0
0.632258064516129
0.0
0.678494623655914
1.0
0.9440860215053763
0.13763440860215054
0.6752688172043011
0.0
0.678494623655914
0.8129032258064516
0.6752688172043011
1.0
0.6752688172043011
0.0
0.678494623655914
0.8129032258064516
0.6752688172043011
1.0
0.6752688172043011
0.0
0.6720430107526881
0.8064516129032258
0.5376344086021505
1.0
0.5376344086021505
0.0
0.9473118279569892
0.678494623655914
0.678494623655914
0.678494623655914
0.678494623655914
0.0
0.9473118279569892
0.5440860215053763
0.7118279569892473
0.7118279569892473
0.7118279569892473
0.0
0.9473118279569892
0.5440860215053763
0.7118279569892473
0.7118279569892473
0.7118279569892473
0.0
0.9473118279569892
0.5440860215053763
0.7118279569892473
0.7118279569892473
0.7118279569892473
0.0
0.9473118279569892
0.5440860215053763
0.7118279569892473
0.7118279569892473
0.7118279569892473
0.0
0.9473118279569892
0.5440860215053763
0.7118279569892473
0.7118279569892473
0.7118279569892473
0.0
0.9473118279569892
0.5440860215053763
0.7118279569892473
0.7118279569892473
0.7118279569892473
0.0
0.9473118279569892
0.5440860215053763
0.7118279569892473
0.7118279569892473
0.7118279569892473
0.0
0.9473118279569892
0.9473118279569892
0.678494623655914
0.678494623655914
0.678494623655914
0.0
0.9473118279569892
0.9473118279569892
0.678494623655914
0.678494623655914
0.678494623655914
0.0
0.9473118279569892
0.9473118279569892
0.678494623655914
0.678494623655914
0.678494623655914
0.0
0.9473118279569892
0.9473118279569892
0.678494623655914
0.678494623655914
0.678494623655914
0.0
0.9473118279569892
0.9473118279569892
0.678494623655914
0.678494623655914
0.678494623655914
0.0
0.9473118279569892
0.9473118279569892
0.678494623655914
0.678494623655914
0.678494623655914
0.0
0.9473118279569892
0.9473118279569892
0.678494623655914
0.678494623655914
0.678494623655914
0.0
0.9473118279569892
0.9473118279569892
0.678494623655914
0.678494623655914
0.678494623655914
0.0
0.9473118279569892
0.9473118279569892
0.9473118279569892
0.9473118279569892
0.9473118279569892
0.0
0.9473118279569892
0.9473118279569892
0.678494623655914
0.678494623655914
0.678494623655914
0.0
0.9473118279569892
0.9473118279569892
0.678494623655914
0.678494623655914
0.678494623655914
0.0
0.9473118279569892
0.9473118279569892
0.678494623655914
0.678494623655914
0.678494623655914
0.0
0.9473118279569892
0.9473118279569892
0.678494623655914
0.678494623655914
0.678494623655914
0.0
0.9473118279569892
0.9473118279569892
0.678494623655914
0.678494623655914
0.678494623655914
0.0
0.9473118279569892
0.9473118279569892
0.678494623655914
0.678494623655914
0.0
0.0
0.0
0.9473118279569892
0.9473118279569892
0.678494623655914
0.678494623655914
0.0
0.9473118279569892
0.9473118279569892
0.678494623655914
0.678494623655914
0.0
0.8096774193548387
0.6720430107526881
1.0
0.6720430107526881
0.0
0.9473118279569892
0.9473118279569892
0.9473118279569892
0.9473118279569892
0.0
0.9473118279569892
0.9473118279569892
0.9473118279569892
0.9473118279569892
0.0
0.9473118279569892
0.9473118279569892
0.9473118279569892
0.9473118279569892
0.0
0.9473118279569892
0.9473118279569892
0.9473118279569892
0.9473118279569892
0.0
0.9473118279569892
0.9473118279569892
0.9473118279569892
0.9473118279569892
0.0
0.9473118279569892
0.9473118279569892
0.9473118279569892
0.9473118279569892
0.0
0.9473118279569892
0.9473118279569892
0.9473118279569892
0.9473118279569892
0.0
0.9473118279569892
0.9473118279569892
0.9473118279569892
0.9473118279569892
0.0
0.9473118279569892
0.9473118279569892
0.9473118279569892
0.9473118279569892
0.0
0.9473118279569892
0.9473118279569892
0.9473118279569892
0.9473118279569892
0.0
0.9473118279569892
0.9473118279569892
0.9473118279569892
0.9473118279569892
0.0
0.0
0.5440860215053763
0.0
0.0
0.0
0.9473118279569892
0.9473118279569892
0.9473118279569892
0.9473118279569892
0.0
0.5440860215053763
