0.9526881720430107
0.7376344086021506
0.7376344086021506
0.7376344086021506
0.7376344086021506
0.9526881720430107
0.7376344086021506
0.7376344086021506
0.7376344086021506
0.7376344086021506
0.7376344086021506
0.9526881720430107
0.7376344086021506
0.7376344086021506
0.7376344086021506
0.7376344086021506
0.7376344086021506
0.9526881720430107
0.7376344086021506
0.7376344086021506
0.7376344086021506
0.7376344086021506
0.7376344086021506
0.9526881720430107
0.7376344086021506
0.7376344086021506
0.7376344086021506
0.7376344086021506
0.7376344086021506
0.9526881720430107
0.7376344086021506
0.7376344086021506
0.7376344086021506
0.7376344086021506
0.7376344086021506
0.9526881720430107
0.7376344086021506
0.7376344086021506
0.7376344086021506
0.7376344086021506
0.7376344086021506
0.9526881720430107
0.7376344086021506
0.7376344086021506
0.7376344086021506
0.7376344086021506
0.7376344086021506
0.9526881720430107
0.8150537634408602
0.7311827956989247
0.7311827956989247
0.7311827956989247
0.7311827956989247
0.9526881720430107
0.8150537634408602
0.7311827956989247
0.7311827956989247
0.7311827956989247
0.7311827956989247
0.9526881720430107
0.7376344086021506
0.9526881720430107
0.7376344086021506
0.7376344086021506
0.7376344086021506
0.7376344086021506
0.7376344086021506
0.9526881720430107
0.7376344086021506
0.9526881720430107
0.7376344086021506
0.9526881720430107
0.7376344086021506
0.7376344086021506
0.7376344086021506
0.7376344086021506
0.7376344086021506
0.9526881720430107
0.7376344086021506
0.7376344086021506
0.7376344086021506
0.7376344086021506
0.7376344086021506
0.9526881720430107
0.7376344086021506
0.7376344086021506
0.7376344086021506
0.7376344086021506
0.7376344086021506
0.9526881720430107
0.7376344086021506
0.7376344086021506
0.7376344086021506
0.7376344086021506
0.7376344086021506
0.9526881720430107
0.8688172043010752
0.8688172043010752
0.7311827956989247
0.7311827956989247
0.7311827956989247
0.9526881720430107
0.8688172043010752
0.8688172043010752
0.7311827956989247
0.7311827956989247
0.7311827956989247
0.9526881720430107
0.8688172043010752
0.8688172043010752
0.7311827956989247
0.7311827956989247
0.7311827956989247
0.9526881720430107
0.8688172043010752
0.8688172043010752
0.7311827956989247
0.7311827956989247
0.7311827956989247
0.9526881720430107
0.8688172043010752
0.8688172043010752
0.8688172043010752
0.8688172043010752
0.9526881720430107
0.8688172043010752
0.8688172043010752
0.8688172043010752
0.8688172043010752
0.9526881720430107
0.8688172043010752
0.8688172043010752
0.8688172043010752
0.8688172043010752
0.9526881720430107
0.8688172043010752
0.8688172043010752
0.7311827956989247
0.7311827956989247
0.7311827956989247
0.9526881720430107
0.8688172043010752
0.8688172043010752
0.7311827956989247
0.7311827956989247
0.7311827956989247
0.9526881720430107
0.8688172043010752
0.8688172043010752
0.7311827956989247
0.7311827956989247
0.7311827956989247
0.9526881720430107
0.8688172043010752
0.8688172043010752
0.7311827956989247
0.7311827956989247
0.7311827956989247
0.9526881720430107
0.8688172043010752
0.8688172043010752
0.7311827956989247
0.7311827956989247
0.7311827956989247
0.9526881720430107
0.8688172043010752
0.8688172043010752
0.7311827956989247
0.7311827956989247
0.7311827956989247
0.9526881720430107
0.9526881720430107
0.9526881720430107
0.9526881720430107
0.6838709677419355
0.6838709677419355
0.9526881720430107
0.8688172043010752
0.8688172043010752
0.7311827956989247
0.7311827956989247
0.7311827956989247
0.9526881720430107
0.9526881720430107
0.9526881720430107
0.9526881720430107
0.6838709677419355
0.6838709677419355
0.9526881720430107
0.9526881720430107
0.9526881720430107
0.9526881720430107
0.9526881720430107
0.9526881720430107
0.9526881720430107
0.7376344086021506
0.46881720430107526
1.0
1.0
0.8903225806451613
0.9526881720430107
0.7376344086021506
0.9526881720430107
0.7376344086021506
0.9526881720430107
0.7376344086021506
0.9526881720430107
0.7376344086021506
0.9526881720430107
0.7376344086021506
0.46881720430107526
1.0
1.0
0.8903225806451613
0.9526881720430107
0.7376344086021506
0.46881720430107526
0.9526881720430107
0.7376344086021506
0.46881720430107526
0.0
0.7376344086021506
0.0
0.7376344086021506
0.46881720430107526
0.0
0.7376344086021506
0.0
0.7376344086021506
0.46881720430107526
1.0
0.0
0.7376344086021506
0.46881720430107526
1.0
0.0
0.7376344086021506
0.46881720430107526
0.0
0.7376344086021506
0.0
0.7376344086021506
0.0
0.7376344086021506
0.46881720430107526
0.0
0.0
0.0
0.7053763440860215
0.0
0.0
0.0
0.7053763440860215
0.0
0.0
0.0
0.7053763440860215
0.0
0.0
0.0
0.7053763440860215
0.0
0.0
0.0
0.0
0.0
0.0
0.0
0.7053763440860215
0.0
0.7376344086021506
0.7376344086021506
0.0
0.7376344086021506
0.7376344086021506
0.0
0.7376344086021506
0.7376344086021506
0.7376344086021506
0.7376344086021506
0.7376344086021506
0.0
0.7376344086021506
0.0
0.7376344086021506
0.7376344086021506
0.7376344086021506
0.7376344086021506
0.7376344086021506
0.0
0.0
0.0
0.0
0.0
0.0
0.0
0.0
0.0
0.0
0.0
0.0
0.0
0.0
0.0
0.0
0.0
0.5161290322580645
0.5161290322580645
0.5161290322580645
0.5161290322580645
0.5161290322580645
0.0
0.5161290322580645
0.5161290322580645
0.5161290322580645
0.5161290322580645
0.5161290322580645
0.0
0.0
0.0
0.0
0.0
0.0
0.0
0.0
0.0
0.16774193548387098
0.16774193548387098
0.16774193548387098
0.0
0.16774193548387098
0.16774193548387098
0.16774193548387098
0.0
0.5161290322580645
0.5161290322580645
0.5161290322580645
0.5161290322580645
0.5161290322580645
0.0
0.5161290322580645
0.0
0.5161290322580645
0.0
0.5161290322580645
0.0
0.5161290322580645
0.5161290322580645
0.5161290322580645
0.5161290322580645
0.5161290322580645
0.0
0.5161290322580645
0.0
0.5161290322580645
0.0
0.5161290322580645
0.0
0.5161290322580645
0.0
0.5161290322580645
0.0
0.5161290322580645
0.0
0.5161290322580645
0.0
0.5161290322580645
0.0
0.5161290322580645
0.0
0.5161290322580645
0.0
0.5161290322580645
0.0
0.5161290322580645
0.0
0.5161290322580645
0.0
0.5161290322580645
0.0
0.5161290322580645
0.5161290322580645
0.7913978494623656
0.5440860215053763
1.0
0.0
0.5161290322580645
0.5161290322580645
0.7913978494623656
0.5440860215053763
1.0
0.0
0.5161290322580645
0.5161290322580645
0.7913978494623656
0.5440860215053763
1.0
0.0
0.5161290322580645
0.5161290322580645
0.7913978494623656
0.5440860215053763
1.0
0.0
0.5161290322580645
0.5161290322580645
0.7913978494623656
0.5440860215053763
0.0
0.5161290322580645
0.5161290322580645
0.7913978494623656
0.5440860215053763
1.0
0.0
0.5161290322580645
0.5161290322580645
0.7913978494623656
0.5440860215053763
1.0
0.0
0.5161290322580645
0.5161290322580645
0.7913978494623656
0.5440860215053763
0.0
0.5161290322580645
0.5161290322580645
0.7913978494623656
0.5440860215053763
1.0
0.0
0.5161290322580645
0.0
0.5161290322580645
0.5161290322580645
0.7913978494623656
0.5440860215053763
0.0
0.5161290322580645
0.5161290322580645
0.7913978494623656
0.5440860215053763
1.0
0.0
0.5161290322580645
0.7913978494623656
0.5225806451612903
1.0
0.5225806451612903
0.0
0.5161290322580645
0.7913978494623656
0.5225806451612903
1.0
0.8580645161290322
0.0
0.5161290322580645
0.5161290322580645
0.7913978494623656
0.5161290322580645
0.7913978494623656
0.0
0.5161290322580645
0.7913978494623656
0.7913978494623656
0.5225806451612903
1.0
0.0
0.5161290322580645
0.7913978494623656
0.5161290322580645
0.8516129032258064
0.5827956989247312
0.0
0.5161290322580645
0.7913978494623656
0.7913978494623656
0.5225806451612903
1.0
0.0
0.5161290322580645
0.7913978494623656
0.7913978494623656
0.5225806451612903
1.0
0.0
0.9526881720430107
0.9526881720430107
0.6838709677419355
0.6838709677419355
0.6838709677419355
0.0
0.9526881720430107
0.9526881720430107
0.9526881720430107
0.6838709677419355
0.6838709677419355
0.0
0.9526881720430107
0.9526881720430107
0.9526881720430107
0.6838709677419355
0.6838709677419355
0.0
0.9526881720430107
0.9526881720430107
0.9526881720430107
0.6838709677419355
0.6838709677419355
0.0
0.9526881720430107
0.9526881720430107
0.9526881720430107
0.6838709677419355
0.6838709677419355
0.0
0.9526881720430107
0.9526881720430107
0.9526881720430107
0.6838709677419355
0.6838709677419355
0.0
0.9526881720430107
0.9526881720430107
0.9526881720430107
0.6838709677419355
0.6838709677419355
0.0
0.9526881720430107
0.9526881720430107
0.9526881720430107
0.6838709677419355
0.6838709677419355
0.0
0.9526881720430107
0.9526881720430107
0.9526881720430107
0.6838709677419355
0.6838709677419355
0.0
0.9526881720430107
0.9526881720430107
0.9526881720430107
0.6838709677419355
0.6838709677419355
0.0
0.9526881720430107
0.9526881720430107
0.9526881720430107
0.6838709677419355
0.6838709677419355
0.0
0.9526881720430107
0.9526881720430107
0.9526881720430107
0.6838709677419355
0.6838709677419355
0.0
0.9526881720430107
0.9526881720430107
0.9526881720430107
0.6838709677419355
0.6838709677419355
0.0
0.9526881720430107
0.9526881720430107
0.9526881720430107
0.9526881720430107
0.9526881720430107
0.0
0.9526881720430107
0.9526881720430107
0.9526881720430107
0.6838709677419355
0.6838709677419355
0.0
0.9526881720430107
0.9526881720430107
0.9526881720430107
0.6838709677419355
0.6838709677419355
0.0
0.9526881720430107
0.9526881720430107
0.9526881720430107
0.6838709677419355
0.6838709677419355
0.0
0.9526881720430107
0.9526881720430107
0.9526881720430107
0.6838709677419355
0.6838709677419355
0.0
0.9526881720430107
0.9526881720430107
0.9526881720430107
0.6838709677419355
0.6838709677419355
0.0
0.9526881720430107
0.9526881720430107
0.621505376344086
0.621505376344086
0.0
0.9526881720430107
0.0
0.9526881720430107
0.9526881720430107
0.621505376344086
0.621505376344086
0.0
0.9526881720430107
0.9526881720430107
0.6838709677419355
0.6838709677419355
0.0
0.8150537634408602
0.7311827956989247
0.4838709677419355
0.4838709677419355
0.0
0.9526881720430107
0.9526881720430107
0.9526881720430107
0.9526881720430107
0.0
0.9526881720430107
0.9526881720430107
0.9526881720430107
0.9526881720430107
0.0
0.9526881720430107
0.9526881720430107
0.9526881720430107
0.9526881720430107
0.0
0.9526881720430107
0.9526881720430107
0.9526881720430107
0.9526881720430107
0.0
0.9526881720430107
0.9526881720430107
0.9526881720430107
0.9526881720430107
0.0
0.9526881720430107
0.9526881720430107
0.9526881720430107
0.9526881720430107
0.0
0.9526881720430107
0.9526881720430107
0.9526881720430107
0.9526881720430107
0.0
0.9526881720430107
0.9526881720430107
0.9526881720430107
0.9526881720430107
0.0
0.9526881720430107
0.9526881720430107
0.9526881720430107
0.9526881720430107
0.0
0.9526881720430107
0.9526881720430107
0.9526881720430107
0.9526881720430107
0.0
0.9526881720430107
0.9526881720430107
0.9526881720430107
0.9526881720430107
0.0
0.0
0.6838709677419355
0.0
0.0
0.0
0.0
0.0
0.0
0.0
0.0
0.9526881720430107
0.0
0.9526881720430107
0.9526881720430107
0.9526881720430107
0.9526881720430107
0.0
0.0
0.6838709677419355
