0.9526881720430107
0.7376344086021506
0.7376344086021506
0.7376344086021506
0.7376344086021506
0.9526881720430107
0.7376344086021506
0.7376344086021506
0.7376344086021506
0.7376344086021506
0.7376344086021506
0.9526881720430107
0.7376344086021506
0.7376344086021506
0.7376344086021506
0.7376344086021506
0.7376344086021506
0.9526881720430107
0.8150537634408602
0.7311827956989247
0.7311827956989247
0.7311827956989247
0.7311827956989247
0.9526881720430107
0.8688172043010752
0.8688172043010752
0.8688172043010752
0.7311827956989247
0.7311827956989247
0.9526881720430107
0.7376344086021506
0.7376344086021506
0.7376344086021506
0.7376344086021506
0.7376344086021506
0.9526881720430107
0.7376344086021506
0.7376344086021506
0.7376344086021506
0.7376344086021506
0.7376344086021506
0.9526881720430107
0.7376344086021506
0.7376344086021506
0.7376344086021506
0.7376344086021506
0.7376344086021506
0.9526881720430107
0.8150537634408602
0.7311827956989247
0.7311827956989247
0.7311827956989247
0.7311827956989247
0.9526881720430107
0.8150537634408602
0.7311827956989247
0.7311827956989247
0.7311827956989247
0.7311827956989247
0.9526881720430107
0.7376344086021506
0.9526881720430107
0.7376344086021506
0.7376344086021506
0.7376344086021506
0.7376344086021506
0.7376344086021506
0.9526881720430107
0.7376344086021506
0.9526881720430107
0.7376344086021506
0.9526881720430107
0.7376344086021506
0.7376344086021506
0.7376344086021506
0.7376344086021506
0.7376344086021506
0.9526881720430107
0.7376344086021506
0.7376344086021506
0.7376344086021506
0.7376344086021506
0.7376344086021506
0.9526881720430107
0.7376344086021506
0.7376344086021506
0.7376344086021506
0.7376344086021506
0.7376344086021506
0.9526881720430107
0.7376344086021506
0.7376344086021506
0.7376344086021506
0.7376344086021506
0.7376344086021506
0.9526881720430107
0.8688172043010752
0.8688172043010752
0.8688172043010752
0.8688172043010752
0.8688172043010752
0.9526881720430107
0.8688172043010752
0.8688172043010752
0.8688172043010752
0.8688172043010752
0.8688172043010752
0.9526881720430107
0.8688172043010752
0.8688172043010752
0.8688172043010752
0.8688172043010752
0.8688172043010752
0.9526881720430107
0.8688172043010752
0.8688172043010752
0.8688172043010752
0.8688172043010752
0.8688172043010752
0.9526881720430107
0.8688172043010752
0.8688172043010752
0.8688172043010752
0.8688172043010752
0.9526881720430107
0.8688172043010752
0.8688172043010752
0.8688172043010752
0.8688172043010752
0.9526881720430107
0.8688172043010752
0.8688172043010752
0.8688172043010752
0.8688172043010752
0.9526881720430107
0.8688172043010752
0.8688172043010752
0.8688172043010752
0.8688172043010752
0.8688172043010752
0.9526881720430107
0.8688172043010752
0.8688172043010752
0.8688172043010752
0.8688172043010752
0.8688172043010752
0.9526881720430107
0.8688172043010752
0.8688172043010752
0.8688172043010752
0.8688172043010752
0.8688172043010752
0.9526881720430107
0.8688172043010752
0.8688172043010752
0.8688172043010752
0.8688172043010752
0.8688172043010752
0.9526881720430107
0.8688172043010752
0.8688172043010752
0.8688172043010752
0.8688172043010752
0.8688172043010752
0.9526881720430107
0.8688172043010752
0.8688172043010752
0.8688172043010752
0.8688172043010752
0.8688172043010752
0.9526881720430107
0.9526881720430107
0.9526881720430107
0.9526881720430107
0.6838709677419355
0.6838709677419355
0.9526881720430107
0.8688172043010752
0.8688172043010752
0.8688172043010752
0.6
0.6
0.9526881720430107
0.9526881720430107
0.9526881720430107
0.8688172043010752
0.6
1.0
0.9526881720430107
0.9526881720430107
0.9526881720430107
0.9526881720430107
0.9526881720430107
0.9526881720430107
0.7376344086021506
0.46881720430107526
1.0
0.7591397849462366
0.621505376344086
0.9526881720430107
0.7376344086021506
0.9526881720430107
0.7376344086021506
0.9526881720430107
0.7376344086021506
0.9526881720430107
0.7376344086021506
0.9526881720430107
0.7376344086021506
0.46881720430107526
1.0
0.7591397849462366
0.621505376344086
0.9526881720430107
0.7376344086021506
0.46881720430107526
0.9526881720430107
0.7376344086021506
0.46881720430107526
0.0
0.7376344086021506
0.0
0.7376344086021506
0.46881720430107526
0.0
0.7376344086021506
0.0
0.7376344086021506
0.46881720430107526
1.0
0.0
0.7376344086021506
0.46881720430107526
1.0
0.0
0.7376344086021506
0.46881720430107526
0.0
0.7376344086021506
0.0
0.7376344086021506
0.0
0.7376344086021506
0.46881720430107526
0.0
0.7376344086021506
0.7376344086021506
0.0
0.7376344086021506
0.7376344086021506
0.0
0.7376344086021506
0.7376344086021506
0.7376344086021506
0.7376344086021506
0.7376344086021506
0.0
0.7376344086021506
0.0
0.7376344086021506
0.7376344086021506
0.7376344086021506
0.7376344086021506
0.7376344086021506
0.0
0.6537634408602151
0.6537634408602151
0.6537634408602151
0.6537634408602151
0.6537634408602151
0.0
0.6537634408602151
0.6537634408602151
0.6537634408602151
0.6537634408602151
0.6537634408602151
0.0
0.6537634408602151
0.6537634408602151
0.6537634408602151
0.6537634408602151
0.6537634408602151
0.0
0.6537634408602151
0.0
0.6537634408602151
0.0
0.6537634408602151
0.0
0.6537634408602151
0.6537634408602151
0.6537634408602151
0.6537634408602151
0.6537634408602151
0.0
0.6537634408602151
0.0
0.6537634408602151
0.0
0.6537634408602151
0.0
0.6537634408602151
0.0
0.0
0.6537634408602151
0.0
0.6537634408602151
0.0
0.6537634408602151
0.0
0.6537634408602151
0.0
0.6537634408602151
0.0
0.6537634408602151
0.0
0.6537634408602151
0.0
0.6537634408602151
0.0
0.6537634408602151
0.0
0.6537634408602151
0.6537634408602151
0.6537634408602151
0.6537634408602151
0.6537634408602151
0.0
0.6537634408602151
0.6537634408602151
0.6537634408602151
0.6537634408602151
0.6537634408602151
0.0
0.6537634408602151
0.6537634408602151
0.6537634408602151
0.6537634408602151
0.6537634408602151
0.0
0.6537634408602151
0.6537634408602151
0.6537634408602151
0.6537634408602151
0.6537634408602151
0.0
0.6537634408602151
0.6537634408602151
0.6537634408602151
0.6537634408602151
0.0
0.6537634408602151
0.6537634408602151
0.6537634408602151
0.6537634408602151
0.6537634408602151
0.0
0.6537634408602151
0.6537634408602151
0.6537634408602151
0.6537634408602151
0.6537634408602151
0.0
0.6537634408602151
0.6537634408602151
0.6537634408602151
0.6537634408602151
0.0
0.6537634408602151
0.6537634408602151
0.6537634408602151
0.6537634408602151
0.6537634408602151
0.0
0.6537634408602151
0.0
0.6537634408602151
0.6537634408602151
0.6537634408602151
0.6537634408602151
0.0
0.6537634408602151
0.6537634408602151
0.6537634408602151
0.6537634408602151
0.6537634408602151
0.0
0.6537634408602151
0.6537634408602151
0.6537634408602151
0.6537634408602151
0.6537634408602151
0.0
0.6537634408602151
0.6537634408602151
0.6537634408602151
0.6537634408602151
0.6537634408602151
0.0
0.6537634408602151
0.6537634408602151
0.6537634408602151
0.6537634408602151
0.6537634408602151
0.0
0.6537634408602151
0.6537634408602151
0.6537634408602151
0.6537634408602151
0.6537634408602151
0.0
0.6537634408602151
0.6537634408602151
0.6537634408602151
0.6537634408602151
0.6537634408602151
0.0
0.6537634408602151
0.6537634408602151
0.6537634408602151
0.6537634408602151
0.6537634408602151
0.0
0.6537634408602151
0.6537634408602151
0.6537634408602151
0.6537634408602151
0.6537634408602151
0.0
0.6537634408602151
0.6537634408602151
0.6537634408602151
0.6537634408602151
0.6537634408602151
0.0
0.6537634408602151
0.6537634408602151
0.6537634408602151
0.6537634408602151
0.6537634408602151
0.0
0.6537634408602151
0.6537634408602151
0.6537634408602151
0.6537634408602151
0.6537634408602151
0.0
0.6537634408602151
0.6537634408602151
0.6537634408602151
0.6537634408602151
0.6537634408602151
0.0
0.6537634408602151
0.6537634408602151
0.6537634408602151
0.6537634408602151
0.6537634408602151
0.0
0.6537634408602151
0.6537634408602151
0.6537634408602151
0.6537634408602151
0.6537634408602151
0.0
0.6537634408602151
0.6537634408602151
0.6537634408602151
0.6537634408602151
0.6537634408602151
0.0
0.6537634408602151
0.6537634408602151
0.6537634408602151
0.6537634408602151
0.6537634408602151
0.0
0.6537634408602151
0.6537634408602151
0.6537634408602151
0.6537634408602151
0.6537634408602151
0.0
0.6537634408602151
0.6537634408602151
0.6537634408602151
0.6537634408602151
0.6537634408602151
0.0
0.6537634408602151
0.6537634408602151
0.6537634408602151
0.6537634408602151
0.6537634408602151
0.0
0.6537634408602151
0.6537634408602151
0.6537634408602151
0.6537634408602151
0.6537634408602151
0.0
0.6537634408602151
0.6537634408602151
0.6537634408602151
0.6537634408602151
0.6537634408602151
0.0
0.6537634408602151
0.6537634408602151
0.6537634408602151
0.6537634408602151
0.6537634408602151
0.0
0.6537634408602151
0.6537634408602151
0.6537634408602151
0.6537634408602151
0.6537634408602151
0.0
0.6537634408602151
0.6537634408602151
0.6537634408602151
0.6537634408602151
0.6537634408602151
0.0
0.6537634408602151
0.6537634408602151
0.6537634408602151
0.6537634408602151
0.6537634408602151
0.0
0.6537634408602151
0.6537634408602151
0.6537634408602151
0.6537634408602151
0.6537634408602151
0.0
0.6537634408602151
0.6537634408602151
0.6537634408602151
0.6537634408602151
0.6537634408602151
0.0
0.6537634408602151
0.6537634408602151
0.6537634408602151
0.6537634408602151
0.0
0.0
0.0
0.6537634408602151
0.6537634408602151
0.6537634408602151
0.6537634408602151
0.0
0.6537634408602151
0.6537634408602151
0.6537634408602151
0.6537634408602151
0.0
0.8150537634408602
0.7311827956989247
0.4838709677419355
1.0
0.0
0.9526881720430107
0.9526881720430107
0.9526881720430107
0.9526881720430107
0.0
0.9526881720430107
0.9526881720430107
0.9526881720430107
0.9526881720430107
0.0
0.9526881720430107
0.9526881720430107
0.9526881720430107
0.9526881720430107
0.0
0.9526881720430107
0.9526881720430107
0.9526881720430107
0.9526881720430107
0.0
0.9526881720430107
0.9526881720430107
0.9526881720430107
0.9526881720430107
0.0
0.9526881720430107
0.9526881720430107
0.9526881720430107
0.9526881720430107
0.0
0.9526881720430107
0.9526881720430107
0.9526881720430107
0.9526881720430107
0.0
0.9526881720430107
0.9526881720430107
0.9526881720430107
0.9526881720430107
0.0
0.9526881720430107
0.9526881720430107
0.9526881720430107
0.9526881720430107
0.0
0.9526881720430107
0.9526881720430107
0.9526881720430107
0.9526881720430107
0.0
0.9526881720430107
0.9526881720430107
0.9526881720430107
0.9526881720430107
0.0
0.0
0.6838709677419355
0.0
0.0
0.0
0.9526881720430107
0.9526881720430107
0.9526881720430107
0.9526881720430107
0.0
0.6838709677419355
