0.9193548387096774
0.9193548387096774
0.9193548387096774
0.9193548387096774
0.9193548387096774
0.0
1.0
1.0
1.0
1.0
1.0
0.0
1.0
1.0
1.0
1.0
1.0
0.0
0.9806451612903225
0.9806451612903225
0.9806451612903225
0.9806451612903225
0.9806451612903225
0.0
1.0
1.0
1.0
1.0
1.0
0.0
1.0
1.0
1.0
1.0
1.0
0.0
1.0
1.0
1.0
1.0
1.0
0.0
1.0
1.0
1.0
1.0
1.0
0.0
1.0
1.0
1.0
1.0
1.0
0.0
1.0
1.0
1.0
1.0
1.0
0.0
0.0
1.0
1.0
1.0
1.0
1.0
0.0
0.0
0.0
1.0
1.0
1.0
1.0
0.0
1.0
1.0
1.0
1.0
1.0
0.0
1.0
1.0
1.0
1.0
1.0
0.0
1.0
1.0
1.0
1.0
1.0
0.0
0.4946236559139785
1.0
1.0
1.0
1.0
0.0
0.4946236559139785
1.0
1.0
1.0
1.0
0.0
0.4946236559139785
1.0
1.0
1.0
1.0
0.0
0.4946236559139785
1.0
1.0
1.0
1.0
0.9193548387096774
0.9193548387096774
0.9193548387096774
0.9193548387096774
0.9193548387096774
0.9193548387096774
0.9193548387096774
0.9193548387096774
0.9193548387096774
0.9193548387096774
0.9193548387096774
0.9193548387096774
0.9193548387096774
0.9193548387096774
0.9193548387096774
0.0
0.4946236559139785
1.0
1.0
1.0
1.0
0.0
0.0
1.0
1.0
1.0
1.0
0.0
0.0
1.0
1.0
1.0
1.0
0.0
0.0
1.0
1.0
1.0
1.0
0.0
0.0
0.8387096774193549
0.8387096774193549
0.8387096774193549
0.8387096774193549
0.0
0.4946236559139785
0.7784946236559139
0.7784946236559139
0.7784946236559139
0.7784946236559139
0.0
0.0
0.9247311827956989
0.9247311827956989
0.9247311827956989
0.9247311827956989
0.0
1.0
1.0
0.9741935483870968
0.16774193548387098
0.9741935483870968
0.0
1.0
1.0
1.0
0.33548387096774196
1.0
0.0
0.0
0.0
0.0
1.0
0.8602150537634409
0.8602150537634409
0.8602150537634409
0.8602150537634409
0.0
0.0
0.0
0.0
0.0
1.0
0.8602150537634409
0.8602150537634409
0.8602150537634409
0.8602150537634409
0.0
1.0
0.0
1.0
0.0
0.0
1.0
0.0
0.0
1.0
0.8602150537634409
0.0
1.0
0.8602150537634409
0.0
1.0
0.0
0.0
0.0
1.0
0.8602150537634409
0.0
0.4946236559139785
0.4946236559139785
0.0
0.4946236559139785
0.4946236559139785
0.0
0.4946236559139785
0.4946236559139785
0.4946236559139785
0.4946236559139785
0.4946236559139785
0.0
0.0
0.4946236559139785
0.4946236559139785
0.4946236559139785
0.4946236559139785
0.4946236559139785
0.0
0.4946236559139785
0.4946236559139785
0.4946236559139785
0.4946236559139785
0.4946236559139785
0.0
0.4946236559139785
0.4946236559139785
0.4946236559139785
0.4946236559139785
0.4946236559139785
0.0
0.4946236559139785
0.4946236559139785
0.4946236559139785
0.4946236559139785
0.4946236559139785
0.0
0.0
0.0
0.0
0.4946236559139785
0.4946236559139785
0.4946236559139785
0.4946236559139785
0.4946236559139785
0.0
0.0
0.0
0.0
0.0
0.0
0.0
0.0
0.0
0.0
0.0
0.0
0.0
0.0
0.0
1.0
0.8129032258064516
0.5376344086021505
1.0
0.8064516129032258
0.0
1.0
0.8129032258064516
0.5376344086021505
1.0
0.8064516129032258
0.0
1.0
0.8129032258064516
0.5376344086021505
1.0
0.8064516129032258
0.0
1.0
0.8129032258064516
0.5376344086021505
1.0
0.8064516129032258
0.0
1.0
0.8129032258064516
0.5376344086021505
0.0
1.0
0.8129032258064516
0.5376344086021505
1.0
0.0
1.0
0.8129032258064516
0.5376344086021505
1.0
0.0
1.0
0.8129032258064516
0.5376344086021505
0.0
1.0
0.8129032258064516
0.5376344086021505
1.0
0.8064516129032258
0.0
0.0
1.0
0.8129032258064516
0.5376344086021505
0.0
1.0
0.8129032258064516
0.5376344086021505
1.0
0.8064516129032258
0.0
1.0
0.967741935483871
0.5376344086021505
1.0
0.8064516129032258
0.0
1.0
0.967741935483871
0.5376344086021505
1.0
0.8064516129032258
0.0
1.0
0.8731182795698925
0.33548387096774196
1.0
1.0
0.0
1.0
0.7655913978494624
0.5978494623655914
1.0
0.7053763440860215
0.0
1.0
0.8064516129032258
0.8064516129032258
0.0
1.0
0.0
1.0
1.0
0.989247311827957
0.989247311827957
0.989247311827957
0.0
1.0
0.9978494623655914
0.8301075268817204
0.6623655913978495
1.0
0.0
1.0
1.0
0.989247311827957
0.989247311827957
0.989247311827957
0.0
1.0
1.0
0.989247311827957
0.989247311827957
0.989247311827957
0.0
1.0
1.0
1.0
1.0
1.0
0.0
1.0
1.0
1.0
1.0
1.0
0.0
1.0
0.8301075268817204
0.6623655913978495
1.0
0.6623655913978495
0.0
1.0
0.9978494623655914
0.8301075268817204
0.6623655913978495
1.0
0.0
1.0
0.9978494623655914
0.8301075268817204
0.6623655913978495
1.0
0.0
1.0
1.0
0.9376344086021505
0.7698924731182796
0.7698924731182796
0.0
1.0
1.0
0.9376344086021505
0.7698924731182796
0.7698924731182796
0.0
1.0
1.0
0.9376344086021505
0.7698924731182796
0.7698924731182796
0.0
1.0
1.0
0.9376344086021505
0.7698924731182796
0.7698924731182796
0.0
1.0
1.0
0.9376344086021505
0.7698924731182796
0.7698924731182796
0.0
1.0
1.0
0.9376344086021505
0.7698924731182796
0.7698924731182796
0.0
1.0
1.0
0.9376344086021505
0.7698924731182796
0.7698924731182796
0.0
1.0
1.0
0.9376344086021505
0.7698924731182796
0.7698924731182796
0.0
1.0
1.0
0.9376344086021505
0.7698924731182796
0.7698924731182796
0.0
1.0
1.0
0.9376344086021505
0.7698924731182796
0.7698924731182796
0.0
1.0
1.0
0.9376344086021505
0.7698924731182796
0.7698924731182796
0.0
1.0
1.0
0.9376344086021505
0.7698924731182796
0.7698924731182796
0.0
0.9193548387096774
0.9193548387096774
0.6505376344086021
0.6505376344086021
0.0
0.0
0.0
0.9193548387096774
0.9193548387096774
0.6505376344086021
0.6505376344086021
0.0
0.9193548387096774
0.9193548387096774
0.9193548387096774
0.9193548387096774
0.0
0.6720430107526881
1.0
0.9473118279569892
0.6720430107526881
0.0
0.9193548387096774
0.9193548387096774
0.9193548387096774
0.9193548387096774
0.0
0.9193548387096774
0.9193548387096774
0.9193548387096774
0.9193548387096774
0.0
0.9193548387096774
0.9193548387096774
0.9193548387096774
0.9193548387096774
0.0
0.9193548387096774
0.9193548387096774
0.9193548387096774
0.9193548387096774
0.0
0.9193548387096774
0.9193548387096774
0.9193548387096774
0.9193548387096774
0.0
0.9193548387096774
0.9193548387096774
0.9193548387096774
0.9193548387096774
0.0
0.9193548387096774
0.9193548387096774
0.9193548387096774
0.9193548387096774
0.0
0.9193548387096774
0.9193548387096774
0.9193548387096774
0.9193548387096774
0.0
0.9193548387096774
0.9193548387096774
0.9193548387096774
0.9193548387096774
0.0
0.9193548387096774
0.9193548387096774
0.9193548387096774
0.9193548387096774
0.0
0.9193548387096774
0.9193548387096774
0.9193548387096774
0.9193548387096774
0.0
0.0
0.0
0.0
0.0
0.9193548387096774
0.9193548387096774
0.9193548387096774
0.9193548387096774
0.0
