0.946236559139785
0.7311827956989247
0.7311827956989247
0.7311827956989247
0.7311827956989247
0.946236559139785
0.7311827956989247
0.7311827956989247
0.7311827956989247
0.7311827956989247
0.7311827956989247
0.946236559139785
0.7311827956989247
0.7311827956989247
0.7311827956989247
0.7311827956989247
0.7311827956989247
0.946236559139785
0.946236559139785
0.7311827956989247
0.7311827956989247
0.7311827956989247
0.7311827956989247
0.946236559139785
0.946236559139785
0.7311827956989247
0.7311827956989247
0.7311827956989247
0.7311827956989247
0.946236559139785
0.7311827956989247
0.7311827956989247
0.7311827956989247
0.7311827956989247
0.7311827956989247
0.946236559139785
0.7311827956989247
0.7311827956989247
0.7311827956989247
0.7311827956989247
0.7311827956989247
0.946236559139785
0.7311827956989247
0.7311827956989247
0.7311827956989247
0.7311827956989247
0.7311827956989247
0.946236559139785
0.7311827956989247
0.7311827956989247
0.7311827956989247
0.7311827956989247
0.7311827956989247
0.946236559139785
0.946236559139785
0.946236559139785
0.7311827956989247
0.7311827956989247
0.7311827956989247
0.946236559139785
0.946236559139785
0.7311827956989247
0.7311827956989247
0.7311827956989247
0.7311827956989247
0.7311827956989247
0.946236559139785
0.946236559139785
0.946236559139785
0.7311827956989247
0.7311827956989247
0.7311827956989247
0.7311827956989247
0.7311827956989247
0.946236559139785
0.7311827956989247
0.7311827956989247
0.7311827956989247
0.7311827956989247
0.7311827956989247
0.946236559139785
0.7311827956989247
0.7311827956989247
0.7311827956989247
0.7311827956989247
0.7311827956989247
0.946236559139785
0.7311827956989247
0.7311827956989247
0.7311827956989247
0.7311827956989247
0.7311827956989247
0.946236559139785
0.946236559139785
0.7311827956989247
0.7311827956989247
0.7311827956989247
0.7311827956989247
0.946236559139785
0.946236559139785
0.7311827956989247
0.7311827956989247
0.7311827956989247
0.7311827956989247
0.946236559139785
0.946236559139785
0.7311827956989247
0.7311827956989247
0.7311827956989247
0.7311827956989247
0.946236559139785
0.946236559139785
0.7311827956989247
0.7311827956989247
0.7311827956989247
0.7311827956989247
0.946236559139785
0.946236559139785
0.7311827956989247
0.7311827956989247
0.7311827956989247
0.946236559139785
0.946236559139785
0.946236559139785
0.946236559139785
0.946236559139785
0.946236559139785
0.946236559139785
0.7311827956989247
0.7311827956989247
0.7311827956989247
0.946236559139785
0.946236559139785
0.7311827956989247
0.7311827956989247
0.7311827956989247
0.7311827956989247
0.946236559139785
0.946236559139785
0.7311827956989247
0.7311827956989247
0.7311827956989247
0.7311827956989247
0.946236559139785
0.946236559139785
0.7311827956989247
0.7311827956989247
0.7311827956989247
0.7311827956989247
0.946236559139785
0.946236559139785
0.7311827956989247
0.7311827956989247
0.7311827956989247
0.7311827956989247
0.946236559139785
0.946236559139785
0.946236559139785
0.946236559139785
0.946236559139785
0.7311827956989247
0.946236559139785
0.946236559139785
0.7311827956989247
0.7311827956989247
0.7311827956989247
0.7311827956989247
0.946236559139785
0.946236559139785
0.946236559139785
0.946236559139785
0.946236559139785
0.6774193548387096
0.946236559139785
0.946236559139785
0.7311827956989247
0.7311827956989247
0.7311827956989247
0.7311827956989247
0.946236559139785
0.946236559139785
0.7311827956989247
0.7311827956989247
0.7311827956989247
0.7311827956989247
0.946236559139785
0.946236559139785
0.946236559139785
0.946236559139785
0.7311827956989247
0.46236559139784944
1.0
0.46236559139784944
1.0
0.946236559139785
0.946236559139785
0.946236559139785
0.946236559139785
0.946236559139785
0.7311827956989247
0.46236559139784944
1.0
0.46236559139784944
1.0
0.946236559139785
0.7311827956989247
0.946236559139785
0.7311827956989247
0.0
0.0
0.7311827956989247
0.46236559139784944
0.0
0.0
0.7311827956989247
0.46236559139784944
0.0
0.7311827956989247
0.46236559139784944
1.0
0.0
0.7311827956989247
0.0
0.0
0.0
0.7311827956989247
0.46236559139784944
0.0
0.946236559139785
0.946236559139785
0.0
0.946236559139785
0.946236559139785
0.0
0.946236559139785
0.946236559139785
0.946236559139785
0.946236559139785
0.946236559139785
0.0
0.0
0.946236559139785
0.946236559139785
0.946236559139785
0.946236559139785
0.946236559139785
0.0
0.946236559139785
0.946236559139785
0.946236559139785
0.946236559139785
0.946236559139785
0.0
0.946236559139785
0.946236559139785
0.946236559139785
0.946236559139785
0.946236559139785
0.0
0.946236559139785
0.946236559139785
0.946236559139785
0.946236559139785
0.946236559139785
0.0
0.0
0.0
0.0
0.946236559139785
0.946236559139785
0.946236559139785
0.946236559139785
0.946236559139785
0.0
0.0
0.0
0.0
0.0
0.0
0.0
0.0
0.0
0.0
0.0
0.0
0.0
0.0
0.0
0.5161290322580645
0.5161290322580645
0.5161290322580645
0.5161290322580645
0.5161290322580645
0.0
0.5161290322580645
0.5161290322580645
0.5161290322580645
0.5161290322580645
0.5161290322580645
0.0
0.5161290322580645
0.5161290322580645
0.5161290322580645
0.5161290322580645
0.5161290322580645
0.0
0.5161290322580645
0.5161290322580645
0.5161290322580645
0.5161290322580645
0.5161290322580645
0.0
0.5161290322580645
0.5161290322580645
0.5161290322580645
0.0
0.5161290322580645
0.5161290322580645
0.5161290322580645
0.5161290322580645
0.5161290322580645
0.0
0.5161290322580645
0.5161290322580645
0.5161290322580645
0.5161290322580645
0.0
0.5161290322580645
0.5161290322580645
0.5161290322580645
0.0
0.5161290322580645
0.5161290322580645
0.5161290322580645
0.5161290322580645
0.5161290322580645
0.0
0.0
0.5161290322580645
0.5161290322580645
0.5161290322580645
0.0
0.5161290322580645
0.5161290322580645
0.5161290322580645
0.5161290322580645
0.5161290322580645
0.0
0.6989247311827957
0.9139784946236559
0.6451612903225806
1.0
0.6451612903225806
0.0
0.6989247311827957
0.9139784946236559
0.6451612903225806
1.0
0.6451612903225806
0.0
0.6989247311827957
0.9139784946236559
0.6451612903225806
0.9806451612903225
0.8129032258064516
0.0
0.6989247311827957
0.9139784946236559
0.6451612903225806
1.0
0.6451612903225806
0.0
0.946236559139785
0.6774193548387096
0.6774193548387096
0.6774193548387096
0.6774193548387096
0.0
0.946236559139785
0.6774193548387096
0.6774193548387096
0.6774193548387096
0.6774193548387096
0.0
0.946236559139785
0.6774193548387096
0.6774193548387096
0.6774193548387096
0.6774193548387096
0.0
0.946236559139785
0.6774193548387096
0.6774193548387096
0.6774193548387096
0.6774193548387096
0.0
0.946236559139785
0.946236559139785
0.946236559139785
0.946236559139785
0.5161290322580645
0.0
0.946236559139785
0.946236559139785
0.946236559139785
0.946236559139785
0.5161290322580645
0.0
0.946236559139785
0.946236559139785
0.946236559139785
0.946236559139785
0.5161290322580645
0.0
0.946236559139785
0.946236559139785
0.946236559139785
0.946236559139785
0.5161290322580645
0.0
0.946236559139785
0.946236559139785
0.946236559139785
0.946236559139785
0.5161290322580645
0.0
0.946236559139785
0.946236559139785
0.946236559139785
0.946236559139785
0.5161290322580645
0.0
0.946236559139785
0.946236559139785
0.946236559139785
0.946236559139785
0.5161290322580645
0.0
0.946236559139785
0.946236559139785
0.946236559139785
0.946236559139785
0.5161290322580645
0.0
0.946236559139785
0.946236559139785
0.946236559139785
0.946236559139785
0.5161290322580645
0.0
0.946236559139785
0.946236559139785
0.946236559139785
0.946236559139785
0.6774193548387096
0.0
0.946236559139785
0.946236559139785
0.946236559139785
0.946236559139785
0.6774193548387096
0.0
0.946236559139785
0.946236559139785
0.946236559139785
0.946236559139785
0.6774193548387096
0.0
0.946236559139785
0.946236559139785
0.946236559139785
0.946236559139785
0.946236559139785
0.0
0.946236559139785
0.946236559139785
0.946236559139785
0.946236559139785
0.6774193548387096
0.0
0.946236559139785
0.946236559139785
0.946236559139785
0.946236559139785
0.6774193548387096
0.0
0.946236559139785
0.946236559139785
0.946236559139785
0.946236559139785
0.6774193548387096
0.0
0.946236559139785
0.946236559139785
0.946236559139785
0.946236559139785
0.6774193548387096
0.0
0.946236559139785
0.946236559139785
0.946236559139785
0.946236559139785
0.6774193548387096
0.0
0.946236559139785
0.946236559139785
0.6774193548387096
0.6774193548387096
0.0
0.0
0.0
0.946236559139785
0.946236559139785
0.6774193548387096
0.6774193548387096
0.0
0.946236559139785
0.946236559139785
0.6774193548387096
0.6774193548387096
0.0
0.6989247311827957
1.0
0.9741935483870968
0.6989247311827957
0.0
0.946236559139785
0.946236559139785
0.946236559139785
0.946236559139785
0.0
0.946236559139785
0.946236559139785
0.946236559139785
0.946236559139785
0.0
0.946236559139785
0.946236559139785
0.946236559139785
0.946236559139785
0.0
0.946236559139785
0.946236559139785
0.946236559139785
0.946236559139785
0.0
0.946236559139785
0.946236559139785
0.946236559139785
0.946236559139785
0.0
0.946236559139785
0.946236559139785
0.946236559139785
0.946236559139785
0.0
0.946236559139785
0.946236559139785
0.946236559139785
0.946236559139785
0.0
0.946236559139785
0.946236559139785
0.946236559139785
0.946236559139785
0.0
0.946236559139785
0.946236559139785
0.946236559139785
0.946236559139785
0.0
0.946236559139785
0.946236559139785
0.946236559139785
0.946236559139785
0.0
0.946236559139785
0.946236559139785
0.946236559139785
0.946236559139785
0.0
0.0
0.6774193548387096
0.0
0.0
0.0
0.946236559139785
0.946236559139785
0.946236559139785
0.946236559139785
0.0
