0.9526881720430107
0.7376344086021506
0.7376344086021506
0.7376344086021506
0.7376344086021506
0.9526881720430107
0.7376344086021506
0.7376344086021506
0.7376344086021506
0.7376344086021506
0.7376344086021506
0.9526881720430107
0.7376344086021506
0.7376344086021506
0.7376344086021506
0.7376344086021506
0.7376344086021506
0.9526881720430107
0.7376344086021506
0.7376344086021506
0.7376344086021506
0.7376344086021506
0.7376344086021506
0.9526881720430107
0.7376344086021506
0.7376344086021506
0.7376344086021506
0.7376344086021506
0.7376344086021506
0.9526881720430107
0.7376344086021506
0.7376344086021506
0.7376344086021506
0.7376344086021506
0.7376344086021506
0.9526881720430107
0.7376344086021506
0.7376344086021506
0.7376344086021506
0.7376344086021506
0.7376344086021506
0.9526881720430107
0.7376344086021506
0.7376344086021506
0.7376344086021506
0.7376344086021506
0.7376344086021506
0.9526881720430107
0.8150537634408602
0.7311827956989247
0.7311827956989247
0.7311827956989247
0.7311827956989247
0.9526881720430107
0.8150537634408602
0.7311827956989247
0.7311827956989247
0.7311827956989247
0.7311827956989247
0.9526881720430107
0.9526881720430107
0.7376344086021506
0.7376344086021506
0.7376344086021506
0.7376344086021506
0.7376344086021506
0.9526881720430107
0.9526881720430107
0.9526881720430107
0.7376344086021506
0.7376344086021506
0.7376344086021506
0.7376344086021506
0.7376344086021506
0.9526881720430107
0.7376344086021506
0.7376344086021506
0.7376344086021506
0.7376344086021506
0.7376344086021506
0.9526881720430107
0.7376344086021506
0.7376344086021506
0.7376344086021506
0.7376344086021506
0.7376344086021506
0.9526881720430107
0.7376344086021506
0.7376344086021506
0.7376344086021506
0.7376344086021506
0.7376344086021506
0.9526881720430107
0.8688172043010752
0.8688172043010752
0.8688172043010752
0.8688172043010752
0.7311827956989247
0.9526881720430107
0.8688172043010752
0.8688172043010752
0.8688172043010752
0.8688172043010752
0.7311827956989247
0.9526881720430107
0.8688172043010752
0.8688172043010752
0.8688172043010752
0.8688172043010752
0.7311827956989247
0.9526881720430107
0.8688172043010752
0.8688172043010752
0.8688172043010752
0.8688172043010752
0.7311827956989247
0.9526881720430107
0.8688172043010752
0.8688172043010752
0.7311827956989247
0.7311827956989247
0.9526881720430107
0.8688172043010752
0.8688172043010752
0.8688172043010752
0.7311827956989247
0.9526881720430107
0.8688172043010752
0.8688172043010752
0.8688172043010752
0.8688172043010752
0.9526881720430107
0.8688172043010752
0.8688172043010752
0.8688172043010752
0.8688172043010752
0.7311827956989247
0.9526881720430107
0.8688172043010752
0.8688172043010752
0.8688172043010752
0.8688172043010752
0.7311827956989247
0.9526881720430107
0.8688172043010752
0.8688172043010752
0.8688172043010752
0.8688172043010752
0.7311827956989247
0.9526881720430107
0.8688172043010752
0.8688172043010752
0.8688172043010752
0.8688172043010752
0.7311827956989247
0.9526881720430107
0.8688172043010752
0.8688172043010752
0.8688172043010752
0.8688172043010752
0.8688172043010752
0.9526881720430107
0.8688172043010752
0.8688172043010752
0.8688172043010752
0.8688172043010752
0.7311827956989247
0.9526881720430107
0.9526881720430107
0.9526881720430107
0.6838709677419355
0.6838709677419355
0.46881720430107526
0.9526881720430107
0.8688172043010752
0.6537634408602151
0.6537634408602151
0.6537634408602151
0.9010752688172043
0.9526881720430107
0.9526881720430107
0.7376344086021506
0.7376344086021506
0.7376344086021506
0.49032258064516127
0.9526881720430107
0.9526881720430107
0.9526881720430107
0.9526881720430107
0.7376344086021506
0.46881720430107526
1.0
0.46881720430107526
1.0
0.9526881720430107
0.9526881720430107
0.9526881720430107
0.7376344086021506
0.9526881720430107
0.9526881720430107
0.7376344086021506
0.46881720430107526
1.0
0.46881720430107526
1.0
0.9526881720430107
0.7376344086021506
0.9526881720430107
0.7376344086021506
0.0
0.0
0.7376344086021506
0.46881720430107526
0.0
0.0
0.7376344086021506
0.46881720430107526
1.0
0.0
0.7376344086021506
0.46881720430107526
1.0
0.0
0.7376344086021506
0.46881720430107526
0.0
0.0
0.0
0.7376344086021506
0.46881720430107526
0.0
0.9526881720430107
0.9526881720430107
0.0
0.9526881720430107
0.9526881720430107
0.0
0.9526881720430107
0.9526881720430107
0.9526881720430107
0.9526881720430107
0.9526881720430107
0.0
0.0
0.9526881720430107
0.9526881720430107
0.9526881720430107
0.9526881720430107
0.9526881720430107
0.0
0.9526881720430107
0.9526881720430107
0.9526881720430107
0.9526881720430107
0.9526881720430107
0.0
0.9526881720430107
0.9526881720430107
0.9526881720430107
0.9526881720430107
0.9526881720430107
0.0
0.9526881720430107
0.9526881720430107
0.9526881720430107
0.9526881720430107
0.9526881720430107
0.0
0.0
0.0
0.0
0.9526881720430107
0.9526881720430107
0.9526881720430107
0.9526881720430107
0.9526881720430107
0.0
0.0
0.0
0.0
0.0
0.0
0.0
0.0
0.0
0.0
0.0
0.0
0.0
0.0
0.0
0.6537634408602151
0.6537634408602151
0.6537634408602151
0.6537634408602151
0.9010752688172043
0.0
0.6537634408602151
0.6537634408602151
0.6537634408602151
0.6537634408602151
0.9010752688172043
0.0
0.6537634408602151
0.6537634408602151
0.6537634408602151
0.6537634408602151
0.9010752688172043
0.0
0.6537634408602151
0.6537634408602151
0.6537634408602151
0.6537634408602151
0.9010752688172043
0.0
0.6537634408602151
0.6537634408602151
0.6537634408602151
0.0
0.6537634408602151
0.6537634408602151
0.6537634408602151
0.6537634408602151
0.9010752688172043
0.0
0.6537634408602151
0.6537634408602151
0.6537634408602151
0.6537634408602151
0.9010752688172043
0.0
0.6537634408602151
0.6537634408602151
0.6537634408602151
0.0
0.6537634408602151
0.6537634408602151
0.6537634408602151
0.6537634408602151
0.9010752688172043
0.0
0.6537634408602151
0.0
0.6537634408602151
0.6537634408602151
0.6537634408602151
0.0
0.6537634408602151
0.6537634408602151
0.6537634408602151
0.6537634408602151
0.9010752688172043
0.0
0.6537634408602151
0.6537634408602151
0.6537634408602151
0.6537634408602151
0.8494623655913979
0.0
0.6537634408602151
0.6537634408602151
0.6537634408602151
0.6537634408602151
0.9010752688172043
0.0
0.6537634408602151
0.6537634408602151
0.6537634408602151
0.6537634408602151
0.9010752688172043
0.0
0.6537634408602151
0.6537634408602151
0.6537634408602151
0.6537634408602151
0.5741935483870968
0.0
0.6537634408602151
0.6537634408602151
0.6537634408602151
0.6537634408602151
0.9440860215053763
0.0
0.6537634408602151
0.6537634408602151
0.6537634408602151
0.6537634408602151
0.5741935483870968
0.0
0.6537634408602151
0.6537634408602151
0.6537634408602151
0.6537634408602151
0.9010752688172043
0.0
0.6537634408602151
0.6537634408602151
0.6537634408602151
0.6537634408602151
0.9440860215053763
0.0
0.6537634408602151
0.6537634408602151
0.6537634408602151
0.6537634408602151
0.8365591397849462
0.0
0.6537634408602151
0.6537634408602151
0.6537634408602151
0.6537634408602151
0.8150537634408602
0.0
0.6537634408602151
0.6537634408602151
0.6537634408602151
0.6537634408602151
0.8150537634408602
0.0
0.6537634408602151
0.6537634408602151
0.6537634408602151
0.6537634408602151
0.5741935483870968
0.0
0.6537634408602151
0.6537634408602151
0.6537634408602151
0.6537634408602151
0.8150537634408602
0.0
0.6537634408602151
0.6537634408602151
0.6537634408602151
0.6537634408602151
0.8150537634408602
0.0
0.6537634408602151
0.6537634408602151
0.6537634408602151
0.6537634408602151
0.9827956989247312
0.0
0.6537634408602151
0.6537634408602151
0.6537634408602151
0.6537634408602151
0.9827956989247312
0.0
0.6537634408602151
0.6537634408602151
0.6537634408602151
0.6537634408602151
0.8881720430107527
0.0
0.6537634408602151
0.6537634408602151
0.6537634408602151
0.6537634408602151
0.7204301075268817
0.0
0.6537634408602151
0.6537634408602151
0.6537634408602151
0.6537634408602151
0.7204301075268817
0.0
0.6537634408602151
0.6537634408602151
0.6537634408602151
0.6537634408602151
0.6537634408602151
0.0
0.6537634408602151
0.6537634408602151
0.6537634408602151
0.6537634408602151
0.6537634408602151
0.0
0.6537634408602151
0.6537634408602151
0.6537634408602151
0.6537634408602151
0.7204301075268817
0.0
0.6537634408602151
0.6537634408602151
0.6537634408602151
0.6537634408602151
0.7204301075268817
0.0
0.6537634408602151
0.6537634408602151
0.6537634408602151
0.6537634408602151
0.7204301075268817
0.0
0.6537634408602151
0.6537634408602151
0.6537634408602151
0.6537634408602151
0.7204301075268817
0.0
0.6537634408602151
0.6537634408602151
0.6537634408602151
0.6537634408602151
0.7204301075268817
0.0
0.6537634408602151
0.6537634408602151
0.6537634408602151
0.6537634408602151
0.0
0.0
0.0
0.6537634408602151
0.6537634408602151
0.6537634408602151
0.6537634408602151
0.0
0.6537634408602151
0.6537634408602151
0.6537634408602151
0.6537634408602151
0.0
0.8150537634408602
0.7311827956989247
0.4838709677419355
1.0
0.0
0.9526881720430107
0.9526881720430107
0.9526881720430107
0.9526881720430107
0.0
0.9526881720430107
0.9526881720430107
0.9526881720430107
0.9526881720430107
0.0
0.9526881720430107
0.9526881720430107
0.9526881720430107
0.9526881720430107
0.0
0.9526881720430107
0.9526881720430107
0.9526881720430107
0.9526881720430107
0.0
0.9526881720430107
0.9526881720430107
0.9526881720430107
0.9526881720430107
0.0
0.9526881720430107
0.9526881720430107
0.9526881720430107
0.9526881720430107
0.0
0.9526881720430107
0.9526881720430107
0.9526881720430107
0.9526881720430107
0.0
0.9526881720430107
0.9526881720430107
0.9526881720430107
0.9526881720430107
0.0
0.9526881720430107
0.9526881720430107
0.9526881720430107
0.9526881720430107
0.0
0.9526881720430107
0.9526881720430107
0.9526881720430107
0.9526881720430107
0.0
0.9526881720430107
0.9526881720430107
0.9526881720430107
0.9526881720430107
0.0
0.0
0.6838709677419355
0.0
0.0
0.0
0.9526881720430107
0.9526881720430107
0.9526881720430107
0.9526881720430107
0.0
