0.9193548387096774
0.9193548387096774
0.9193548387096774
0.9193548387096774
0.9193548387096774
0.0
0.0
0.0
0.0
0.0
0.0
0.0
0.0
0.0
0.0
0.0
0.0
0.0
0.0
0.0
0.0
0.0
0.0
0.0
0.0
0.0
0.0
0.0
0.0
0.0
0.0
0.0
0.0
0.0
0.0
0.0
0.0
0.0
0.0
0.0
0.0
0.0
0.0
0.0
0.0
0.0
0.0
0.0
0.0
0.0
0.0
0.0
0.0
0.0
0.0
0.0
0.0
0.0
0.0
0.0
0.0
0.0
0.0
0.0
0.0
0.0
0.0
0.0
0.0
0.0
0.0
0.0
0.0
0.0
0.0
0.0
0.0
0.0
0.0
0.0
0.0
0.0
0.0
0.0
0.0
0.0
0.0
0.0
0.0
0.0
0.0
0.0
0.0
0.0
0.0
0.0
0.0
0.0
0.0
0.0
0.0
0.0
0.0
0.0
0.0
0.0
0.0
0.0
0.0
0.0
0.0
0.0
0.0
0.0
0.0
0.0
0.0
1.0
1.0
1.0
0.9193548387096774
0.9193548387096774
0.9193548387096774
0.9193548387096774
0.9193548387096774
0.9193548387096774
0.9193548387096774
0.9193548387096774
0.9193548387096774
0.9193548387096774
0.0
0.0
0.0
0.0
0.0
0.0
0.0
0.0
0.0
0.0
0.0
0.0
0.0
0.0
0.0
0.0
0.0
0.0
0.0
0.0
0.0
0.0
0.0
0.0
0.0
0.0
0.0
0.0
0.0
0.0
0.0
0.0
0.0
0.0
0.0
0.0
0.0
0.0
0.0
0.0
0.0
0.8064516129032258
0.0
0.0
0.0
0.0
0.0
1.0
0.0
0.0
0.0
0.0
0.9741935483870968
0.16774193548387098
0.0
0.0
0.0
0.0
0.0
1.0
0.8064516129032258
0.0
1.0
0.0
0.0
0.0
0.0
0.0
0.0
1.0
0.8064516129032258
0.0
1.0
0.0
0.0
0.0
0.0
0.0
0.0
0.0
0.0
0.0
0.0
1.0
0.0
0.0
1.0
0.0
0.0
0.0
0.0
0.0
0.0
0.0
0.8064516129032258
0.8064516129032258
0.0
0.8064516129032258
0.8064516129032258
0.0
0.8064516129032258
0.8064516129032258
0.8064516129032258
0.8064516129032258
0.8064516129032258
0.0
0.0
0.8064516129032258
0.8064516129032258
0.8064516129032258
0.8064516129032258
0.8064516129032258
0.0
0.5376344086021505
0.5376344086021505
0.5376344086021505
0.5376344086021505
0.5376344086021505
0.0
0.5376344086021505
0.5376344086021505
0.5376344086021505
0.5376344086021505
0.5376344086021505
0.0
0.5376344086021505
0.5376344086021505
0.5376344086021505
0.5376344086021505
0.5376344086021505
0.0
0.0
0.0
0.0
0.5376344086021505
0.5376344086021505
0.5376344086021505
0.5376344086021505
0.5376344086021505
0.0
0.0
0.0
0.0
0.0
0.0
0.0
0.0
0.0
0.0
0.0
0.0
0.0
0.0
0.0
0.0
1.0
0.43010752688172044
0.967741935483871
0.43010752688172044
0.0
0.0
1.0
0.43010752688172044
0.967741935483871
0.43010752688172044
0.0
0.0
1.0
0.43010752688172044
0.967741935483871
0.0
0.0
1.0
0.43010752688172044
0.967741935483871
0.43010752688172044
0.0
0.0
1.0
0.43010752688172044
0.0
0.0
1.0
0.43010752688172044
0.967741935483871
0.0
0.0
1.0
0.43010752688172044
0.967741935483871
0.0
0.0
1.0
0.43010752688172044
0.0
0.0
1.0
0.43010752688172044
0.967741935483871
0.43010752688172044
0.0
0.0
0.0
1.0
0.43010752688172044
0.0
0.0
1.0
0.43010752688172044
0.967741935483871
0.43010752688172044
0.0
0.0
0.0
1.0
0.5376344086021505
1.0
0.0
0.0
0.0
1.0
0.5376344086021505
1.0
0.0
0.0
0.0
1.0
0.5376344086021505
1.0
0.0
0.0
0.0
1.0
0.9806451612903225
0.443010752688172
0.0
0.0
0.0
1.0
0.5978494623655914
1.0
0.0
0.0
0.0
0.0
0.43010752688172044
1.0
0.0
0.0
0.0
0.0
0.5376344086021505
1.0
0.0
0.0
0.0
0.0
0.0
1.0
0.0
0.0
0.0
0.0
0.0
0.8064516129032258
0.0
0.0
0.0
0.0
0.0
1.0
0.0
0.0
0.0
0.0
0.0
1.0
0.0
0.0
0.0
0.0
0.0
1.0
0.0
0.0
0.0
0.0
0.0
1.0
0.0
0.0
0.0
0.0
0.0
1.0
0.0
0.0
0.0
0.0
0.0
0.0
0.0
0.0
0.0
0.0
0.0
0.0
0.0
0.0
0.0
0.0
0.0
0.0
0.0
0.0
0.0
0.0
0.0
0.0
0.0
0.0
0.0
0.0
0.0
0.0
0.0
0.0
0.0
0.0
0.0
0.0
0.0
0.0
0.0
0.0
0.0
0.0
0.0
0.0
0.0
0.0
0.0
0.0
0.0
0.0
0.0
0.0
0.0
0.0
0.0
0.0
0.0
0.0
0.0
0.0
0.0
0.0
0.0
0.0
0.0
0.0
0.0
0.0
0.0
0.0
0.0
0.0
0.0
1.0
1.0
0.9247311827956989
0.9247311827956989
0.0
0.0
0.0
0.9193548387096774
0.9193548387096774
0.6505376344086021
0.6505376344086021
0.0
0.9193548387096774
0.9193548387096774
0.6505376344086021
0.6505376344086021
0.0
0.6720430107526881
1.0
1.0
0.8397849462365592
0.0
0.9193548387096774
0.9193548387096774
0.9193548387096774
0.9193548387096774
0.0
0.9193548387096774
0.9193548387096774
0.9193548387096774
0.9193548387096774
0.0
0.9193548387096774
0.9193548387096774
0.9193548387096774
0.9193548387096774
0.0
0.9193548387096774
0.9193548387096774
0.9193548387096774
0.9193548387096774
0.0
0.9193548387096774
0.9193548387096774
0.9193548387096774
0.9193548387096774
0.0
0.9193548387096774
0.9193548387096774
0.9193548387096774
0.9193548387096774
0.0
0.9193548387096774
0.9193548387096774
0.9193548387096774
0.9193548387096774
0.0
0.9193548387096774
0.9193548387096774
0.9193548387096774
0.9193548387096774
0.0
0.9193548387096774
0.9193548387096774
0.9193548387096774
0.9193548387096774
0.0
0.9193548387096774
0.9193548387096774
0.9193548387096774
0.9193548387096774
0.0
0.9193548387096774
0.9193548387096774
0.9193548387096774
0.9193548387096774
0.0
0.0
0.0
0.0
0.0
0.9193548387096774
0.9193548387096774
0.9193548387096774
0.9193548387096774
0.0
