0.9193548387096774
0.9193548387096774
0.9193548387096774
0.9193548387096774
0.9193548387096774
0.0
0.0
0.0
0.0
0.0
0.0
0.0
0.0
0.0
0.0
0.0
0.0
0.0
0.0
0.0
0.0
0.0
0.0
0.0
0.0
0.0
0.0
0.0
0.0
0.0
0.0
0.0
0.0
0.0
0.0
0.0
0.0
0.0
0.0
0.0
0.0
0.0
0.0
0.0
0.0
0.0
0.0
0.0
0.0
0.0
0.0
0.0
0.0
0.0
0.0
0.0
0.0
0.0
0.0
0.0
0.0
0.0
0.0
0.0
0.0
0.0
0.0
0.0
0.0
0.0
0.0
0.0
0.0
0.0
0.0
0.0
0.0
0.0
0.0
0.0
0.0
0.0
0.0
0.0
0.0
0.0
0.0
0.0
0.0
0.0
0.0
0.0
0.0
0.0
0.0
0.0
0.0
0.0
0.0
0.0
0.0
0.0
0.0
0.0
0.0
0.0
0.0
0.0
0.0
0.0
0.0
0.0
0.0
0.0
0.0
0.9193548387096774
0.9193548387096774
0.9193548387096774
0.9193548387096774
0.9193548387096774
0.9193548387096774
0.9193548387096774
0.9193548387096774
0.9193548387096774
0.9193548387096774
0.9193548387096774
0.9193548387096774
0.9193548387096774
0.9193548387096774
0.9193548387096774
0.0
0.0
0.0
0.0
0.0
0.0
0.0
0.0
0.0
0.0
0.0
0.0
0.0
0.0
0.0
0.0
0.0
0.0
0.0
0.0
0.0
0.0
0.0
0.0
0.0
0.0
0.0
0.0
0.0
0.0
0.0
0.0
0.0
0.0
0.0
0.0
0.0
0.0
0.0
1.0
0.7053763440860215
0.7053763440860215
0.0
0.0
0.967741935483871
0.43010752688172044
1.0
0.5978494623655914
0.0
0.0
1.0
1.0
0.5376344086021505
1.0
0.0
0.0
0.0
0.0
1.0
0.8602150537634409
0.8602150537634409
0.8602150537634409
0.8602150537634409
0.0
0.0
0.0
0.0
0.0
1.0
0.8602150537634409
0.8602150537634409
0.8602150537634409
0.8602150537634409
0.0
1.0
0.0
1.0
0.0
0.0
1.0
0.0
0.0
1.0
0.8602150537634409
0.0
1.0
0.8602150537634409
0.0
1.0
0.0
0.0
0.0
1.0
0.0
0.8064516129032258
0.8064516129032258
0.0
0.8064516129032258
0.8064516129032258
0.0
0.8064516129032258
0.8064516129032258
0.8064516129032258
0.8064516129032258
0.8064516129032258
0.0
0.0
0.8064516129032258
0.8064516129032258
0.8064516129032258
0.8064516129032258
0.8064516129032258
0.0
0.43010752688172044
0.43010752688172044
0.43010752688172044
0.43010752688172044
0.43010752688172044
0.0
0.43010752688172044
0.43010752688172044
0.43010752688172044
0.43010752688172044
0.43010752688172044
0.0
0.43010752688172044
0.43010752688172044
0.43010752688172044
0.43010752688172044
0.43010752688172044
0.0
0.0
0.0
0.0
0.43010752688172044
0.43010752688172044
0.43010752688172044
0.43010752688172044
0.43010752688172044
0.0
0.0
0.0
0.0
0.0
0.0
0.0
0.0
0.0
0.0
0.0
0.0
0.0
0.0
0.0
1.0
0.43010752688172044
1.0
0.43010752688172044
1.0
0.0
1.0
0.43010752688172044
1.0
0.43010752688172044
1.0
0.0
1.0
0.43010752688172044
1.0
0.43010752688172044
0.0
1.0
0.43010752688172044
1.0
0.43010752688172044
1.0
0.0
1.0
0.43010752688172044
1.0
0.0
1.0
0.43010752688172044
1.0
0.43010752688172044
0.0
1.0
0.43010752688172044
1.0
0.43010752688172044
0.0
1.0
0.43010752688172044
1.0
0.0
1.0
0.43010752688172044
1.0
0.43010752688172044
1.0
0.0
0.0
1.0
0.43010752688172044
1.0
0.0
1.0
0.43010752688172044
1.0
0.43010752688172044
1.0
0.0
1.0
0.5376344086021505
1.0
0.5376344086021505
1.0
0.0
1.0
0.8064516129032258
0.8064516129032258
0.0
0.8064516129032258
0.0
1.0
0.946236559139785
0.7784946236559139
0.610752688172043
1.0
0.0
1.0
1.0
0.6709677419354839
1.0
0.9333333333333333
0.0
0.0
1.0
0.5376344086021505
1.0
0.5376344086021505
0.0
0.0
1.0
0.8064516129032258
0.8064516129032258
0.0
0.0
0.0
1.0
0.9247311827956989
0.9247311827956989
0.4946236559139785
0.0
0.0
1.0
1.0
0.5376344086021505
1.0
0.0
0.0
1.0
1.0
0.43010752688172044
1.0
0.0
0.0
1.0
0.8602150537634409
0.43010752688172044
1.0
0.0
0.0
1.0
0.8602150537634409
0.43010752688172044
1.0
0.0
0.0
1.0
0.8064516129032258
0.8064516129032258
0.8064516129032258
0.0
0.0
1.0
0.8064516129032258
0.8064516129032258
0.0
0.0
0.0
0.5376344086021505
1.0
0.8064516129032258
0.8064516129032258
0.0
0.0
0.5376344086021505
1.0
1.0
0.5376344086021505
0.0
0.0
0.0
1.0
0.7053763440860215
0.7053763440860215
0.0
0.0
0.0
1.0
1.0
0.5376344086021505
0.0
0.0
0.0
1.0
1.0
0.5376344086021505
0.0
0.0
0.0
1.0
1.0
0.5376344086021505
0.0
0.0
0.0
1.0
0.7053763440860215
0.7053763440860215
0.0
0.0
0.0
0.0
0.6709677419354839
0.8387096774193549
0.0
0.0
0.0
1.0
1.0
0.5376344086021505
0.0
0.0
0.0
1.0
1.0
0.5376344086021505
0.0
0.0
0.0
1.0
1.0
0.5376344086021505
0.0
0.0
0.0
1.0
1.0
0.5376344086021505
0.0
0.0
0.0
1.0
1.0
0.5376344086021505
0.0
0.9193548387096774
0.9193548387096774
0.9193548387096774
0.6505376344086021
0.0
0.0
0.0
0.9193548387096774
0.9193548387096774
0.6505376344086021
0.6505376344086021
0.0
0.9193548387096774
0.9193548387096774
0.6505376344086021
0.6505376344086021
0.0
0.6720430107526881
1.0
0.9473118279569892
0.6720430107526881
0.0
0.9193548387096774
0.9193548387096774
0.9193548387096774
0.9193548387096774
0.0
0.9193548387096774
0.9193548387096774
0.9193548387096774
0.9193548387096774
0.0
0.9193548387096774
0.9193548387096774
0.9193548387096774
0.9193548387096774
0.0
0.9193548387096774
0.9193548387096774
0.9193548387096774
0.9193548387096774
0.0
0.9193548387096774
0.9193548387096774
0.9193548387096774
0.9193548387096774
0.0
0.9193548387096774
0.9193548387096774
0.9193548387096774
0.9193548387096774
0.0
0.9193548387096774
0.9193548387096774
0.9193548387096774
0.9193548387096774
0.0
0.9193548387096774
0.9193548387096774
0.9193548387096774
0.9193548387096774
0.0
0.9193548387096774
0.9193548387096774
0.9193548387096774
0.9193548387096774
0.0
0.9193548387096774
0.9193548387096774
0.9193548387096774
0.9193548387096774
0.0
0.9193548387096774
0.9193548387096774
0.9193548387096774
0.9193548387096774
0.0
0.0
0.0
0.0
0.0
0.9193548387096774
0.9193548387096774
0.9193548387096774
0.9193548387096774
0.0
