0.9526881720430107
0.7376344086021506
0.7376344086021506
0.7376344086021506
0.7376344086021506
0.9526881720430107
0.7376344086021506
0.7376344086021506
0.7376344086021506
0.7376344086021506
0.7376344086021506
0.9526881720430107
0.7376344086021506
0.7376344086021506
0.7376344086021506
0.7376344086021506
0.7376344086021506
0.9526881720430107
0.7053763440860215
0.7053763440860215
0.7053763440860215
0.7053763440860215
0.7053763440860215
0.9526881720430107
0.7053763440860215
0.7053763440860215
0.7053763440860215
0.7053763440860215
0.7053763440860215
0.9526881720430107
0.7376344086021506
0.7376344086021506
0.7376344086021506
0.7376344086021506
0.7376344086021506
0.9526881720430107
0.7376344086021506
0.7376344086021506
0.7376344086021506
0.7376344086021506
0.7376344086021506
0.9526881720430107
0.7376344086021506
0.7376344086021506
0.7376344086021506
0.7376344086021506
0.7376344086021506
0.9526881720430107
0.7376344086021506
0.7376344086021506
0.7376344086021506
0.7376344086021506
0.7376344086021506
0.9526881720430107
0.8688172043010752
0.8688172043010752
0.8688172043010752
0.8688172043010752
0.8688172043010752
0.9526881720430107
0.7376344086021506
0.9526881720430107
0.7376344086021506
0.7376344086021506
0.7376344086021506
0.7376344086021506
0.7376344086021506
0.9526881720430107
0.7376344086021506
0.9526881720430107
0.7376344086021506
0.9526881720430107
0.7376344086021506
0.7376344086021506
0.7376344086021506
0.7376344086021506
0.7376344086021506
0.9526881720430107
0.7376344086021506
0.7376344086021506
0.7376344086021506
0.7376344086021506
0.7376344086021506
0.9526881720430107
0.7376344086021506
0.7376344086021506
0.7376344086021506
0.7376344086021506
0.7376344086021506
0.9526881720430107
0.7376344086021506
0.7376344086021506
0.7376344086021506
0.7376344086021506
0.7376344086021506
0.9526881720430107
0.7053763440860215
0.7053763440860215
0.7053763440860215
0.7053763440860215
0.7053763440860215
0.9526881720430107
0.7053763440860215
0.7053763440860215
0.7053763440860215
0.7053763440860215
0.7053763440860215
0.9526881720430107
0.7053763440860215
0.7053763440860215
0.7053763440860215
0.7053763440860215
0.7053763440860215
0.9526881720430107
0.7053763440860215
0.7053763440860215
0.7053763440860215
0.7053763440860215
0.7053763440860215
0.9526881720430107
0.7053763440860215
0.7053763440860215
0.7053763440860215
0.7053763440860215
0.9526881720430107
0.7053763440860215
0.7053763440860215
0.7053763440860215
0.7053763440860215
0.9526881720430107
0.7053763440860215
0.7053763440860215
0.7053763440860215
0.7053763440860215
0.9526881720430107
0.7053763440860215
0.7053763440860215
0.7053763440860215
0.7053763440860215
0.7053763440860215
0.9526881720430107
0.8688172043010752
0.8688172043010752
0.8688172043010752
0.8688172043010752
0.8688172043010752
0.9526881720430107
0.8688172043010752
0.8688172043010752
0.8688172043010752
0.8688172043010752
0.8688172043010752
0.9526881720430107
0.8688172043010752
0.8688172043010752
0.8688172043010752
0.8688172043010752
0.8688172043010752
0.9526881720430107
0.8688172043010752
0.8688172043010752
0.8688172043010752
0.8688172043010752
0.8688172043010752
0.9526881720430107
0.7053763440860215
0.7053763440860215
0.7053763440860215
0.7053763440860215
0.7053763440860215
0.9526881720430107
0.9526881720430107
0.9526881720430107
0.6838709677419355
0.6838709677419355
0.6838709677419355
0.9526881720430107
0.7053763440860215
0.7053763440860215
0.7053763440860215
0.7053763440860215
0.7053763440860215
0.9526881720430107
0.9526881720430107
0.9526881720430107
0.7376344086021506
0.7376344086021506
0.7376344086021506
0.9526881720430107
0.9526881720430107
0.9526881720430107
0.9526881720430107
0.9526881720430107
0.9526881720430107
0.9526881720430107
0.7376344086021506
0.49032258064516127
1.0
1.0
0.9440860215053763
0.9526881720430107
0.7376344086021506
0.9526881720430107
0.7376344086021506
0.9526881720430107
0.7376344086021506
0.9526881720430107
0.7376344086021506
0.9526881720430107
0.7376344086021506
0.49032258064516127
1.0
1.0
0.9440860215053763
0.9526881720430107
0.7376344086021506
0.49032258064516127
0.9526881720430107
0.7376344086021506
0.49032258064516127
0.0
0.7376344086021506
0.0
0.7376344086021506
0.49032258064516127
0.0
0.7376344086021506
0.0
0.7376344086021506
0.49032258064516127
1.0
0.0
0.7376344086021506
0.49032258064516127
1.0
0.0
0.7376344086021506
0.49032258064516127
0.0
0.7376344086021506
0.0
0.7376344086021506
0.0
0.7376344086021506
0.49032258064516127
0.0
0.7376344086021506
0.7376344086021506
0.0
0.7376344086021506
0.7376344086021506
0.0
0.7376344086021506
0.7376344086021506
0.7376344086021506
0.7376344086021506
0.7376344086021506
0.0
0.7376344086021506
0.0
0.7376344086021506
0.7376344086021506
0.7376344086021506
0.7376344086021506
0.7376344086021506
0.0
0.4838709677419355
0.4838709677419355
0.4838709677419355
0.4838709677419355
0.4838709677419355
0.0
0.4838709677419355
0.4838709677419355
0.4838709677419355
0.4838709677419355
0.4838709677419355
0.0
0.4838709677419355
0.4838709677419355
0.4838709677419355
0.4838709677419355
0.4838709677419355
0.0
0.4838709677419355
0.0
0.4838709677419355
0.0
0.4838709677419355
0.0
0.4838709677419355
0.4838709677419355
0.4838709677419355
0.4838709677419355
0.4838709677419355
0.0
0.4838709677419355
0.0
0.4838709677419355
0.0
0.4838709677419355
0.0
0.4838709677419355
0.0
0.4838709677419355
0.0
0.4838709677419355
0.0
0.4838709677419355
0.0
0.4838709677419355
0.0
0.4838709677419355
0.0
0.4838709677419355
0.0
0.4838709677419355
0.0
0.4838709677419355
0.0
0.4838709677419355
0.0
0.4838709677419355
0.0
0.4838709677419355
0.9139784946236559
0.4838709677419355
0.9139784946236559
0.4838709677419355
0.0
0.4838709677419355
0.9139784946236559
0.4838709677419355
0.9139784946236559
0.4838709677419355
0.0
0.4838709677419355
0.9139784946236559
0.4838709677419355
0.9139784946236559
0.4838709677419355
0.0
0.4838709677419355
0.9139784946236559
0.4838709677419355
0.9139784946236559
0.4838709677419355
0.0
0.4838709677419355
0.9139784946236559
0.4838709677419355
0.9139784946236559
0.0
0.4838709677419355
0.9139784946236559
0.4838709677419355
0.9139784946236559
0.4838709677419355
0.0
0.4838709677419355
0.9139784946236559
0.4838709677419355
0.9139784946236559
0.4838709677419355
0.0
0.4838709677419355
0.9139784946236559
0.4838709677419355
0.9139784946236559
0.0
0.4838709677419355
0.9139784946236559
0.4838709677419355
0.9139784946236559
0.4838709677419355
0.0
0.4838709677419355
0.0
0.4838709677419355
0.9139784946236559
0.4838709677419355
0.9139784946236559
0.0
0.4838709677419355
0.9139784946236559
0.4838709677419355
0.9139784946236559
0.4838709677419355
0.0
0.4838709677419355
0.9139784946236559
0.4838709677419355
0.9139784946236559
0.4838709677419355
0.0
0.4838709677419355
0.9139784946236559
0.4838709677419355
0.9139784946236559
0.4838709677419355
0.0
0.4838709677419355
0.9139784946236559
0.4838709677419355
0.9139784946236559
0.4838709677419355
0.0
0.4838709677419355
0.9139784946236559
0.4838709677419355
0.9139784946236559
0.4838709677419355
0.0
0.4838709677419355
0.9139784946236559
0.6989247311827957
1.0
0.6989247311827957
0.0
0.4838709677419355
0.9139784946236559
0.6989247311827957
0.9741935483870968
0.6989247311827957
0.0
0.4838709677419355
0.9139784946236559
0.6989247311827957
0.9741935483870968
0.6989247311827957
0.0
0.4838709677419355
0.8193548387096774
0.6516129032258065
0.8193548387096774
0.6516129032258065
0.0
0.4838709677419355
0.9139784946236559
0.6989247311827957
1.0
0.6989247311827957
0.0
0.4838709677419355
0.9139784946236559
0.6989247311827957
1.0
0.6989247311827957
0.0
0.4838709677419355
0.9139784946236559
0.6989247311827957
1.0
0.6989247311827957
0.0
0.4838709677419355
0.9139784946236559
0.6989247311827957
1.0
0.6989247311827957
0.0
0.4838709677419355
0.9139784946236559
0.6989247311827957
1.0
0.6989247311827957
0.0
0.4838709677419355
0.9139784946236559
0.6989247311827957
1.0
0.7655913978494624
0.0
0.4838709677419355
0.9139784946236559
0.6989247311827957
1.0
0.8666666666666667
0.0
0.4838709677419355
0.9139784946236559
0.6451612903225806
1.0
0.9806451612903225
0.0
0.4838709677419355
0.9139784946236559
0.6451612903225806
1.0
0.9806451612903225
0.0
0.4838709677419355
0.9139784946236559
0.6451612903225806
1.0
0.9806451612903225
0.0
0.4838709677419355
0.9139784946236559
0.6451612903225806
1.0
0.9806451612903225
0.0
0.4838709677419355
0.9139784946236559
0.6451612903225806
1.0
0.9204301075268817
0.0
0.4838709677419355
0.9139784946236559
0.9139784946236559
0.9139784946236559
0.9139784946236559
0.0
0.4838709677419355
0.9139784946236559
0.6451612903225806
1.0
0.9806451612903225
0.0
0.4838709677419355
0.9139784946236559
0.6451612903225806
1.0
0.9806451612903225
0.0
0.4838709677419355
0.9139784946236559
0.6451612903225806
1.0
0.9806451612903225
0.0
0.4838709677419355
0.9139784946236559
0.6451612903225806
1.0
0.9806451612903225
0.0
0.4838709677419355
0.9139784946236559
0.6451612903225806
1.0
0.9806451612903225
0.0
0.4838709677419355
0.8193548387096774
0.6516129032258065
0.8193548387096774
0.0
0.21505376344086022
0.0
0.4838709677419355
0.8193548387096774
0.6516129032258065
0.8193548387096774
0.0
0.4838709677419355
0.8193548387096774
0.6516129032258065
0.8193548387096774
0.0
0.8150537634408602
0.7311827956989247
0.4838709677419355
0.4838709677419355
0.0
0.9526881720430107
0.9526881720430107
0.9526881720430107
0.9526881720430107
0.0
0.9526881720430107
0.9526881720430107
0.9526881720430107
0.9526881720430107
0.0
0.9526881720430107
0.9526881720430107
0.9526881720430107
0.9526881720430107
0.0
0.9526881720430107
0.9526881720430107
0.9526881720430107
0.9526881720430107
0.0
0.9526881720430107
0.9526881720430107
0.9526881720430107
0.9526881720430107
0.0
0.9526881720430107
0.9526881720430107
0.9526881720430107
0.9526881720430107
0.0
0.9526881720430107
0.9526881720430107
0.9526881720430107
0.9526881720430107
0.0
0.9526881720430107
0.9526881720430107
0.9526881720430107
0.9526881720430107
0.0
0.9526881720430107
0.9526881720430107
0.9526881720430107
0.9526881720430107
0.0
0.9526881720430107
0.9526881720430107
0.9526881720430107
0.9526881720430107
0.0
0.9526881720430107
0.9526881720430107
0.9526881720430107
0.9526881720430107
0.0
0.0
0.6838709677419355
0.0
0.0
0.0
0.0
0.0
0.0
0.0
0.0
0.9526881720430107
0.0
0.9526881720430107
0.9526881720430107
0.9526881720430107
0.9526881720430107
0.0
0.0
0.6838709677419355
