0.9774193548387097
0.7086021505376344
0.7086021505376344
0.7086021505376344
0.7086021505376344
0.9774193548387097
0.7086021505376344
0.7086021505376344
0.7086021505376344
0.7086021505376344
0.7086021505376344
0.9774193548387097
0.7086021505376344
0.7086021505376344
0.7086021505376344
0.7086021505376344
0.7086021505376344
0.9774193548387097
0.7086021505376344
0.7086021505376344
0.7086021505376344
0.7086021505376344
0.7086021505376344
0.9774193548387097
0.7086021505376344
0.7086021505376344
0.7086021505376344
0.7086021505376344
0.7086021505376344
0.9774193548387097
0.7086021505376344
0.7086021505376344
0.7086021505376344
0.7086021505376344
0.7086021505376344
0.9774193548387097
0.7086021505376344
0.7086021505376344
0.7086021505376344
0.7086021505376344
0.7086021505376344
0.9774193548387097
0.7086021505376344
0.7086021505376344
0.7086021505376344
0.7086021505376344
0.7086021505376344
0.9774193548387097
0.7086021505376344
0.7086021505376344
0.7086021505376344
0.7086021505376344
0.7086021505376344
0.9774193548387097
0.7086021505376344
0.7086021505376344
0.7086021505376344
0.7086021505376344
0.7086021505376344
0.9774193548387097
0.7086021505376344
0.9774193548387097
0.7086021505376344
0.7086021505376344
0.7086021505376344
0.7086021505376344
0.7086021505376344
0.9774193548387097
0.7086021505376344
0.9774193548387097
0.7086021505376344
0.9774193548387097
0.7086021505376344
0.7086021505376344
0.7086021505376344
0.7086021505376344
0.7086021505376344
0.9774193548387097
0.7086021505376344
0.7086021505376344
0.7086021505376344
0.7086021505376344
0.7086021505376344
0.9774193548387097
0.7086021505376344
0.7086021505376344
0.7086021505376344
0.7086021505376344
0.7086021505376344
0.9774193548387097
0.7086021505376344
0.7086021505376344
0.7086021505376344
0.7086021505376344
0.7086021505376344
0.9774193548387097
0.8935483870967742
0.8096774193548387
0.8096774193548387
0.8096774193548387
0.8096774193548387
0.9774193548387097
0.8935483870967742
0.8096774193548387
0.8096774193548387
0.8096774193548387
0.8096774193548387
0.9774193548387097
0.8935483870967742
0.8096774193548387
0.8096774193548387
0.8096774193548387
0.8096774193548387
0.9774193548387097
0.8935483870967742
0.8096774193548387
0.8096774193548387
0.8096774193548387
0.8096774193548387
0.9774193548387097
0.8935483870967742
0.7559139784946236
0.7559139784946236
0.7559139784946236
0.9774193548387097
0.8935483870967742
0.7559139784946236
0.7559139784946236
0.7559139784946236
0.9774193548387097
0.8935483870967742
0.7559139784946236
0.7559139784946236
0.7559139784946236
0.9774193548387097
0.8935483870967742
0.8096774193548387
0.8096774193548387
0.8096774193548387
0.8096774193548387
0.9774193548387097
0.8935483870967742
0.8096774193548387
0.8096774193548387
0.8096774193548387
0.8096774193548387
0.9774193548387097
0.8935483870967742
0.8096774193548387
0.8096774193548387
0.8096774193548387
0.8096774193548387
0.9774193548387097
0.8935483870967742
0.8096774193548387
0.8096774193548387
0.8096774193548387
0.8096774193548387
0.9774193548387097
0.8935483870967742
0.8096774193548387
0.8096774193548387
0.8096774193548387
0.8096774193548387
0.9774193548387097
0.8935483870967742
0.8096774193548387
0.8096774193548387
0.8096774193548387
0.8096774193548387
0.9774193548387097
0.9774193548387097
0.9774193548387097
0.9774193548387097
0.9774193548387097
0.5741935483870968
0.9774193548387097
0.8935483870967742
0.8096774193548387
0.8096774193548387
0.8096774193548387
0.4064516129032258
0.9774193548387097
0.8935483870967742
0.8096774193548387
0.8096774193548387
0.8096774193548387
0.4064516129032258
0.9774193548387097
0.8935483870967742
0.9774193548387097
0.8935483870967742
0.9774193548387097
0.8935483870967742
0.9774193548387097
0.7086021505376344
0.624731182795699
0.624731182795699
1.0
0.624731182795699
0.9774193548387097
0.7086021505376344
0.9774193548387097
0.7086021505376344
0.9774193548387097
0.7086021505376344
0.9774193548387097
0.7086021505376344
0.9774193548387097
0.7086021505376344
0.624731182795699
0.624731182795699
1.0
0.624731182795699
0.9774193548387097
0.7086021505376344
0.624731182795699
0.9774193548387097
0.7086021505376344
0.624731182795699
0.0
0.7086021505376344
0.0
0.7086021505376344
0.624731182795699
0.0
0.7086021505376344
0.0
0.7086021505376344
0.624731182795699
0.624731182795699
0.0
0.7086021505376344
0.624731182795699
0.624731182795699
0.0
0.7086021505376344
0.624731182795699
0.0
0.7086021505376344
0.0
0.7086021505376344
0.0
0.7086021505376344
0.624731182795699
0.0
0.7086021505376344
0.7086021505376344
0.0
0.7086021505376344
0.7086021505376344
0.0
0.7086021505376344
0.7086021505376344
0.7086021505376344
0.7086021505376344
0.7086021505376344
0.0
0.7086021505376344
0.0
0.7086021505376344
0.7086021505376344
0.7086021505376344
0.7086021505376344
0.7086021505376344
0.0
0.6720430107526881
0.6720430107526881
0.6720430107526881
0.6720430107526881
0.6720430107526881
0.0
0.6720430107526881
0.6720430107526881
0.6720430107526881
0.6720430107526881
0.6720430107526881
0.0
0.6720430107526881
0.6720430107526881
0.6720430107526881
0.6720430107526881
0.6720430107526881
0.0
0.6720430107526881
0.0
0.6720430107526881
0.0
0.6720430107526881
0.0
0.6720430107526881
0.6720430107526881
0.6720430107526881
0.6720430107526881
0.6720430107526881
0.0
0.6720430107526881
0.0
0.6720430107526881
0.0
0.6720430107526881
0.0
0.6720430107526881
0.0
0.6720430107526881
0.0
0.6720430107526881
0.0
0.6720430107526881
0.0
0.6720430107526881
0.0
0.6720430107526881
0.0
0.6720430107526881
0.0
0.6720430107526881
0.0
0.6720430107526881
0.0
0.6720430107526881
0.0
0.6720430107526881
0.0
0.6720430107526881
0.6720430107526881
0.6720430107526881
0.6720430107526881
0.6720430107526881
0.0
0.6720430107526881
0.6720430107526881
0.6720430107526881
0.6720430107526881
0.6720430107526881
0.0
0.6720430107526881
0.6720430107526881
0.6720430107526881
0.6720430107526881
0.6720430107526881
0.0
0.6720430107526881
0.6720430107526881
0.6720430107526881
0.6720430107526881
0.6720430107526881
0.0
0.6720430107526881
0.6720430107526881
0.6720430107526881
0.6720430107526881
0.0
0.6720430107526881
0.6720430107526881
0.6720430107526881
0.6720430107526881
0.6720430107526881
0.0
0.6720430107526881
0.6720430107526881
0.6720430107526881
0.6720430107526881
0.6720430107526881
0.0
0.6720430107526881
0.6720430107526881
0.6720430107526881
0.6720430107526881
0.0
0.6720430107526881
0.6720430107526881
0.6720430107526881
0.6720430107526881
0.6720430107526881
0.0
0.6720430107526881
0.0
0.6720430107526881
0.6720430107526881
0.6720430107526881
0.6720430107526881
0.0
0.6720430107526881
0.6720430107526881
0.6720430107526881
0.6720430107526881
0.6720430107526881
0.0
0.6720430107526881
0.6720430107526881
0.6720430107526881
0.6720430107526881
0.6720430107526881
0.0
0.6720430107526881
0.6720430107526881
0.6720430107526881
0.6720430107526881
0.6720430107526881
0.0
0.6720430107526881
0.6720430107526881
0.6720430107526881
0.6720430107526881
0.6720430107526881
0.0
0.6720430107526881
0.6720430107526881
0.6720430107526881
0.6720430107526881
0.6720430107526881
0.0
0.6720430107526881
0.6720430107526881
0.6720430107526881
0.6720430107526881
0.6720430107526881
0.0
0.6720430107526881
0.6720430107526881
0.6720430107526881
0.6720430107526881
0.6720430107526881
0.0
0.6720430107526881
0.6720430107526881
0.6720430107526881
0.6720430107526881
0.6720430107526881
0.0
0.6720430107526881
0.6720430107526881
0.6720430107526881
0.6720430107526881
0.6720430107526881
0.0
0.6720430107526881
0.6720430107526881
0.6720430107526881
0.6720430107526881
0.6720430107526881
0.0
0.6720430107526881
0.6720430107526881
0.6720430107526881
0.6720430107526881
0.6720430107526881
0.0
0.6720430107526881
0.6720430107526881
0.6720430107526881
0.6720430107526881
0.6720430107526881
0.0
0.6720430107526881
0.6720430107526881
0.6720430107526881
0.6720430107526881
0.6720430107526881
0.0
0.6720430107526881
0.6720430107526881
0.6720430107526881
0.6720430107526881
0.6720430107526881
0.0
0.6720430107526881
0.6720430107526881
0.6720430107526881
0.6720430107526881
0.6720430107526881
0.0
0.6720430107526881
0.6720430107526881
0.6720430107526881
0.6720430107526881
0.6720430107526881
0.0
0.6720430107526881
0.6720430107526881
0.6720430107526881
0.6720430107526881
0.6720430107526881
0.0
0.6720430107526881
0.6720430107526881
0.6720430107526881
0.6720430107526881
0.6720430107526881
0.0
0.6720430107526881
0.6720430107526881
0.6720430107526881
0.6720430107526881
0.6720430107526881
0.0
0.6720430107526881
0.6720430107526881
0.6720430107526881
0.6720430107526881
0.6720430107526881
0.0
0.6720430107526881
0.6720430107526881
0.6720430107526881
0.6720430107526881
0.6720430107526881
0.0
0.6720430107526881
0.6720430107526881
0.6720430107526881
0.6720430107526881
0.6720430107526881
0.0
0.6720430107526881
0.6720430107526881
0.6720430107526881
0.6720430107526881
0.6720430107526881
0.0
0.6720430107526881
0.6720430107526881
0.6720430107526881
0.6720430107526881
0.6720430107526881
0.0
0.6720430107526881
0.6720430107526881
0.6720430107526881
0.6720430107526881
0.6720430107526881
0.0
0.6720430107526881
0.6720430107526881
0.6720430107526881
0.6720430107526881
0.6720430107526881
0.0
0.6720430107526881
0.6720430107526881
0.6720430107526881
0.6720430107526881
0.6720430107526881
0.0
0.6720430107526881
0.6720430107526881
0.6720430107526881
0.6720430107526881
0.0
0.16774193548387098
0.0
0.6720430107526881
0.6720430107526881
0.6720430107526881
0.6720430107526881
0.0
0.6720430107526881
0.6720430107526881
0.6720430107526881
0.6720430107526881
0.0
0.8397849462365592
0.7559139784946236
0.6720430107526881
0.6720430107526881
0.0
0.9774193548387097
0.9774193548387097
0.9774193548387097
0.9774193548387097
0.0
0.9774193548387097
0.9774193548387097
0.9774193548387097
0.9774193548387097
0.0
0.9774193548387097
0.9774193548387097
0.9774193548387097
0.9774193548387097
0.0
0.9774193548387097
0.9774193548387097
0.9774193548387097
0.9774193548387097
0.0
0.9774193548387097
0.9774193548387097
0.9774193548387097
0.9774193548387097
0.0
0.9774193548387097
0.9774193548387097
0.9774193548387097
0.9774193548387097
0.0
0.9774193548387097
0.9774193548387097
0.9774193548387097
0.9774193548387097
0.0
0.9774193548387097
0.9774193548387097
0.9774193548387097
0.9774193548387097
0.0
0.9774193548387097
0.9774193548387097
0.9774193548387097
0.9774193548387097
0.0
0.9774193548387097
0.9774193548387097
0.9774193548387097
0.9774193548387097
0.0
0.9774193548387097
0.9774193548387097
0.9774193548387097
0.9774193548387097
0.0
0.0
0.5741935483870968
0.0
0.0
0.0
0.0
0.0
0.0
0.0
0.0
0.9774193548387097
0.0
0.9774193548387097
0.9774193548387097
0.9774193548387097
0.9774193548387097
0.0
0.0
0.5741935483870968
