0.9774193548387097
0.8397849462365592
0.7559139784946236
0.7559139784946236
0.7559139784946236
0.9774193548387097
0.8397849462365592
0.7559139784946236
0.7559139784946236
0.7559139784946236
0.7559139784946236
0.9774193548387097
0.8397849462365592
0.7559139784946236
0.7559139784946236
0.7559139784946236
0.7559139784946236
0.9774193548387097
0.8397849462365592
0.7559139784946236
0.7559139784946236
0.7559139784946236
0.7559139784946236
0.9774193548387097
0.8397849462365592
0.7559139784946236
0.7559139784946236
0.7559139784946236
0.7559139784946236
0.9774193548387097
0.8397849462365592
0.7559139784946236
0.7559139784946236
0.7559139784946236
0.7559139784946236
0.9774193548387097
0.8397849462365592
0.7559139784946236
0.7559139784946236
0.7559139784946236
0.7559139784946236
0.9774193548387097
0.8397849462365592
0.7559139784946236
0.7559139784946236
0.7559139784946236
0.7559139784946236
0.9774193548387097
0.8397849462365592
0.7559139784946236
0.7559139784946236
0.7559139784946236
0.7559139784946236
0.9774193548387097
0.8397849462365592
0.7559139784946236
0.7559139784946236
0.7559139784946236
0.7559139784946236
0.9774193548387097
0.8397849462365592
0.9774193548387097
0.8397849462365592
0.7559139784946236
0.7559139784946236
0.7559139784946236
0.7559139784946236
0.9774193548387097
0.8397849462365592
0.9774193548387097
0.8397849462365592
0.9774193548387097
0.8397849462365592
0.7559139784946236
0.7559139784946236
0.7559139784946236
0.7559139784946236
0.9774193548387097
0.8397849462365592
0.7559139784946236
0.7559139784946236
0.7559139784946236
0.7559139784946236
0.9774193548387097
0.8397849462365592
0.7559139784946236
0.7559139784946236
0.7559139784946236
0.7559139784946236
0.9774193548387097
0.8397849462365592
0.7559139784946236
0.7559139784946236
0.7559139784946236
0.7559139784946236
0.9774193548387097
0.8397849462365592
0.7559139784946236
0.7559139784946236
0.7559139784946236
0.7559139784946236
0.9774193548387097
0.8397849462365592
0.7559139784946236
0.7559139784946236
0.7559139784946236
0.7559139784946236
0.9774193548387097
0.8397849462365592
0.7559139784946236
0.7559139784946236
0.7559139784946236
0.7559139784946236
0.9774193548387097
0.8397849462365592
0.7559139784946236
0.7559139784946236
0.7559139784946236
0.7559139784946236
0.9774193548387097
0.8397849462365592
0.7559139784946236
0.7559139784946236
0.7559139784946236
0.9774193548387097
0.8397849462365592
0.7559139784946236
0.7559139784946236
0.7559139784946236
0.9774193548387097
0.8397849462365592
0.7559139784946236
0.7559139784946236
0.7559139784946236
0.9774193548387097
0.8397849462365592
0.7559139784946236
0.7559139784946236
0.7559139784946236
0.7559139784946236
0.9774193548387097
0.8397849462365592
0.7559139784946236
0.7559139784946236
0.7559139784946236
0.7559139784946236
0.9774193548387097
0.8397849462365592
0.7559139784946236
0.7559139784946236
0.7559139784946236
0.7559139784946236
0.9774193548387097
0.8397849462365592
0.7559139784946236
0.7559139784946236
0.7559139784946236
0.7559139784946236
0.9774193548387097
0.8397849462365592
0.7559139784946236
0.7559139784946236
0.7559139784946236
0.7559139784946236
0.9774193548387097
0.8397849462365592
0.7559139784946236
0.7559139784946236
0.7559139784946236
0.7559139784946236
0.9774193548387097
0.5741935483870968
0.896774193548387
0.8129032258064516
0.2752688172043011
1.0
0.9774193548387097
0.5741935483870968
0.896774193548387
0.8129032258064516
0.2752688172043011
0.7698924731182796
0.9774193548387097
0.5741935483870968
0.956989247311828
0.789247311827957
0.7053763440860215
0.7053763440860215
0.9774193548387097
0.5741935483870968
0.9774193548387097
0.5741935483870968
0.9774193548387097
0.5741935483870968
0.9774193548387097
0.5741935483870968
0.896774193548387
0.7591397849462366
0.6752688172043011
1.0
0.9774193548387097
0.5741935483870968
0.9774193548387097
0.5741935483870968
0.9774193548387097
0.5741935483870968
0.9774193548387097
0.5741935483870968
0.9774193548387097
0.5741935483870968
0.896774193548387
0.7591397849462366
0.6752688172043011
1.0
0.9774193548387097
0.5741935483870968
0.896774193548387
0.9774193548387097
0.5741935483870968
0.896774193548387
0.0
0.5741935483870968
0.0
0.5741935483870968
0.896774193548387
0.0
0.5741935483870968
0.0
0.5741935483870968
0.896774193548387
0.7591397849462366
0.0
0.5741935483870968
0.896774193548387
0.7591397849462366
0.0
0.5741935483870968
0.896774193548387
0.0
0.5741935483870968
0.0
0.5741935483870968
0.0
0.5741935483870968
0.896774193548387
0.0
0.5741935483870968
0.5741935483870968
0.0
0.5741935483870968
0.5741935483870968
0.0
0.5741935483870968
0.5741935483870968
0.5741935483870968
0.5741935483870968
0.5741935483870968
0.0
0.5741935483870968
0.0
0.5741935483870968
0.5741935483870968
0.5741935483870968
0.5741935483870968
0.5741935483870968
0.0
0.5741935483870968
0.5741935483870968
0.5741935483870968
0.5741935483870968
0.5741935483870968
0.0
0.5741935483870968
0.5741935483870968
0.5741935483870968
0.5741935483870968
0.5741935483870968
0.0
0.5741935483870968
0.5741935483870968
0.5741935483870968
0.5741935483870968
0.5741935483870968
0.0
0.5741935483870968
0.0
0.5741935483870968
0.0
0.5741935483870968
0.0
0.5741935483870968
0.5741935483870968
0.5741935483870968
0.5741935483870968
0.5741935483870968
0.0
0.5741935483870968
0.0
0.5741935483870968
0.0
0.5741935483870968
0.0
0.5741935483870968
0.0
0.5741935483870968
0.0
0.5741935483870968
0.0
0.5741935483870968
0.0
0.5741935483870968
0.0
0.5741935483870968
0.0
0.5741935483870968
0.0
0.5741935483870968
0.0
0.5741935483870968
0.0
0.5741935483870968
0.0
0.5741935483870968
0.0
0.5741935483870968
0.896774193548387
0.7591397849462366
0.221505376344086
1.0
0.0
0.5741935483870968
0.896774193548387
0.7591397849462366
0.221505376344086
1.0
0.0
0.5741935483870968
0.896774193548387
0.7591397849462366
0.221505376344086
1.0
0.0
0.5741935483870968
0.896774193548387
0.7591397849462366
0.221505376344086
1.0
0.0
0.5741935483870968
0.896774193548387
0.7591397849462366
0.221505376344086
0.0
0.5741935483870968
0.896774193548387
0.7591397849462366
0.221505376344086
1.0
0.0
0.5741935483870968
0.896774193548387
0.7591397849462366
0.221505376344086
1.0
0.0
0.5741935483870968
0.896774193548387
0.7591397849462366
0.221505376344086
0.0
0.5741935483870968
0.896774193548387
0.7591397849462366
0.221505376344086
1.0
0.0
0.5741935483870968
0.0
0.5741935483870968
0.896774193548387
0.7591397849462366
0.221505376344086
0.0
0.5741935483870968
0.896774193548387
0.7591397849462366
0.221505376344086
1.0
0.0
0.5741935483870968
0.789247311827957
0.6516129032258065
1.0
0.6516129032258065
0.0
0.5741935483870968
0.789247311827957
0.6516129032258065
1.0
0.6516129032258065
0.0
0.5741935483870968
0.896774193548387
0.7591397849462366
0.221505376344086
1.0
0.0
0.5741935483870968
0.896774193548387
0.7591397849462366
0.221505376344086
0.7591397849462366
0.0
0.5741935483870968
0.896774193548387
0.7591397849462366
0.6752688172043011
1.0
0.0
0.5741935483870968
0.896774193548387
0.7591397849462366
0.6752688172043011
1.0
0.0
0.5741935483870968
0.896774193548387
0.7591397849462366
0.6752688172043011
1.0
0.0
0.5741935483870968
0.896774193548387
0.35913978494623655
0.896774193548387
0.35913978494623655
0.0
0.5741935483870968
0.896774193548387
0.8129032258064516
0.2752688172043011
0.8129032258064516
0.0
0.5741935483870968
0.896774193548387
0.8129032258064516
0.2752688172043011
0.8129032258064516
0.0
0.5741935483870968
0.896774193548387
0.8129032258064516
0.2752688172043011
0.8129032258064516
0.0
0.5741935483870968
0.896774193548387
0.8129032258064516
0.2752688172043011
0.8129032258064516
0.0
0.6182795698924731
0.6182795698924731
0.6182795698924731
0.6182795698924731
0.6182795698924731
0.0
0.6182795698924731
0.6182795698924731
0.6182795698924731
0.6182795698924731
0.6182795698924731
0.0
0.6182795698924731
0.6182795698924731
0.6182795698924731
0.6182795698924731
0.6182795698924731
0.0
0.6182795698924731
0.6182795698924731
0.6182795698924731
0.6182795698924731
0.6182795698924731
0.0
0.6182795698924731
0.6182795698924731
0.6182795698924731
0.6182795698924731
0.6182795698924731
0.0
0.6182795698924731
0.6182795698924731
0.6182795698924731
0.6182795698924731
0.6182795698924731
0.0
0.6182795698924731
0.6182795698924731
0.6182795698924731
0.6182795698924731
0.6182795698924731
0.0
0.6182795698924731
0.6182795698924731
0.6182795698924731
0.6182795698924731
0.6182795698924731
0.0
0.6182795698924731
0.6182795698924731
0.6182795698924731
0.6182795698924731
0.6182795698924731
0.0
0.6182795698924731
0.6182795698924731
0.6182795698924731
0.6182795698924731
0.6182795698924731
0.0
0.6182795698924731
0.6182795698924731
0.6182795698924731
0.6182795698924731
0.6182795698924731
0.0
0.6182795698924731
0.6182795698924731
0.6182795698924731
0.6182795698924731
0.6182795698924731
0.0
0.6182795698924731
0.6182795698924731
0.6182795698924731
0.6182795698924731
0.6182795698924731
0.0
0.6182795698924731
0.6182795698924731
0.6182795698924731
0.6182795698924731
0.6182795698924731
0.0
0.6182795698924731
0.6182795698924731
0.6182795698924731
0.6182795698924731
0.0
0.16774193548387098
0.0
0.6182795698924731
0.6182795698924731
0.6182795698924731
0.6182795698924731
0.0
0.6182795698924731
0.6182795698924731
0.6182795698924731
0.6182795698924731
0.0
0.8397849462365592
0.7021505376344086
0.6182795698924731
0.6182795698924731
0.0
0.9774193548387097
0.9774193548387097
0.9774193548387097
0.9774193548387097
0.0
0.9774193548387097
0.9774193548387097
0.9774193548387097
0.9774193548387097
0.0
0.9774193548387097
0.9774193548387097
0.9774193548387097
0.9774193548387097
0.0
0.9774193548387097
0.9774193548387097
0.9774193548387097
0.9774193548387097
0.0
0.9774193548387097
0.9774193548387097
0.9774193548387097
0.9774193548387097
0.0
0.9774193548387097
0.9774193548387097
0.9774193548387097
0.9774193548387097
0.0
0.9774193548387097
0.9774193548387097
0.9774193548387097
0.9774193548387097
0.0
0.9774193548387097
0.9774193548387097
0.9774193548387097
0.9774193548387097
0.0
0.9774193548387097
0.9774193548387097
0.9774193548387097
0.9774193548387097
0.0
0.9774193548387097
0.9774193548387097
0.9774193548387097
0.9774193548387097
0.0
0.9774193548387097
0.9774193548387097
0.9774193548387097
0.9774193548387097
0.0
0.0
0.5741935483870968
0.0
0.9774193548387097
0.0
0.9774193548387097
0.9774193548387097
0.9774193548387097
0.9774193548387097
0.0
0.5741935483870968
