0.946236559139785
0.7311827956989247
0.7311827956989247
0.7311827956989247
0.7311827956989247
0.0
0.0
0.0
0.0
0.0
0.0
0.0
0.0
0.0
0.0
0.0
0.0
0.0
0.0
0.0
0.0
0.0
0.0
0.0
0.0
0.0
0.0
0.0
0.0
0.0
0.0
0.0
0.0
0.0
0.0
0.0
0.0
0.0
0.0
0.0
0.0
0.0
0.0
0.0
0.0
0.0
0.0
0.0
0.0
0.0
0.0
0.0
0.0
0.0
0.0
0.0
0.0
0.0
0.0
0.0
0.0
0.0
0.0
0.0
0.0
0.0
0.0
0.0
0.0
0.0
0.0
0.0
0.0
0.0
0.0
0.0
0.0
0.0
0.0
0.0
0.0
0.0
0.0
0.0
0.0
0.0
0.0
0.0
0.0
0.0
0.0
0.0
0.0
0.0
0.0
0.0
0.0
0.0
0.0
0.0
0.0
0.0
0.0
0.0
0.0
0.0
0.0
0.0
0.0
0.0
0.0
0.0
0.0
0.0
0.0
0.946236559139785
0.7311827956989247
0.7311827956989247
0.7311827956989247
0.7311827956989247
0.946236559139785
0.7311827956989247
0.7311827956989247
0.7311827956989247
0.7311827956989247
0.946236559139785
0.7311827956989247
0.7311827956989247
0.7311827956989247
0.7311827956989247
0.0
0.0
0.0
0.0
0.0
0.0
0.0
0.0
0.0
0.0
0.0
0.0
0.0
0.0
0.0
0.0
0.0
0.0
0.0
0.0
0.0
0.0
0.0
0.0
0.0
0.0
0.0
0.0
0.0
0.0
0.0
0.0
0.0
0.0
0.0
0.0
0.0
0.0
0.0
1.0
0.5376344086021505
1.0
0.0
0.0
1.0
0.967741935483871
0.43010752688172044
1.0
0.0
0.0
0.9741935483870968
0.8064516129032258
0.8064516129032258
0.8064516129032258
0.0
0.0
0.0
0.0
1.0
0.4946236559139785
1.0
0.4946236559139785
1.0
0.0
0.0
0.0
0.0
0.0
1.0
0.4946236559139785
1.0
0.4946236559139785
1.0
0.0
1.0
0.0
1.0
0.0
0.0
1.0
0.0
0.0
1.0
0.4946236559139785
0.0
1.0
0.4946236559139785
0.0
1.0
0.0
0.0
0.0
1.0
0.0
0.5376344086021505
0.5376344086021505
0.0
0.5376344086021505
0.5376344086021505
0.0
0.5376344086021505
0.5376344086021505
0.5376344086021505
0.5376344086021505
0.5376344086021505
0.0
0.0
0.5376344086021505
0.5376344086021505
0.5376344086021505
0.5376344086021505
0.5376344086021505
0.0
0.5376344086021505
0.5376344086021505
0.5376344086021505
0.5376344086021505
0.5376344086021505
0.0
0.5376344086021505
0.5376344086021505
0.5376344086021505
0.5376344086021505
0.5376344086021505
0.0
0.5376344086021505
0.5376344086021505
0.5376344086021505
0.5376344086021505
0.5376344086021505
0.0
0.0
0.0
0.0
0.5376344086021505
0.5376344086021505
0.5376344086021505
0.5376344086021505
0.5376344086021505
0.0
0.0
0.0
0.0
0.0
0.0
0.0
0.0
0.0
0.0
0.0
0.0
0.0
0.0
0.0
1.0
0.43010752688172044
1.0
0.43010752688172044
1.0
0.0
1.0
0.43010752688172044
1.0
0.43010752688172044
1.0
0.0
1.0
0.43010752688172044
1.0
0.43010752688172044
0.0
1.0
0.43010752688172044
1.0
0.43010752688172044
1.0
0.0
1.0
0.43010752688172044
1.0
0.0
1.0
0.43010752688172044
1.0
0.43010752688172044
0.0
1.0
0.43010752688172044
1.0
0.43010752688172044
0.0
1.0
0.43010752688172044
1.0
0.0
1.0
0.43010752688172044
1.0
0.43010752688172044
1.0
0.0
0.0
1.0
0.43010752688172044
1.0
0.0
1.0
0.43010752688172044
1.0
0.43010752688172044
1.0
0.0
1.0
0.443010752688172
1.0
0.7182795698924731
0.5505376344086022
0.0
1.0
1.0
0.6709677419354839
0.6709677419354839
1.0
0.0
1.0
0.967741935483871
0.43010752688172044
1.0
0.8064516129032258
0.0
1.0
0.8258064516129032
0.5505376344086022
1.0
1.0
0.0
1.0
0.8301075268817204
0.6623655913978495
1.0
0.6623655913978495
0.0
1.0
0.9376344086021505
0.7698924731182796
0.7698924731182796
0.7698924731182796
0.0
0.6623655913978495
1.0
0.6623655913978495
1.0
0.6623655913978495
0.0
0.0
1.0
0.8064516129032258
0.8064516129032258
0.8064516129032258
0.0
0.0
1.0
1.0
0.4946236559139785
1.0
0.0
0.0
1.0
1.0
0.8064516129032258
0.8064516129032258
0.0
0.0
1.0
1.0
0.8064516129032258
0.8064516129032258
0.0
0.0
0.989247311827957
0.989247311827957
0.989247311827957
0.989247311827957
0.0
0.0
1.0
0.967741935483871
0.43010752688172044
1.0
0.0
0.0
1.0
0.7053763440860215
0.7053763440860215
0.7053763440860215
0.0
0.0
1.0
0.5376344086021505
1.0
0.5376344086021505
0.0
0.0
0.967741935483871
0.43010752688172044
1.0
0.8602150537634409
0.0
0.0
0.967741935483871
0.43010752688172044
1.0
1.0
0.0
0.0
0.0
1.0
1.0
0.5376344086021505
0.0
0.0
0.0
1.0
1.0
0.5376344086021505
0.0
0.0
0.0
1.0
0.7053763440860215
0.7053763440860215
0.0
0.0
0.0
0.8387096774193549
0.6709677419354839
0.8387096774193549
0.0
0.0
0.0
1.0
1.0
0.5376344086021505
0.0
0.0
0.0
1.0
1.0
0.5376344086021505
0.0
0.0
0.0
1.0
1.0
0.5376344086021505
0.0
0.0
0.0
1.0
1.0
0.5376344086021505
0.0
0.0
0.0
1.0
1.0
0.5376344086021505
0.0
0.946236559139785
0.946236559139785
0.6774193548387096
0.6774193548387096
0.0
0.0
0.0
0.946236559139785
0.946236559139785
0.6774193548387096
0.6774193548387096
0.0
0.946236559139785
0.946236559139785
0.946236559139785
0.6774193548387096
0.0
0.6989247311827957
1.0
0.6989247311827957
0.6989247311827957
0.0
0.946236559139785
0.946236559139785
0.946236559139785
0.946236559139785
0.0
0.946236559139785
0.946236559139785
0.946236559139785
0.946236559139785
0.0
0.946236559139785
0.946236559139785
0.946236559139785
0.946236559139785
0.0
0.946236559139785
0.946236559139785
0.946236559139785
0.946236559139785
0.0
0.946236559139785
0.946236559139785
0.946236559139785
0.946236559139785
0.0
0.946236559139785
0.946236559139785
0.946236559139785
0.946236559139785
0.0
0.946236559139785
0.946236559139785
0.946236559139785
0.946236559139785
0.0
0.946236559139785
0.946236559139785
0.946236559139785
0.946236559139785
0.0
0.946236559139785
0.946236559139785
0.946236559139785
0.946236559139785
0.0
0.946236559139785
0.946236559139785
0.946236559139785
0.946236559139785
0.0
0.946236559139785
0.946236559139785
0.946236559139785
0.946236559139785
0.0
0.0
0.0
0.0
0.0
0.946236559139785
0.946236559139785
0.946236559139785
0.946236559139785
0.0
