0.946236559139785
0.7311827956989247
0.7311827956989247
0.7311827956989247
0.7311827956989247
0.0
0.0
0.0
0.0
0.0
0.0
0.0
0.0
0.0
0.0
0.0
0.0
0.0
0.0
0.0
0.0
0.0
0.0
0.0
0.0
0.0
0.0
0.0
0.0
0.0
0.0
0.0
0.0
0.0
0.0
0.0
0.0
0.0
0.0
0.0
0.0
0.0
0.0
0.0
0.0
0.0
0.0
0.0
0.0
0.0
0.0
0.0
0.0
0.0
0.0
0.0
0.0
0.0
0.0
0.0
0.0
0.0
0.0
0.0
0.0
0.0
0.0
0.0
0.0
0.0
0.0
0.0
0.0
0.0
0.0
0.0
0.0
0.0
0.0
0.0
0.0
0.0
0.0
0.0
0.0
0.0
0.0
0.0
0.0
0.0
0.0
0.0
0.0
0.0
0.0
0.0
0.0
0.0
0.0
0.0
0.0
0.0
0.0
0.0
0.0
0.0
0.0
0.0
0.0
0.0
0.0
0.0
0.0
0.0
0.0
0.0
0.0
0.0
0.0
0.0
0.946236559139785
0.946236559139785
0.7311827956989247
0.7311827956989247
0.7311827956989247
0.946236559139785
0.946236559139785
0.7311827956989247
0.7311827956989247
0.7311827956989247
0.0
0.0
0.0
0.0
0.0
0.0
0.0
0.0
0.0
0.0
0.0
0.0
0.0
0.0
0.0
0.0
0.0
0.0
0.0
0.0
0.0
0.0
0.0
0.0
0.0
0.0
0.0
0.0
0.0
0.0
0.0
0.0
0.0
0.0
0.0
0.0
0.0
0.0
0.0
0.0
0.0
0.0
0.0
0.0
0.0
0.0
0.0
0.0
0.0
0.0
0.0
0.0
0.0
0.0
0.0
0.0
0.0
0.0
0.0
0.9741935483870968
0.16774193548387098
0.9741935483870968
0.16774193548387098
0.0
0.0
0.0
0.0
0.0
0.0
0.9741935483870968
0.16774193548387098
0.9741935483870968
0.16774193548387098
0.0
0.0
0.0
0.0
0.0
0.0
0.0
0.0
0.0
0.0
0.9741935483870968
0.0
0.0
0.9741935483870968
0.0
0.0
0.0
0.0
0.0
0.0
0.0
0.43010752688172044
0.43010752688172044
0.0
0.43010752688172044
0.43010752688172044
0.0
0.43010752688172044
0.43010752688172044
0.43010752688172044
0.43010752688172044
0.43010752688172044
0.0
0.0
0.43010752688172044
0.43010752688172044
0.43010752688172044
0.43010752688172044
0.43010752688172044
0.0
0.16774193548387098
0.16774193548387098
0.16774193548387098
0.16774193548387098
0.16774193548387098
0.0
0.16774193548387098
0.16774193548387098
0.16774193548387098
0.16774193548387098
0.16774193548387098
0.0
0.16774193548387098
0.16774193548387098
0.16774193548387098
0.16774193548387098
0.16774193548387098
0.0
0.0
0.0
0.0
0.16774193548387098
0.16774193548387098
0.16774193548387098
0.16774193548387098
0.16774193548387098
0.0
0.0
0.0
0.0
0.0
0.0
0.0
0.0
0.0
0.0
0.0
0.0
0.0
0.0
0.0
0.0
0.0
1.0
0.4946236559139785
0.8064516129032258
0.0
0.0
0.0
1.0
0.4946236559139785
0.8064516129032258
0.0
0.0
0.0
1.0
0.4946236559139785
0.0
0.0
0.0
1.0
0.4946236559139785
0.8064516129032258
0.0
0.0
0.0
1.0
0.0
0.0
0.0
1.0
0.4946236559139785
0.0
0.0
0.0
1.0
0.4946236559139785
0.0
0.0
0.0
1.0
0.0
0.0
0.0
1.0
0.4946236559139785
0.8064516129032258
0.0
0.0
0.0
0.0
1.0
0.0
0.0
0.0
1.0
0.4946236559139785
0.8064516129032258
0.0
0.0
0.0
0.8064516129032258
0.0
0.8064516129032258
0.0
0.0
0.0
0.0
0.0
0.0
0.0
0.0
0.0
0.0
0.0
0.0
0.0
0.0
0.0
0.0
0.0
0.0
0.0
0.0
0.0
0.0
0.0
0.0
0.0
0.0
0.0
0.0
0.0
0.0
0.0
0.0
0.0
0.0
0.0
0.0
0.0
0.0
0.0
0.0
0.0
0.0
0.0
0.0
0.0
0.0
0.0
0.0
0.0
0.0
0.0
0.0
0.0
0.0
0.0
0.0
0.0
0.0
0.0
0.0
0.0
0.0
0.0
0.0
0.0
0.0
0.0
0.0
0.0
0.0
0.0
0.0
0.0
0.0
0.0
0.0
0.0
0.0
0.0
0.0
0.0
0.0
0.0
0.0
0.0
0.0
0.0
0.0
0.0
0.0
0.0
0.0
0.0
0.0
0.0
0.0
0.0
0.0
0.0
0.0
0.0
0.0
0.0
0.0
0.0
0.0
0.0
0.0
0.0
0.0
0.0
0.0
0.0
0.0
0.0
0.0
0.0
0.0
0.0
0.0
0.0
0.0
0.0
0.0
0.0
0.0
0.0
0.0
0.0
0.0
0.0
0.0
0.0
0.0
0.0
0.0
0.0
0.0
0.0
0.0
0.0
0.0
0.0
0.0
0.0
0.0
0.0
0.0
0.0
0.0
0.0
0.0
0.0
1.0
0.7655913978494624
0.0
0.0
0.0
0.946236559139785
0.946236559139785
0.6774193548387096
0.6774193548387096
0.0
0.946236559139785
0.946236559139785
0.946236559139785
0.6774193548387096
0.0
0.6989247311827957
1.0
0.8666666666666667
0.6989247311827957
0.0
0.946236559139785
0.946236559139785
0.946236559139785
0.946236559139785
0.0
0.946236559139785
0.946236559139785
0.946236559139785
0.946236559139785
0.0
0.946236559139785
0.946236559139785
0.946236559139785
0.946236559139785
0.0
0.946236559139785
0.946236559139785
0.946236559139785
0.946236559139785
0.0
0.946236559139785
0.946236559139785
0.946236559139785
0.946236559139785
0.0
0.946236559139785
0.946236559139785
0.946236559139785
0.946236559139785
0.0
0.946236559139785
0.946236559139785
0.946236559139785
0.946236559139785
0.0
0.946236559139785
0.946236559139785
0.946236559139785
0.946236559139785
0.0
0.946236559139785
0.946236559139785
0.946236559139785
0.946236559139785
0.0
0.946236559139785
0.946236559139785
0.946236559139785
0.946236559139785
0.0
0.946236559139785
0.946236559139785
0.946236559139785
0.946236559139785
0.0
0.0
0.0
0.0
0.0
0.946236559139785
0.946236559139785
0.946236559139785
0.946236559139785
0.0
