0.9473118279569892
0.8096774193548387
0.8096774193548387
0.8096774193548387
0.8096774193548387
0.0
0.0
0.0
0.0
0.0
0.0
0.0
0.0
0.0
0.0
0.0
0.0
0.0
0.0
0.0
0.0
0.0
0.0
0.0
0.0
0.0
0.0
0.0
0.0
0.0
0.0
0.0
0.0
0.0
0.0
0.0
0.0
0.0
0.0
0.0
0.0
0.0
0.0
0.0
0.0
0.0
0.0
0.0
0.0
0.0
0.0
0.0
0.0
0.0
0.0
0.0
0.0
0.0
0.0
0.0
0.0
0.0
0.0
0.0
0.0
0.0
0.0
0.0
0.0
0.0
0.0
0.0
0.0
0.0
0.0
0.0
0.0
0.0
0.0
0.0
0.0
0.0
0.0
0.0
0.0
0.0
0.0
0.0
0.0
0.0
0.0
0.0
0.0
0.0
0.0
0.0
0.0
0.0
0.0
0.0
0.0
0.0
0.0
0.0
0.0
0.0
0.0
0.0
0.0
0.0
0.0
0.0
0.0
0.0
0.0
0.6720430107526881
0.26881720430107525
0.8795698924731182
0.8795698924731182
0.8795698924731182
0.9473118279569892
0.8096774193548387
0.8096774193548387
0.8096774193548387
0.8096774193548387
0.9473118279569892
0.8096774193548387
0.8096774193548387
0.8096774193548387
0.8096774193548387
0.0
0.0
0.0
0.0
0.0
0.0
0.0
0.0
0.0
0.0
0.0
0.0
0.0
0.0
0.0
0.0
0.0
0.0
0.0
0.0
0.0
0.0
0.0
0.0
0.0
0.0
0.0
0.0
0.0
0.0
0.0
0.0
0.0
0.0
0.0
0.0
0.0
0.0
0.0
0.0
1.0
0.5376344086021505
0.0
0.0
0.0
1.0
0.7053763440860215
0.7053763440860215
0.0
0.0
0.4946236559139785
1.0
0.8301075268817204
0.6623655913978495
0.0
0.0
0.0
0.0
1.0
0.8602150537634409
0.8602150537634409
0.8602150537634409
0.8602150537634409
0.0
0.0
0.0
0.0
0.0
1.0
0.8602150537634409
0.8602150537634409
0.8602150537634409
0.8602150537634409
0.0
1.0
0.0
1.0
0.0
0.0
1.0
0.0
0.0
1.0
0.8602150537634409
0.0
1.0
0.8602150537634409
0.0
1.0
0.0
0.0
0.0
1.0
0.0
0.4946236559139785
0.4946236559139785
0.0
0.4946236559139785
0.4946236559139785
0.0
0.4946236559139785
0.4946236559139785
0.4946236559139785
0.4946236559139785
0.4946236559139785
0.0
0.0
0.4946236559139785
0.4946236559139785
0.4946236559139785
0.4946236559139785
0.4946236559139785
0.0
0.8064516129032258
0.8064516129032258
0.8064516129032258
0.8064516129032258
0.8064516129032258
0.0
0.8064516129032258
0.8064516129032258
0.8064516129032258
0.8064516129032258
0.8064516129032258
0.0
0.8064516129032258
0.8064516129032258
0.8064516129032258
0.8064516129032258
0.8064516129032258
0.0
0.0
0.0
0.0
0.8064516129032258
0.8064516129032258
0.8064516129032258
0.8064516129032258
0.8064516129032258
0.0
0.0
0.0
0.0
0.0
0.0
0.0
0.0
0.0
0.0
0.0
0.0
0.0
0.0
0.0
1.0
0.8602150537634409
0.43010752688172044
1.0
0.43010752688172044
0.0
1.0
0.8602150537634409
0.43010752688172044
1.0
0.43010752688172044
0.0
1.0
0.8602150537634409
0.43010752688172044
1.0
0.0
1.0
0.8602150537634409
0.43010752688172044
1.0
0.43010752688172044
0.0
1.0
0.8602150537634409
0.43010752688172044
0.0
1.0
0.8602150537634409
0.43010752688172044
1.0
0.0
1.0
0.8602150537634409
0.43010752688172044
1.0
0.0
1.0
0.8602150537634409
0.43010752688172044
0.0
1.0
0.8602150537634409
0.43010752688172044
1.0
0.43010752688172044
0.0
0.0
1.0
0.8602150537634409
0.43010752688172044
0.0
1.0
0.8602150537634409
0.43010752688172044
1.0
0.43010752688172044
0.0
1.0
0.443010752688172
1.0
0.9376344086021505
0.7698924731182796
0.0
0.4946236559139785
1.0
0.4946236559139785
1.0
0.4946236559139785
0.0
0.0
1.0
0.5376344086021505
1.0
0.5376344086021505
0.0
0.0
1.0
0.5376344086021505
1.0
0.8064516129032258
0.0
0.0
1.0
0.8064516129032258
0.0
0.9247311827956989
0.0
0.0
1.0
0.9247311827956989
0.9247311827956989
0.4946236559139785
0.0
0.0
1.0
0.8064516129032258
0.8064516129032258
0.0
0.0
0.0
0.0
1.0
0.7053763440860215
0.7053763440860215
0.0
0.0
0.0
1.0
0.7053763440860215
0.7053763440860215
0.0
0.0
0.0
1.0
0.7053763440860215
0.7053763440860215
0.0
0.0
0.0
1.0
0.7053763440860215
0.7053763440860215
0.0
0.0
0.0
1.0
0.7053763440860215
0.7053763440860215
0.0
0.0
0.0
1.0
0.8064516129032258
0.8064516129032258
0.0
0.0
0.0
1.0
0.8064516129032258
0.8064516129032258
0.0
0.0
0.0
1.0
0.8064516129032258
0.8064516129032258
0.0
0.0
0.0
1.0
0.7053763440860215
0.7053763440860215
0.0
0.0
0.0
0.8731182795698925
0.7053763440860215
0.7053763440860215
0.0
0.0
0.0
0.0
1.0
0.7053763440860215
0.0
0.0
0.0
0.0
1.0
0.7053763440860215
0.0
0.0
0.0
0.0
1.0
0.7655913978494624
0.0
0.0
0.0
0.0
0.0
0.0
0.0
0.0
0.0
0.0
1.0
0.7053763440860215
0.0
0.0
0.0
0.0
1.0
0.7053763440860215
0.0
0.0
0.0
0.0
1.0
0.7053763440860215
0.0
0.0
0.0
0.0
1.0
0.7053763440860215
0.0
0.0
0.0
0.0
1.0
0.7053763440860215
0.0
0.6720430107526881
0.6720430107526881
0.4032258064516129
0.9408602150537635
0.0
0.0
0.0
0.9473118279569892
0.9473118279569892
0.678494623655914
0.678494623655914
0.0
0.9473118279569892
0.9473118279569892
0.9473118279569892
0.9473118279569892
0.0
0.8096774193548387
0.6720430107526881
1.0
0.6720430107526881
0.0
0.9473118279569892
0.9473118279569892
0.9473118279569892
0.9473118279569892
0.0
0.9473118279569892
0.9473118279569892
0.9473118279569892
0.9473118279569892
0.0
0.9473118279569892
0.9473118279569892
0.9473118279569892
0.9473118279569892
0.0
0.9473118279569892
0.9473118279569892
0.9473118279569892
0.9473118279569892
0.0
0.9473118279569892
0.9473118279569892
0.9473118279569892
0.9473118279569892
0.0
0.9473118279569892
0.9473118279569892
0.9473118279569892
0.9473118279569892
0.0
0.9473118279569892
0.9473118279569892
0.9473118279569892
0.9473118279569892
0.0
0.9473118279569892
0.9473118279569892
0.9473118279569892
0.9473118279569892
0.0
0.9473118279569892
0.9473118279569892
0.9473118279569892
0.9473118279569892
0.0
0.9473118279569892
0.9473118279569892
0.9473118279569892
0.9473118279569892
0.0
0.9473118279569892
0.9473118279569892
0.9473118279569892
0.9473118279569892
0.0
0.0
0.0
0.0
0.0
0.9473118279569892
0.9473118279569892
0.9473118279569892
0.9473118279569892
0.0
