0.9774193548387097
0.7086021505376344
0.7086021505376344
0.7086021505376344
0.7086021505376344
0.0
0.9806451612903225
0.9806451612903225
0.9806451612903225
0.9806451612903225
0.9806451612903225
0.0
1.0
1.0
1.0
1.0
1.0
0.0
0.0
1.0
1.0
1.0
1.0
0.0
0.0
1.0
1.0
1.0
1.0
0.0
0.9806451612903225
0.9806451612903225
0.9806451612903225
0.9806451612903225
0.9806451612903225
0.0
0.9806451612903225
0.9806451612903225
0.9806451612903225
0.9806451612903225
0.9806451612903225
0.0
0.9806451612903225
0.9806451612903225
0.9806451612903225
0.9806451612903225
0.9806451612903225
0.0
0.0
0.946236559139785
0.946236559139785
0.946236559139785
0.946236559139785
0.0
0.0
0.0
0.0
0.0
0.0
0.0
0.0
0.9806451612903225
0.9806451612903225
0.9806451612903225
0.9806451612903225
0.9806451612903225
0.0
0.0
0.0
0.9806451612903225
0.9806451612903225
0.9806451612903225
0.9806451612903225
0.0
0.9806451612903225
0.9806451612903225
0.9806451612903225
0.9806451612903225
0.9806451612903225
0.0
0.9806451612903225
0.9806451612903225
0.9806451612903225
0.9806451612903225
0.9806451612903225
0.0
0.9806451612903225
0.9806451612903225
0.9806451612903225
0.9806451612903225
0.9806451612903225
0.0
0.0
0.0
0.0
0.0
0.0
0.0
0.0
0.0
0.0
0.0
0.0
0.0
0.0
0.0
0.0
0.0
0.0
0.0
0.0
0.0
0.0
0.0
0.0
0.9774193548387097
0.8397849462365592
0.7559139784946236
0.7559139784946236
0.7559139784946236
0.9774193548387097
0.8397849462365592
0.7559139784946236
0.7559139784946236
0.7559139784946236
0.9774193548387097
0.8397849462365592
0.7559139784946236
0.7559139784946236
0.7559139784946236
0.0
0.0
0.0
0.0
0.0
0.0
0.0
0.0
0.0
0.0
0.0
0.0
0.0
0.0
0.0
0.0
0.0
0.0
0.0
0.0
0.0
0.0
0.0
0.0
0.0
0.0
0.0
0.0
0.0
0.0
0.0
0.0
0.0
0.0
0.0
0.0
0.0
0.0
0.5376344086021505
1.0
0.5376344086021505
1.0
0.0
0.0
1.0
1.0
0.7698924731182796
0.7698924731182796
0.0
0.0
1.0
0.8064516129032258
0.8064516129032258
0.8064516129032258
0.0
0.0
0.0
0.0
1.0
0.5376344086021505
1.0
0.8731182795698925
0.7053763440860215
0.0
0.0
0.0
0.0
0.0
1.0
0.5376344086021505
1.0
0.8731182795698925
0.7053763440860215
0.0
1.0
0.0
1.0
0.0
0.0
1.0
0.0
0.0
1.0
0.5376344086021505
0.0
1.0
0.5376344086021505
0.0
1.0
0.0
0.0
0.0
1.0
0.5376344086021505
0.0
0.43010752688172044
0.43010752688172044
0.0
0.43010752688172044
0.43010752688172044
0.0
0.43010752688172044
0.43010752688172044
0.43010752688172044
0.43010752688172044
0.43010752688172044
0.0
0.0
0.43010752688172044
0.43010752688172044
0.43010752688172044
0.43010752688172044
0.43010752688172044
0.0
0.43010752688172044
0.43010752688172044
0.43010752688172044
0.43010752688172044
0.43010752688172044
0.0
0.43010752688172044
0.43010752688172044
0.43010752688172044
0.43010752688172044
0.43010752688172044
0.0
0.43010752688172044
0.43010752688172044
0.43010752688172044
0.43010752688172044
0.43010752688172044
0.0
0.0
0.0
0.0
0.43010752688172044
0.43010752688172044
0.43010752688172044
0.43010752688172044
0.43010752688172044
0.0
0.0
0.0
0.0
0.0
0.0
0.0
0.0
0.0
0.0
0.0
0.0
0.0
0.0
0.0
1.0
0.443010752688172
1.0
0.8731182795698925
0.443010752688172
0.0
1.0
0.443010752688172
1.0
0.8731182795698925
0.443010752688172
0.0
1.0
0.443010752688172
1.0
0.8731182795698925
0.443010752688172
0.0
1.0
0.443010752688172
1.0
0.8731182795698925
0.443010752688172
0.0
1.0
0.443010752688172
1.0
0.0
1.0
0.443010752688172
1.0
0.8731182795698925
0.0
1.0
0.443010752688172
1.0
0.8731182795698925
0.0
1.0
0.443010752688172
1.0
0.0
1.0
0.443010752688172
1.0
0.8731182795698925
0.443010752688172
0.0
0.0
1.0
0.443010752688172
1.0
0.0
1.0
0.443010752688172
1.0
0.8731182795698925
0.443010752688172
0.0
1.0
0.8064516129032258
0.0
0.8064516129032258
0.0
0.0
1.0
0.5376344086021505
1.0
0.7053763440860215
0.7053763440860215
0.0
1.0
0.8301075268817204
0.6623655913978495
1.0
0.9247311827956989
0.0
1.0
0.8301075268817204
0.6623655913978495
1.0
1.0
0.0
1.0
0.9978494623655914
0.8301075268817204
0.6623655913978495
1.0
0.0
1.0
0.8064516129032258
0.8064516129032258
0.8064516129032258
0.8064516129032258
0.0
1.0
1.0
0.9741935483870968
0.16774193548387098
1.0
0.0
1.0
0.8301075268817204
0.6623655913978495
1.0
0.6623655913978495
0.0
1.0
0.8301075268817204
0.6623655913978495
1.0
0.6623655913978495
0.0
1.0
1.0
1.0
1.0
1.0
0.0
1.0
1.0
1.0
1.0
1.0
0.0
1.0
0.8301075268817204
0.6623655913978495
1.0
0.6623655913978495
0.0
1.0
1.0
1.0
1.0
0.7698924731182796
0.0
1.0
1.0
1.0
1.0
1.0
0.0
1.0
1.0
1.0
1.0
1.0
0.0
1.0
1.0
1.0
1.0
1.0
0.0
1.0
1.0
1.0
1.0
1.0
0.0
1.0
1.0
1.0
1.0
1.0
0.0
1.0
1.0
1.0
1.0
1.0
0.0
1.0
1.0
1.0
1.0
1.0
0.0
1.0
1.0
1.0
1.0
1.0
0.0
1.0
1.0
1.0
1.0
1.0
0.0
1.0
1.0
1.0
1.0
1.0
0.0
1.0
1.0
1.0
1.0
1.0
0.0
1.0
1.0
1.0
1.0
1.0
0.0
1.0
1.0
1.0
1.0
1.0
0.0
0.6720430107526881
0.6720430107526881
0.6720430107526881
0.6720430107526881
0.0
0.0
0.0
0.6720430107526881
0.6720430107526881
0.6720430107526881
0.6720430107526881
0.0
0.6720430107526881
0.6720430107526881
0.6720430107526881
0.6720430107526881
0.0
0.8397849462365592
0.7559139784946236
0.6720430107526881
0.6720430107526881
0.0
0.9774193548387097
0.9774193548387097
0.9774193548387097
0.9774193548387097
0.0
0.9774193548387097
0.9774193548387097
0.9774193548387097
0.9774193548387097
0.0
0.9774193548387097
0.9774193548387097
0.9774193548387097
0.9774193548387097
0.0
0.9774193548387097
0.9774193548387097
0.9774193548387097
0.9774193548387097
0.0
0.9774193548387097
0.9774193548387097
0.9774193548387097
0.9774193548387097
0.0
0.9774193548387097
0.9774193548387097
0.9774193548387097
0.9774193548387097
0.0
0.9774193548387097
0.9774193548387097
0.9774193548387097
0.9774193548387097
0.0
0.9774193548387097
0.9774193548387097
0.9774193548387097
0.9774193548387097
0.0
0.9774193548387097
0.9774193548387097
0.9774193548387097
0.9774193548387097
0.0
0.9774193548387097
0.9774193548387097
0.9774193548387097
0.9774193548387097
0.0
0.9774193548387097
0.9774193548387097
0.9774193548387097
0.9774193548387097
0.0
0.0
0.0
0.0
0.0
0.9774193548387097
0.9774193548387097
0.9774193548387097
0.9774193548387097
0.0
