0.946236559139785
0.7311827956989247
0.7311827956989247
0.7311827956989247
0.7311827956989247
0.0
1.0
1.0
1.0
1.0
1.0
0.0
1.0
1.0
1.0
1.0
1.0
0.0
1.0
1.0
1.0
1.0
1.0
0.0
1.0
1.0
1.0
1.0
1.0
0.0
1.0
1.0
1.0
1.0
1.0
0.0
1.0
1.0
1.0
1.0
1.0
0.0
1.0
1.0
1.0
1.0
1.0
0.0
1.0
1.0
1.0
1.0
1.0
0.0
1.0
1.0
1.0
1.0
1.0
0.0
0.0
1.0
1.0
1.0
1.0
1.0
0.0
0.0
0.0
1.0
1.0
1.0
1.0
0.0
1.0
1.0
1.0
1.0
1.0
0.0
1.0
1.0
1.0
1.0
1.0
0.0
1.0
1.0
1.0
1.0
1.0
0.0
1.0
1.0
1.0
1.0
1.0
0.0
1.0
1.0
1.0
1.0
1.0
0.0
1.0
1.0
1.0
1.0
1.0
0.0
1.0
1.0
1.0
1.0
1.0
0.946236559139785
0.946236559139785
0.946236559139785
0.946236559139785
0.7311827956989247
0.946236559139785
0.946236559139785
0.7311827956989247
0.7311827956989247
0.7311827956989247
0.946236559139785
0.946236559139785
0.946236559139785
0.7311827956989247
0.7311827956989247
0.0
1.0
1.0
1.0
1.0
1.0
0.0
0.7784946236559139
0.7784946236559139
0.7784946236559139
0.7784946236559139
0.7784946236559139
0.0
0.7784946236559139
0.7784946236559139
0.7784946236559139
0.7784946236559139
0.7784946236559139
0.0
0.7784946236559139
0.7784946236559139
0.7784946236559139
0.7784946236559139
0.7784946236559139
0.0
0.7784946236559139
0.7784946236559139
0.7784946236559139
0.7784946236559139
0.7784946236559139
0.0
1.0
1.0
1.0
1.0
1.0
0.0
0.0
0.9247311827956989
0.9247311827956989
0.4946236559139785
1.0
0.0
1.0
0.9935483870967742
0.7182795698924731
0.7182795698924731
0.7182795698924731
0.0
1.0
1.0
1.0
1.0
1.0
0.0
0.0
0.0
0.0
1.0
0.5376344086021505
1.0
0.8129032258064516
0.5376344086021505
0.0
0.0
0.0
0.0
0.0
1.0
0.5376344086021505
1.0
0.8129032258064516
0.5376344086021505
0.0
1.0
0.0
1.0
0.0
0.0
1.0
0.0
0.0
1.0
0.5376344086021505
0.0
1.0
0.5376344086021505
0.0
1.0
0.0
0.0
0.0
1.0
0.5376344086021505
0.0
0.8064516129032258
0.8064516129032258
0.0
0.8064516129032258
0.8064516129032258
0.0
0.8064516129032258
0.8064516129032258
0.8064516129032258
0.8064516129032258
0.8064516129032258
0.0
0.0
0.8064516129032258
0.8064516129032258
0.8064516129032258
0.8064516129032258
0.8064516129032258
0.0
0.16774193548387098
0.16774193548387098
0.16774193548387098
0.16774193548387098
0.16774193548387098
0.0
0.16774193548387098
0.16774193548387098
0.16774193548387098
0.16774193548387098
0.16774193548387098
0.0
0.16774193548387098
0.16774193548387098
0.16774193548387098
0.16774193548387098
0.16774193548387098
0.0
0.0
0.0
0.0
0.16774193548387098
0.16774193548387098
0.16774193548387098
0.16774193548387098
0.16774193548387098
0.0
0.0
0.0
0.0
0.0
0.0
0.0
0.0
0.0
0.0
0.0
0.0
0.0
0.0
0.0
1.0
0.7784946236559139
0.5032258064516129
1.0
0.5032258064516129
0.0
1.0
0.7784946236559139
0.5032258064516129
1.0
0.5032258064516129
0.0
1.0
0.7784946236559139
0.5032258064516129
1.0
0.5032258064516129
0.0
1.0
0.7784946236559139
0.5032258064516129
1.0
0.5032258064516129
0.0
1.0
0.7784946236559139
0.5032258064516129
0.0
1.0
0.7784946236559139
0.5032258064516129
1.0
0.0
1.0
0.7784946236559139
0.5032258064516129
1.0
0.0
1.0
0.7784946236559139
0.5032258064516129
0.0
1.0
0.7784946236559139
0.5032258064516129
1.0
0.5032258064516129
0.0
0.0
1.0
0.7784946236559139
0.5032258064516129
0.0
1.0
0.7784946236559139
0.5032258064516129
1.0
0.5032258064516129
0.0
1.0
0.7784946236559139
0.5032258064516129
1.0
1.0
0.0
1.0
0.7784946236559139
0.5032258064516129
1.0
1.0
0.0
1.0
0.7053763440860215
0.7053763440860215
0.7053763440860215
0.7053763440860215
0.0
1.0
0.7053763440860215
0.7053763440860215
0.7053763440860215
0.7053763440860215
0.0
1.0
0.8731182795698925
0.7053763440860215
0.7053763440860215
0.7053763440860215
0.0
1.0
0.8731182795698925
0.7053763440860215
0.7053763440860215
0.7053763440860215
0.0
1.0
1.0
1.0
0.7698924731182796
0.7698924731182796
0.0
1.0
0.9978494623655914
0.8301075268817204
0.6623655913978495
1.0
0.0
1.0
0.9978494623655914
0.8301075268817204
0.6623655913978495
1.0
0.0
1.0
0.9978494623655914
0.8301075268817204
0.6623655913978495
1.0
0.0
1.0
0.9978494623655914
0.8301075268817204
0.6623655913978495
1.0
0.0
1.0
0.9978494623655914
0.8301075268817204
0.6623655913978495
1.0
0.0
1.0
1.0
0.9376344086021505
0.7698924731182796
0.7698924731182796
0.0
1.0
1.0
0.9376344086021505
0.7698924731182796
0.7698924731182796
0.0
1.0
1.0
1.0
1.0
0.7698924731182796
0.0
1.0
1.0
1.0
1.0
1.0
0.0
1.0
1.0
1.0
1.0
1.0
0.0
1.0
1.0
1.0
1.0
1.0
0.0
1.0
1.0
1.0
1.0
1.0
0.0
1.0
1.0
1.0
1.0
1.0
0.0
1.0
1.0
1.0
1.0
1.0
0.0
1.0
1.0
1.0
1.0
1.0
0.0
1.0
1.0
1.0
1.0
1.0
0.0
1.0
1.0
1.0
1.0
1.0
0.0
1.0
1.0
1.0
1.0
1.0
0.0
1.0
1.0
1.0
1.0
1.0
0.0
0.946236559139785
0.946236559139785
0.946236559139785
0.6774193548387096
0.0
0.0
0.0
0.946236559139785
0.946236559139785
0.6774193548387096
0.6774193548387096
0.0
0.946236559139785
0.946236559139785
0.6774193548387096
0.6774193548387096
0.0
0.6989247311827957
1.0
1.0
0.8666666666666667
0.0
0.946236559139785
0.946236559139785
0.946236559139785
0.946236559139785
0.0
0.946236559139785
0.946236559139785
0.946236559139785
0.946236559139785
0.0
0.946236559139785
0.946236559139785
0.946236559139785
0.946236559139785
0.0
0.946236559139785
0.946236559139785
0.946236559139785
0.946236559139785
0.0
0.946236559139785
0.946236559139785
0.946236559139785
0.946236559139785
0.0
0.946236559139785
0.946236559139785
0.946236559139785
0.946236559139785
0.0
0.946236559139785
0.946236559139785
0.946236559139785
0.946236559139785
0.0
0.946236559139785
0.946236559139785
0.946236559139785
0.946236559139785
0.0
0.946236559139785
0.946236559139785
0.946236559139785
0.946236559139785
0.0
0.946236559139785
0.946236559139785
0.946236559139785
0.946236559139785
0.0
0.946236559139785
0.946236559139785
0.946236559139785
0.946236559139785
0.0
0.0
0.6774193548387096
0.0
0.0
0.0
0.946236559139785
0.946236559139785
0.946236559139785
0.946236559139785
0.0
