0.9494623655913978
0.7344086021505376
0.7344086021505376
0.7344086021505376
0.7344086021505376
0.9494623655913978
0.7344086021505376
0.7344086021505376
0.7344086021505376
0.7344086021505376
0.7344086021505376
0.9494623655913978
0.7021505376344086
0.7021505376344086
0.7021505376344086
0.7021505376344086
0.7021505376344086
0.9494623655913978
0.7021505376344086
0.7021505376344086
0.7021505376344086
0.7021505376344086
0.7021505376344086
0.9494623655913978
0.7021505376344086
0.7021505376344086
0.7021505376344086
0.7021505376344086
0.7021505376344086
0.9494623655913978
0.7344086021505376
0.7344086021505376
0.7344086021505376
0.7344086021505376
0.7344086021505376
0.9494623655913978
0.7344086021505376
0.7344086021505376
0.7344086021505376
0.7344086021505376
0.7344086021505376
0.9494623655913978
0.7344086021505376
0.7344086021505376
0.7344086021505376
0.7344086021505376
0.7344086021505376
0.9494623655913978
0.8655913978494624
0.8655913978494624
0.8655913978494624
0.8655913978494624
0.8655913978494624
0.9494623655913978
0.8655913978494624
0.8655913978494624
0.8655913978494624
0.8655913978494624
0.8655913978494624
0.9494623655913978
0.7344086021505376
0.9494623655913978
0.7344086021505376
0.7344086021505376
0.7344086021505376
0.7344086021505376
0.7344086021505376
0.9494623655913978
0.7344086021505376
0.9494623655913978
0.7344086021505376
0.9494623655913978
0.7344086021505376
0.7344086021505376
0.7344086021505376
0.7344086021505376
0.7344086021505376
0.9494623655913978
0.7344086021505376
0.7344086021505376
0.7344086021505376
0.7344086021505376
0.7344086021505376
0.9494623655913978
0.7344086021505376
0.7344086021505376
0.7344086021505376
0.7344086021505376
0.7344086021505376
0.9494623655913978
0.7344086021505376
0.7344086021505376
0.7344086021505376
0.7344086021505376
0.7344086021505376
0.9494623655913978
0.8655913978494624
0.8655913978494624
0.8655913978494624
0.8655913978494624
0.8655913978494624
0.9494623655913978
0.8655913978494624
0.8655913978494624
0.8655913978494624
0.8655913978494624
0.8655913978494624
0.9494623655913978
0.8655913978494624
0.8655913978494624
0.8655913978494624
0.8655913978494624
0.8655913978494624
0.9494623655913978
0.8655913978494624
0.8655913978494624
0.8655913978494624
0.8655913978494624
0.8655913978494624
0.9494623655913978
0.8655913978494624
0.8655913978494624
0.8655913978494624
0.8655913978494624
0.9494623655913978
0.8655913978494624
0.8655913978494624
0.8655913978494624
0.8655913978494624
0.9494623655913978
0.8655913978494624
0.8655913978494624
0.8655913978494624
0.8655913978494624
0.9494623655913978
0.8655913978494624
0.8655913978494624
0.8655913978494624
0.8655913978494624
0.8655913978494624
0.9494623655913978
0.8655913978494624
0.8655913978494624
0.8655913978494624
0.8655913978494624
0.8655913978494624
0.9494623655913978
0.8655913978494624
0.8655913978494624
0.8655913978494624
0.8655913978494624
0.8655913978494624
0.9494623655913978
0.8655913978494624
0.8655913978494624
0.8655913978494624
0.8655913978494624
0.8655913978494624
0.9494623655913978
0.8655913978494624
0.8655913978494624
0.8655913978494624
0.8655913978494624
0.8655913978494624
0.9494623655913978
0.8655913978494624
0.8655913978494624
0.8655913978494624
0.8655913978494624
0.8655913978494624
0.9494623655913978
0.9494623655913978
0.9494623655913978
0.9494623655913978
0.9494623655913978
0.9494623655913978
0.9494623655913978
0.8655913978494624
0.6505376344086021
0.6505376344086021
0.6505376344086021
0.6505376344086021
0.9494623655913978
0.8655913978494624
0.6505376344086021
1.0
0.6774193548387096
1.0
0.9494623655913978
0.8655913978494624
0.9494623655913978
0.8655913978494624
0.9494623655913978
0.8655913978494624
0.9494623655913978
0.546236559139785
0.8258064516129032
0.3311827956989247
0.8258064516129032
0.3311827956989247
0.9494623655913978
0.546236559139785
0.9494623655913978
0.546236559139785
0.9494623655913978
0.546236559139785
0.9494623655913978
0.546236559139785
0.9494623655913978
0.546236559139785
0.8258064516129032
0.3311827956989247
0.8258064516129032
0.3311827956989247
0.9494623655913978
0.546236559139785
0.8258064516129032
0.9494623655913978
0.546236559139785
0.8258064516129032
0.0
0.546236559139785
0.0
0.546236559139785
0.8258064516129032
0.0
0.546236559139785
0.0
0.546236559139785
0.8258064516129032
0.3311827956989247
0.0
0.546236559139785
0.8258064516129032
0.3311827956989247
0.0
0.546236559139785
0.8258064516129032
0.0
0.546236559139785
0.0
0.546236559139785
0.0
0.546236559139785
0.8258064516129032
0.0
0.546236559139785
0.546236559139785
0.0
0.546236559139785
0.546236559139785
0.0
0.546236559139785
0.546236559139785
0.546236559139785
0.546236559139785
0.546236559139785
0.0
0.546236559139785
0.0
0.546236559139785
0.546236559139785
0.546236559139785
0.546236559139785
0.546236559139785
0.0
0.546236559139785
0.546236559139785
0.546236559139785
0.546236559139785
0.546236559139785
0.0
0.546236559139785
0.546236559139785
0.546236559139785
0.546236559139785
0.546236559139785
0.0
0.546236559139785
0.546236559139785
0.546236559139785
0.546236559139785
0.546236559139785
0.0
0.546236559139785
0.0
0.546236559139785
0.0
0.546236559139785
0.0
0.546236559139785
0.546236559139785
0.546236559139785
0.546236559139785
0.546236559139785
0.0
0.546236559139785
0.0
0.546236559139785
0.0
0.546236559139785
0.0
0.546236559139785
0.0
0.546236559139785
0.0
0.546236559139785
0.0
0.546236559139785
0.0
0.546236559139785
0.0
0.546236559139785
0.0
0.546236559139785
0.0
0.546236559139785
0.0
0.546236559139785
0.0
0.546236559139785
0.0
0.546236559139785
0.0
0.546236559139785
0.8688172043010752
0.3311827956989247
0.8258064516129032
0.3311827956989247
0.0
0.546236559139785
0.8688172043010752
0.3311827956989247
0.8258064516129032
0.3311827956989247
0.0
0.546236559139785
0.8688172043010752
0.3311827956989247
0.8258064516129032
0.3311827956989247
0.0
0.546236559139785
0.8688172043010752
0.3311827956989247
0.8258064516129032
0.3311827956989247
0.0
0.546236559139785
0.8688172043010752
0.3311827956989247
0.8258064516129032
0.0
0.546236559139785
0.8688172043010752
0.3311827956989247
0.8258064516129032
0.3311827956989247
0.0
0.546236559139785
0.8688172043010752
0.3311827956989247
0.8258064516129032
0.3311827956989247
0.0
0.546236559139785
0.8688172043010752
0.3311827956989247
0.8258064516129032
0.0
0.546236559139785
0.8688172043010752
0.3311827956989247
0.8258064516129032
0.3311827956989247
0.0
0.546236559139785
0.0
0.546236559139785
0.8688172043010752
0.3311827956989247
0.8258064516129032
0.0
0.546236559139785
0.8688172043010752
0.3311827956989247
0.8258064516129032
0.3311827956989247
0.0
0.546236559139785
0.8688172043010752
0.3311827956989247
1.0
0.7741935483870968
0.0
0.546236559139785
0.7612903225806451
0.6774193548387096
1.0
0.6774193548387096
0.0
0.6182795698924731
0.9408602150537635
0.5376344086021505
1.0
0.5376344086021505
0.0
0.6182795698924731
0.8333333333333334
0.8333333333333334
0.43010752688172044
1.0
0.0
0.6182795698924731
0.8333333333333334
0.8333333333333334
0.4032258064516129
0.9408602150537635
0.0
0.6182795698924731
0.8333333333333334
0.8333333333333334
0.4032258064516129
0.9408602150537635
0.0
0.6182795698924731
0.8333333333333334
0.8333333333333334
0.8333333333333334
0.4032258064516129
0.0
0.6182795698924731
0.8333333333333334
0.8333333333333334
0.8333333333333334
0.4032258064516129
0.0
0.6182795698924731
0.8333333333333334
0.8333333333333334
0.8333333333333334
0.4032258064516129
0.0
0.6182795698924731
0.9408602150537635
0.4032258064516129
0.9408602150537635
0.4032258064516129
0.0
0.6182795698924731
0.9408602150537635
0.4032258064516129
0.9408602150537635
0.4032258064516129
0.0
0.6182795698924731
0.8333333333333334
0.8333333333333334
0.8333333333333334
0.4032258064516129
0.0
0.6182795698924731
0.6182795698924731
0.6182795698924731
0.6182795698924731
0.6182795698924731
0.0
0.6182795698924731
0.6182795698924731
0.6182795698924731
0.6182795698924731
0.6182795698924731
0.0
0.6182795698924731
0.6182795698924731
0.6182795698924731
0.6182795698924731
0.6182795698924731
0.0
0.6182795698924731
0.6182795698924731
0.6182795698924731
0.6182795698924731
0.6182795698924731
0.0
0.6182795698924731
0.6182795698924731
0.6182795698924731
0.6182795698924731
0.6182795698924731
0.0
0.6182795698924731
0.6182795698924731
0.6182795698924731
0.6182795698924731
0.6182795698924731
0.0
0.6182795698924731
0.6182795698924731
0.6182795698924731
0.6182795698924731
0.6182795698924731
0.0
0.6182795698924731
0.6182795698924731
0.6182795698924731
0.6182795698924731
0.6182795698924731
0.0
0.6182795698924731
0.6182795698924731
0.6182795698924731
0.6182795698924731
0.6182795698924731
0.0
0.6182795698924731
0.6182795698924731
0.6182795698924731
0.6182795698924731
0.6182795698924731
0.0
0.6182795698924731
0.6182795698924731
0.6182795698924731
0.6182795698924731
0.6182795698924731
0.0
0.6182795698924731
0.6182795698924731
0.6182795698924731
0.6182795698924731
0.6182795698924731
0.0
0.6182795698924731
0.6182795698924731
0.6182795698924731
0.6182795698924731
0.6182795698924731
0.0
0.6182795698924731
0.6182795698924731
0.6182795698924731
0.6182795698924731
0.6182795698924731
0.0
0.6182795698924731
0.6182795698924731
0.6182795698924731
0.6182795698924731
0.0
0.4946236559139785
0.0
0.6182795698924731
0.6182795698924731
0.6182795698924731
0.6182795698924731
0.0
0.6182795698924731
0.6182795698924731
0.6182795698924731
0.6182795698924731
0.0
0.8655913978494624
0.6182795698924731
1.0
1.0
0.0
0.9494623655913978
0.9494623655913978
0.9494623655913978
0.9494623655913978
0.0
0.9494623655913978
0.9494623655913978
0.9494623655913978
0.9494623655913978
0.0
0.9494623655913978
0.9494623655913978
0.9494623655913978
0.9494623655913978
0.0
0.9494623655913978
0.9494623655913978
0.9494623655913978
0.9494623655913978
0.0
0.9494623655913978
0.9494623655913978
0.9494623655913978
0.9494623655913978
0.0
0.9494623655913978
0.9494623655913978
0.9494623655913978
0.9494623655913978
0.0
0.9494623655913978
0.9494623655913978
0.9494623655913978
0.9494623655913978
0.0
0.9494623655913978
0.9494623655913978
0.9494623655913978
0.9494623655913978
0.0
0.9494623655913978
0.9494623655913978
0.9494623655913978
0.9494623655913978
0.0
0.9494623655913978
0.9494623655913978
0.9494623655913978
0.9494623655913978
0.0
0.9494623655913978
0.9494623655913978
0.9494623655913978
0.9494623655913978
0.0
0.0
0.546236559139785
0.0
0.9494623655913978
0.0
0.9494623655913978
0.9494623655913978
0.9494623655913978
0.9494623655913978
0.0
0.546236559139785
