0.9193548387096774
0.9193548387096774
0.9193548387096774
0.9193548387096774
0.9193548387096774
0.9193548387096774
0.9193548387096774
0.9193548387096774
0.9193548387096774
0.9193548387096774
0.9193548387096774
0.9193548387096774
0.9193548387096774
0.9193548387096774
0.9193548387096774
0.9193548387096774
0.9193548387096774
0.9193548387096774
0.9193548387096774
0.9193548387096774
0.9193548387096774
0.9193548387096774
0.9193548387096774
0.9193548387096774
0.9193548387096774
0.9193548387096774
0.9193548387096774
0.9193548387096774
0.9193548387096774
0.9193548387096774
0.9193548387096774
0.9193548387096774
0.9193548387096774
0.9193548387096774
0.9193548387096774
0.9193548387096774
0.9193548387096774
0.9193548387096774
0.9193548387096774
0.9193548387096774
0.9193548387096774
0.9193548387096774
0.9193548387096774
0.9193548387096774
0.9193548387096774
0.9193548387096774
0.9193548387096774
0.9193548387096774
0.9193548387096774
0.9193548387096774
0.9193548387096774
0.9193548387096774
0.9193548387096774
0.9193548387096774
0.9193548387096774
0.9193548387096774
0.9193548387096774
0.9193548387096774
0.9193548387096774
0.9193548387096774
0.9193548387096774
0.9193548387096774
0.9193548387096774
0.9193548387096774
0.9193548387096774
0.9193548387096774
0.9193548387096774
0.9193548387096774
0.9193548387096774
0.9193548387096774
0.9193548387096774
0.9193548387096774
0.9193548387096774
0.9193548387096774
0.9193548387096774
0.9193548387096774
0.9193548387096774
0.9193548387096774
0.9193548387096774
0.9193548387096774
0.9193548387096774
0.9193548387096774
0.9193548387096774
0.9193548387096774
0.9193548387096774
0.9193548387096774
0.9193548387096774
0.9193548387096774
0.9193548387096774
0.9193548387096774
0.9193548387096774
0.9193548387096774
0.9193548387096774
0.9193548387096774
0.9193548387096774
0.9193548387096774
0.9193548387096774
0.9193548387096774
0.9193548387096774
0.9193548387096774
0.9193548387096774
0.9193548387096774
0.9193548387096774
0.9193548387096774
0.9193548387096774
0.9193548387096774
0.9193548387096774
0.9193548387096774
0.9193548387096774
0.9193548387096774
0.9193548387096774
0.9193548387096774
0.9193548387096774
0.9193548387096774
0.9193548387096774
0.9193548387096774
0.9193548387096774
0.9193548387096774
0.9193548387096774
0.9193548387096774
0.9193548387096774
0.9193548387096774
0.9193548387096774
0.9193548387096774
0.9193548387096774
0.9193548387096774
0.9193548387096774
0.9193548387096774
0.9193548387096774
0.9193548387096774
0.9193548387096774
0.9193548387096774
0.9193548387096774
0.9193548387096774
0.9193548387096774
0.9193548387096774
0.9193548387096774
0.9193548387096774
0.9193548387096774
0.9193548387096774
0.9193548387096774
0.9193548387096774
0.9193548387096774
0.9193548387096774
0.9193548387096774
0.9193548387096774
0.9193548387096774
0.9193548387096774
0.9193548387096774
0.9193548387096774
0.9193548387096774
0.9193548387096774
0.9193548387096774
0.9193548387096774
0.9193548387096774
0.9193548387096774
0.9193548387096774
0.9193548387096774
0.9193548387096774
0.9193548387096774
0.9193548387096774
0.9193548387096774
0.9193548387096774
0.9193548387096774
0.9193548387096774
0.9193548387096774
0.9193548387096774
0.9193548387096774
0.9193548387096774
0.9193548387096774
0.9193548387096774
0.9193548387096774
0.9193548387096774
0.6505376344086021
0.6505376344086021
0.6505376344086021
0.9193548387096774
0.9193548387096774
0.9193548387096774
0.6505376344086021
0.6505376344086021
0.6505376344086021
0.9193548387096774
0.9193548387096774
0.9193548387096774
0.6505376344086021
0.6505376344086021
0.6505376344086021
0.9193548387096774
0.9193548387096774
0.9193548387096774
0.9193548387096774
0.9193548387096774
0.9193548387096774
0.9193548387096774
0.5161290322580645
0.5161290322580645
0.5161290322580645
0.5161290322580645
0.5161290322580645
0.9193548387096774
0.5161290322580645
0.9193548387096774
0.5161290322580645
0.9193548387096774
0.5161290322580645
0.9193548387096774
0.5161290322580645
0.9193548387096774
0.5161290322580645
0.5161290322580645
0.5161290322580645
0.5161290322580645
0.5161290322580645
0.9193548387096774
0.5161290322580645
0.5161290322580645
0.9193548387096774
0.5161290322580645
0.5161290322580645
0.0
0.5161290322580645
0.0
0.5161290322580645
0.5161290322580645
0.0
0.5161290322580645
0.0
0.5161290322580645
0.5161290322580645
0.5161290322580645
0.0
0.5161290322580645
0.5161290322580645
0.5161290322580645
0.0
0.5161290322580645
0.5161290322580645
0.0
0.5161290322580645
0.0
0.5161290322580645
0.0
0.5161290322580645
0.5161290322580645
0.0
0.5161290322580645
0.5161290322580645
0.0
0.5161290322580645
0.5161290322580645
0.0
0.5161290322580645
0.5161290322580645
0.5161290322580645
0.5161290322580645
0.5161290322580645
0.0
0.5161290322580645
0.0
0.5161290322580645
0.5161290322580645
0.5161290322580645
0.5161290322580645
0.5161290322580645
0.0
0.5161290322580645
0.5161290322580645
0.5161290322580645
0.5161290322580645
0.5161290322580645
0.0
0.5161290322580645
0.5161290322580645
0.5161290322580645
0.5161290322580645
0.5161290322580645
0.0
0.5161290322580645
0.5161290322580645
0.5161290322580645
0.5161290322580645
0.5161290322580645
0.0
0.5161290322580645
0.0
0.5161290322580645
0.0
0.5161290322580645
0.0
0.5161290322580645
0.5161290322580645
0.5161290322580645
0.5161290322580645
0.5161290322580645
0.0
0.5161290322580645
0.0
0.5161290322580645
0.0
0.5161290322580645
0.0
0.5161290322580645
0.0
0.5161290322580645
0.0
0.5161290322580645
0.0
0.5161290322580645
0.0
0.5161290322580645
0.0
0.5161290322580645
0.0
0.5161290322580645
0.0
0.5161290322580645
0.0
0.5161290322580645
0.0
0.5161290322580645
0.0
0.5161290322580645
0.0
0.5161290322580645
0.5161290322580645
0.8516129032258064
0.6043010752688172
1.0
0.0
0.5161290322580645
0.5161290322580645
0.8516129032258064
0.6043010752688172
1.0
0.0
0.5161290322580645
0.5161290322580645
0.8516129032258064
0.6043010752688172
1.0
0.0
0.5161290322580645
0.5161290322580645
0.8516129032258064
0.6043010752688172
1.0
0.0
0.5161290322580645
0.5161290322580645
0.8516129032258064
0.6043010752688172
0.0
0.5161290322580645
0.5161290322580645
0.8516129032258064
0.6043010752688172
1.0
0.0
0.5161290322580645
0.5161290322580645
0.8516129032258064
0.6043010752688172
1.0
0.0
0.5161290322580645
0.5161290322580645
0.8516129032258064
0.6043010752688172
0.0
0.5161290322580645
0.5161290322580645
0.8516129032258064
0.6043010752688172
1.0
0.0
0.5161290322580645
0.0
0.5161290322580645
0.5161290322580645
0.8516129032258064
0.6043010752688172
0.0
0.5161290322580645
0.5161290322580645
0.8516129032258064
0.6043010752688172
1.0
0.0
0.5161290322580645
0.5161290322580645
0.8516129032258064
0.6838709677419355
0.8516129032258064
0.0
0.6505376344086021
0.6505376344086021
0.6505376344086021
0.6505376344086021
0.6505376344086021
0.0
0.6505376344086021
0.6505376344086021
0.6505376344086021
0.6505376344086021
0.6505376344086021
0.0
0.6505376344086021
0.6505376344086021
0.6505376344086021
0.6505376344086021
0.6505376344086021
0.0
0.6505376344086021
0.6505376344086021
0.6505376344086021
0.6505376344086021
0.6505376344086021
0.0
0.9193548387096774
0.9193548387096774
0.5161290322580645
0.7913978494623656
0.5225806451612903
0.0
0.9193548387096774
0.9193548387096774
0.6505376344086021
0.6505376344086021
0.6505376344086021
0.0
0.9193548387096774
0.9193548387096774
0.6505376344086021
0.6505376344086021
0.6505376344086021
0.0
0.9193548387096774
0.9193548387096774
0.6505376344086021
0.6505376344086021
0.6505376344086021
0.0
0.9193548387096774
0.9193548387096774
0.6505376344086021
0.6505376344086021
0.6505376344086021
0.0
0.9193548387096774
0.9193548387096774
0.6505376344086021
0.6505376344086021
0.6505376344086021
0.0
0.9193548387096774
0.9193548387096774
0.6505376344086021
0.6505376344086021
0.6505376344086021
0.0
0.9193548387096774
0.9193548387096774
0.6505376344086021
0.6505376344086021
0.6505376344086021
0.0
0.9193548387096774
0.9193548387096774
0.6505376344086021
0.6505376344086021
0.6505376344086021
0.0
0.9193548387096774
0.9193548387096774
0.6505376344086021
0.6505376344086021
0.6505376344086021
0.0
0.9193548387096774
0.9193548387096774
0.6505376344086021
0.6505376344086021
0.6505376344086021
0.0
0.9193548387096774
0.9193548387096774
0.6505376344086021
0.6505376344086021
0.6505376344086021
0.0
0.9193548387096774
0.9193548387096774
0.6505376344086021
0.6505376344086021
0.6505376344086021
0.0
0.9193548387096774
0.9193548387096774
0.6505376344086021
0.6505376344086021
0.6505376344086021
0.0
0.9193548387096774
0.9193548387096774
0.6505376344086021
0.6505376344086021
0.6505376344086021
0.0
0.9193548387096774
0.9193548387096774
0.9193548387096774
0.9193548387096774
0.9193548387096774
0.0
0.9193548387096774
0.9193548387096774
0.6505376344086021
0.6505376344086021
0.6505376344086021
0.0
0.9193548387096774
0.9193548387096774
0.6505376344086021
0.6505376344086021
0.6505376344086021
0.0
0.9193548387096774
0.9193548387096774
0.6505376344086021
0.6505376344086021
0.6505376344086021
0.0
0.9193548387096774
0.9193548387096774
0.6505376344086021
0.6505376344086021
0.6505376344086021
0.0
0.9193548387096774
0.9193548387096774
0.6505376344086021
0.6505376344086021
0.6505376344086021
0.0
0.9193548387096774
0.9193548387096774
0.9193548387096774
0.6505376344086021
0.0
0.9193548387096774
0.0
0.9193548387096774
0.9193548387096774
0.6505376344086021
0.6505376344086021
0.0
0.9193548387096774
0.9193548387096774
0.9193548387096774
0.6505376344086021
0.0
0.6720430107526881
1.0
0.9473118279569892
0.6720430107526881
0.0
0.9193548387096774
0.9193548387096774
0.9193548387096774
0.9193548387096774
0.0
0.9193548387096774
0.9193548387096774
0.9193548387096774
0.9193548387096774
0.0
0.9193548387096774
0.9193548387096774
0.9193548387096774
0.9193548387096774
0.0
0.9193548387096774
0.9193548387096774
0.9193548387096774
0.9193548387096774
0.0
0.9193548387096774
0.9193548387096774
0.9193548387096774
0.9193548387096774
0.0
0.9193548387096774
0.9193548387096774
0.9193548387096774
0.9193548387096774
0.0
0.9193548387096774
0.9193548387096774
0.9193548387096774
0.9193548387096774
0.0
0.9193548387096774
0.9193548387096774
0.9193548387096774
0.9193548387096774
0.0
0.9193548387096774
0.9193548387096774
0.9193548387096774
0.9193548387096774
0.0
0.9193548387096774
0.9193548387096774
0.9193548387096774
0.9193548387096774
0.0
0.9193548387096774
0.9193548387096774
0.9193548387096774
0.9193548387096774
0.0
0.0
0.5161290322580645
0.0
0.0
0.0
0.0
0.0
0.0
0.0
0.0
0.9193548387096774
0.0
0.9193548387096774
0.9193548387096774
0.9193548387096774
0.9193548387096774
0.0
0.0
0.5161290322580645
