0.9494623655913978
0.7344086021505376
0.7344086021505376
0.7344086021505376
0.7344086021505376
0.4032258064516129
0.7387096774193549
0.7387096774193549
0.7387096774193549
0.7387096774193549
0.7387096774193549
0.4032258064516129
0.7387096774193549
0.7387096774193549
0.7387096774193549
0.7387096774193549
0.7387096774193549
0.4032258064516129
0.7387096774193549
0.7387096774193549
0.7387096774193549
0.7387096774193549
0.7387096774193549
0.4032258064516129
0.7387096774193549
0.7387096774193549
0.7387096774193549
0.7387096774193549
0.7387096774193549
0.4032258064516129
0.7387096774193549
0.7387096774193549
0.7387096774193549
0.7387096774193549
0.7387096774193549
0.4032258064516129
0.7387096774193549
0.7387096774193549
0.7387096774193549
0.7387096774193549
0.7387096774193549
0.4032258064516129
0.7387096774193549
0.7387096774193549
0.7387096774193549
0.7387096774193549
0.7387096774193549
0.4032258064516129
0.7387096774193549
0.7387096774193549
0.7387096774193549
0.7387096774193549
0.7387096774193549
0.4032258064516129
0.9064516129032258
0.9064516129032258
0.9064516129032258
0.9064516129032258
0.9064516129032258
0.4032258064516129
0.4032258064516129
0.7387096774193549
0.7387096774193549
0.7387096774193549
0.7387096774193549
0.7387096774193549
0.4032258064516129
0.4032258064516129
0.4032258064516129
0.7387096774193549
0.7387096774193549
0.7387096774193549
0.7387096774193549
0.4032258064516129
0.7387096774193549
0.7387096774193549
0.7387096774193549
0.7387096774193549
0.7387096774193549
0.4032258064516129
0.7387096774193549
0.7387096774193549
0.7387096774193549
0.7387096774193549
0.7387096774193549
0.4032258064516129
0.7387096774193549
0.7387096774193549
0.7387096774193549
0.7387096774193549
0.7387096774193549
0.4032258064516129
0.9064516129032258
0.9064516129032258
0.9064516129032258
0.9064516129032258
0.9064516129032258
0.4032258064516129
0.9064516129032258
0.9064516129032258
0.9064516129032258
0.9064516129032258
0.9064516129032258
0.4032258064516129
0.9064516129032258
0.9064516129032258
0.9064516129032258
0.9064516129032258
0.9064516129032258
0.4032258064516129
0.9064516129032258
0.9064516129032258
0.9064516129032258
0.9064516129032258
0.9064516129032258
0.9494623655913978
0.7344086021505376
0.7344086021505376
0.7344086021505376
0.7344086021505376
0.9494623655913978
0.7344086021505376
0.7344086021505376
0.7344086021505376
0.7344086021505376
0.9494623655913978
0.7344086021505376
0.7344086021505376
0.7344086021505376
0.7344086021505376
0.4032258064516129
0.9064516129032258
0.9064516129032258
0.9064516129032258
0.9064516129032258
0.9064516129032258
0.4032258064516129
0.9064516129032258
0.9064516129032258
0.9064516129032258
0.9064516129032258
0.9064516129032258
0.4032258064516129
0.9064516129032258
0.9064516129032258
0.9064516129032258
0.9064516129032258
0.9064516129032258
0.4032258064516129
0.9064516129032258
0.9064516129032258
0.9064516129032258
0.9064516129032258
0.9064516129032258
0.4032258064516129
0.9064516129032258
0.9064516129032258
0.9064516129032258
0.9064516129032258
0.9064516129032258
0.4032258064516129
0.9064516129032258
0.9064516129032258
0.9064516129032258
0.9064516129032258
0.9064516129032258
0.4032258064516129
0.8978494623655914
0.4032258064516129
0.5376344086021505
1.0
0.5376344086021505
0.4032258064516129
0.9064516129032258
0.7387096774193549
0.5709677419354838
0.5709677419354838
0.9064516129032258
0.4032258064516129
0.953763440860215
0.678494623655914
0.443010752688172
1.0
0.7053763440860215
0.4032258064516129
0.4032258064516129
0.4032258064516129
0.4032258064516129
0.9064516129032258
0.5032258064516129
1.0
0.5032258064516129
1.0
0.4032258064516129
0.4032258064516129
0.4032258064516129
0.4032258064516129
0.4032258064516129
0.9064516129032258
0.5032258064516129
1.0
0.5032258064516129
1.0
0.4032258064516129
0.9064516129032258
0.4032258064516129
0.9064516129032258
0.0
0.0
0.9064516129032258
0.0
0.0
0.9064516129032258
0.5032258064516129
0.0
0.9064516129032258
0.5032258064516129
0.0
0.9064516129032258
0.0
0.0
0.0
0.9064516129032258
0.5032258064516129
0.0
0.4032258064516129
0.4032258064516129
0.0
0.4032258064516129
0.4032258064516129
0.0
0.4032258064516129
0.4032258064516129
0.4032258064516129
0.4032258064516129
0.4032258064516129
0.0
0.0
0.4032258064516129
0.4032258064516129
0.4032258064516129
0.4032258064516129
0.4032258064516129
0.0
0.4032258064516129
0.4032258064516129
0.4032258064516129
0.4032258064516129
0.4032258064516129
0.0
0.4032258064516129
0.4032258064516129
0.4032258064516129
0.4032258064516129
0.4032258064516129
0.0
0.4032258064516129
0.4032258064516129
0.4032258064516129
0.4032258064516129
0.4032258064516129
0.0
0.0
0.0
0.0
0.4032258064516129
0.4032258064516129
0.4032258064516129
0.4032258064516129
0.4032258064516129
0.0
0.0
0.0
0.0
0.0
0.0
0.0
0.0
0.0
0.0
0.0
0.0
0.0
0.0
0.0
0.8978494623655914
0.4946236559139785
0.989247311827957
0.4946236559139785
1.0
0.0
0.8978494623655914
0.4946236559139785
0.989247311827957
0.4946236559139785
1.0
0.0
0.8978494623655914
0.4946236559139785
0.989247311827957
0.4946236559139785
1.0
0.0
0.8978494623655914
0.4946236559139785
0.989247311827957
0.4946236559139785
1.0
0.0
0.8978494623655914
0.4946236559139785
0.989247311827957
0.0
0.8978494623655914
0.4946236559139785
0.989247311827957
0.4946236559139785
0.0
0.8978494623655914
0.4946236559139785
0.989247311827957
0.4946236559139785
0.0
0.8978494623655914
0.4946236559139785
0.989247311827957
0.0
0.8978494623655914
0.4946236559139785
0.989247311827957
0.4946236559139785
1.0
0.0
0.0
0.8978494623655914
0.4946236559139785
0.989247311827957
0.0
0.8978494623655914
0.4946236559139785
0.989247311827957
0.4946236559139785
1.0
0.0
0.8462365591397849
0.5709677419354838
0.443010752688172
1.0
1.0
0.0
0.8978494623655914
0.4946236559139785
1.0
0.4946236559139785
1.0
0.0
0.8978494623655914
0.4946236559139785
1.0
1.0
0.4946236559139785
0.0
0.8978494623655914
0.4946236559139785
1.0
1.0
0.4946236559139785
0.0
0.8978494623655914
0.4946236559139785
1.0
0.7698924731182796
0.7698924731182796
0.0
0.8978494623655914
0.4946236559139785
1.0
0.8301075268817204
0.6623655913978495
0.0
0.8978494623655914
0.4946236559139785
1.0
0.7698924731182796
0.7698924731182796
0.0
0.8978494623655914
0.4946236559139785
1.0
0.8301075268817204
0.6623655913978495
0.0
0.8978494623655914
0.4946236559139785
1.0
1.0
0.4946236559139785
0.0
0.8978494623655914
0.4946236559139785
1.0
1.0
0.4946236559139785
0.0
0.8978494623655914
0.4946236559139785
1.0
1.0
0.4946236559139785
0.0
0.8978494623655914
0.4946236559139785
1.0
1.0
0.4946236559139785
0.0
0.8978494623655914
0.4946236559139785
1.0
1.0
0.4946236559139785
0.0
0.8978494623655914
0.8978494623655914
0.4946236559139785
1.0
0.4946236559139785
0.0
0.8978494623655914
0.8978494623655914
0.8978494623655914
0.8978494623655914
0.4946236559139785
0.0
0.8978494623655914
0.8978494623655914
0.8978494623655914
0.8978494623655914
0.8978494623655914
0.0
0.8978494623655914
0.8978494623655914
0.8978494623655914
0.8978494623655914
0.8978494623655914
0.0
0.8978494623655914
0.8978494623655914
0.8978494623655914
0.8978494623655914
0.8978494623655914
0.0
0.8978494623655914
0.8978494623655914
0.8978494623655914
0.8978494623655914
0.8978494623655914
0.0
0.8978494623655914
0.8978494623655914
0.8978494623655914
0.8978494623655914
0.8978494623655914
0.0
0.8978494623655914
0.8978494623655914
0.8978494623655914
0.8978494623655914
0.8978494623655914
0.0
0.8978494623655914
0.8978494623655914
0.8978494623655914
0.8978494623655914
0.8978494623655914
0.0
0.8978494623655914
0.8978494623655914
0.8978494623655914
0.8978494623655914
0.8978494623655914
0.0
0.8978494623655914
0.8978494623655914
0.8978494623655914
0.8978494623655914
0.8978494623655914
0.0
0.8978494623655914
0.8978494623655914
0.8978494623655914
0.8978494623655914
0.8978494623655914
0.0
0.8978494623655914
0.8978494623655914
0.8978494623655914
0.8978494623655914
0.8978494623655914
0.0
0.6505376344086021
0.6505376344086021
0.6505376344086021
0.6505376344086021
0.0
0.0
0.0
0.6505376344086021
0.6505376344086021
0.6505376344086021
0.6505376344086021
0.0
0.6505376344086021
0.6505376344086021
0.6505376344086021
0.6505376344086021
0.0
0.8655913978494624
0.6182795698924731
1.0
1.0
0.0
0.9494623655913978
0.9494623655913978
0.9494623655913978
0.9494623655913978
0.0
0.9494623655913978
0.9494623655913978
0.9494623655913978
0.9494623655913978
0.0
0.9494623655913978
0.9494623655913978
0.9494623655913978
0.9494623655913978
0.0
0.9494623655913978
0.9494623655913978
0.9494623655913978
0.9494623655913978
0.0
0.9494623655913978
0.9494623655913978
0.9494623655913978
0.9494623655913978
0.0
0.9494623655913978
0.9494623655913978
0.9494623655913978
0.9494623655913978
0.0
0.9494623655913978
0.9494623655913978
0.9494623655913978
0.9494623655913978
0.0
0.9494623655913978
0.9494623655913978
0.9494623655913978
0.9494623655913978
0.0
0.9494623655913978
0.9494623655913978
0.9494623655913978
0.9494623655913978
0.0
0.9494623655913978
0.9494623655913978
0.9494623655913978
0.9494623655913978
0.0
0.9494623655913978
0.9494623655913978
0.9494623655913978
0.9494623655913978
0.0
0.0
0.546236559139785
0.0
0.0
0.0
0.9494623655913978
0.9494623655913978
0.9494623655913978
0.9494623655913978
0.0
