0.9193548387096774
0.9193548387096774
0.9193548387096774
0.9193548387096774
0.9193548387096774
0.0
0.0
0.0
0.0
0.0
0.0
0.0
0.0
0.0
0.0
0.0
0.0
1.0
1.0
1.0
1.0
0.9193548387096774
0.9193548387096774
0.9193548387096774
0.9193548387096774
0.9193548387096774
0.0
0.0
0.0
0.0
0.0
0.0
0.0
0.0
0.0
0.0
1.0
0.0
0.0
0.0
1.0
1.0
0.9247311827956989
0.9247311827956989
0.0
0.9193548387096774
0.9193548387096774
0.9193548387096774
0.6505376344086021
0.0
0.6720430107526881
1.0
0.6720430107526881
0.6720430107526881
0.0
0.9193548387096774
0.9193548387096774
0.9193548387096774
0.9193548387096774
0.0
0.9193548387096774
0.9193548387096774
0.9193548387096774
0.9193548387096774
0.0
0.9193548387096774
0.9193548387096774
0.9193548387096774
0.9193548387096774
0.0
0.9193548387096774
0.9193548387096774
0.9193548387096774
0.9193548387096774
0.0
0.9193548387096774
0.9193548387096774
0.9193548387096774
0.9193548387096774
0.0
0.9193548387096774
0.9193548387096774
0.9193548387096774
0.9193548387096774
0.0
0.9193548387096774
0.9193548387096774
0.9193548387096774
0.9193548387096774
0.0
0.9193548387096774
0.9193548387096774
0.9193548387096774
0.9193548387096774
0.0
0.9193548387096774
0.9193548387096774
0.9193548387096774
0.9193548387096774
0.0
0.9193548387096774
0.9193548387096774
0.9193548387096774
0.9193548387096774
0.0
0.9193548387096774
0.9193548387096774
0.9193548387096774
0.9193548387096774
0.0
0.0
0.0
0.0
0.0
0.0
0.0
0.0
0.0
0.0
