0.9526881720430107
0.7376344086021506
0.7376344086021506
0.7376344086021506
0.7376344086021506
0.0
1.0
1.0
1.0
1.0
1.0
0.0
1.0
1.0
1.0
1.0
1.0
0.0
1.0
1.0
1.0
1.0
1.0
0.0
1.0
1.0
1.0
1.0
1.0
0.0
1.0
1.0
1.0
1.0
1.0
0.0
1.0
1.0
1.0
1.0
1.0
0.0
1.0
1.0
1.0
1.0
1.0
0.0
1.0
1.0
1.0
1.0
1.0
0.0
0.0
0.5032258064516129
1.0
1.0
1.0
0.0
0.0
1.0
1.0
1.0
1.0
1.0
0.0
0.0
0.0
1.0
1.0
1.0
1.0
0.0
1.0
1.0
1.0
1.0
1.0
0.0
1.0
1.0
1.0
1.0
1.0
0.0
1.0
1.0
1.0
1.0
1.0
0.0
0.0
0.0
0.7053763440860215
0.7053763440860215
0.7053763440860215
0.0
0.0
0.0
0.7053763440860215
0.7053763440860215
0.7053763440860215
0.0
0.0
0.0
0.7053763440860215
0.7053763440860215
0.7053763440860215
0.0
0.0
0.0
0.7053763440860215
0.7053763440860215
0.7053763440860215
0.9526881720430107
0.8688172043010752
0.8688172043010752
0.8688172043010752
0.8688172043010752
0.9526881720430107
0.8688172043010752
0.8688172043010752
0.8688172043010752
0.8688172043010752
0.9526881720430107
0.8688172043010752
0.8688172043010752
0.8688172043010752
0.8688172043010752
0.0
0.0
0.0
0.7053763440860215
0.7053763440860215
0.7053763440860215
0.0
0.0
0.0
0.0
0.43010752688172044
1.0
0.0
0.0
0.0
0.0
0.43010752688172044
1.0
0.0
0.0
0.0
0.2752688172043011
0.7053763440860215
0.7053763440860215
0.0
0.0
0.0
0.0
0.8602150537634409
0.8602150537634409
0.0
0.0
0.0
1.0
1.0
1.0
0.0
0.0
1.0
1.0
0.5376344086021505
1.0
0.0
0.0
1.0
0.610752688172043
1.0
0.610752688172043
0.0
1.0
0.9978494623655914
0.9978494623655914
0.9978494623655914
0.9978494623655914
0.0
0.0
0.0
0.0
1.0
0.4946236559139785
1.0
0.8602150537634409
0.43010752688172044
0.0
0.0
0.0
0.0
0.0
1.0
0.4946236559139785
1.0
0.8602150537634409
0.43010752688172044
0.0
1.0
0.0
1.0
0.0
0.0
1.0
0.0
0.0
1.0
0.4946236559139785
0.0
1.0
0.4946236559139785
0.0
1.0
0.0
0.0
0.0
1.0
0.4946236559139785
0.0
0.8064516129032258
0.8064516129032258
0.0
0.8064516129032258
0.8064516129032258
0.0
0.8064516129032258
0.8064516129032258
0.8064516129032258
0.8064516129032258
0.8064516129032258
0.0
0.0
0.8064516129032258
0.8064516129032258
0.8064516129032258
0.8064516129032258
0.8064516129032258
0.0
0.2752688172043011
0.2752688172043011
0.2752688172043011
0.2752688172043011
0.2752688172043011
0.0
0.2752688172043011
0.2752688172043011
0.2752688172043011
0.2752688172043011
0.2752688172043011
0.0
0.2752688172043011
0.2752688172043011
0.2752688172043011
0.2752688172043011
0.2752688172043011
0.0
0.0
0.0
0.0
0.2752688172043011
0.2752688172043011
0.2752688172043011
0.2752688172043011
0.2752688172043011
0.0
0.0
0.0
0.0
0.0
0.0
0.0
0.0
0.0
0.0
0.0
0.0
0.0
0.0
0.0
1.0
0.4946236559139785
1.0
0.4946236559139785
1.0
0.0
1.0
0.4946236559139785
1.0
0.4946236559139785
1.0
0.0
1.0
0.4946236559139785
1.0
0.4946236559139785
1.0
0.0
1.0
0.4946236559139785
1.0
0.4946236559139785
1.0
0.0
1.0
0.4946236559139785
1.0
0.0
1.0
0.4946236559139785
1.0
0.4946236559139785
0.0
1.0
0.4946236559139785
1.0
0.4946236559139785
0.0
1.0
0.4946236559139785
1.0
0.0
1.0
0.4946236559139785
1.0
0.4946236559139785
1.0
0.0
0.0
1.0
0.4946236559139785
1.0
0.0
1.0
0.4946236559139785
1.0
0.4946236559139785
1.0
0.0
1.0
1.0
0.8301075268817204
0.6623655913978495
1.0
0.0
1.0
0.4946236559139785
1.0
0.8301075268817204
0.6623655913978495
0.0
1.0
1.0
0.8301075268817204
0.6623655913978495
1.0
0.0
1.0
1.0
0.9376344086021505
0.7698924731182796
0.7698924731182796
0.0
1.0
0.8301075268817204
0.6623655913978495
1.0
0.6623655913978495
0.0
1.0
1.0
1.0
1.0
1.0
0.0
1.0
0.9978494623655914
0.8301075268817204
0.6623655913978495
1.0
0.0
1.0
0.8064516129032258
0.8064516129032258
0.8064516129032258
0.8064516129032258
0.0
1.0
0.8064516129032258
0.8064516129032258
0.8064516129032258
0.8064516129032258
0.0
1.0
1.0
0.9741935483870968
0.16774193548387098
1.0
0.0
1.0
1.0
0.9741935483870968
0.16774193548387098
1.0
0.0
1.0
0.8064516129032258
0.8064516129032258
0.8064516129032258
0.8064516129032258
0.0
1.0
1.0
0.9376344086021505
0.7698924731182796
0.7698924731182796
0.0
1.0
1.0
0.9376344086021505
0.7698924731182796
0.7698924731182796
0.0
1.0
1.0
1.0
1.0
1.0
0.0
1.0
1.0
1.0
1.0
1.0
0.0
1.0
1.0
1.0
1.0
1.0
0.0
1.0
1.0
1.0
1.0
1.0
0.0
1.0
1.0
1.0
1.0
1.0
0.0
1.0
1.0
1.0
1.0
1.0
0.0
1.0
1.0
1.0
1.0
1.0
0.0
1.0
1.0
1.0
1.0
1.0
0.0
1.0
1.0
1.0
1.0
1.0
0.0
1.0
1.0
1.0
1.0
1.0
0.0
1.0
1.0
1.0
1.0
1.0
0.0
1.0
1.0
1.0
1.0
1.0
0.0
0.4838709677419355
0.8193548387096774
0.6516129032258065
0.8193548387096774
0.0
0.0
0.0
0.4838709677419355
0.9139784946236559
0.9139784946236559
0.9139784946236559
0.0
0.4838709677419355
0.8193548387096774
0.6516129032258065
0.8193548387096774
0.0
0.8150537634408602
0.7311827956989247
0.4838709677419355
1.0
0.0
0.9526881720430107
0.9526881720430107
0.9526881720430107
0.9526881720430107
0.0
0.9526881720430107
0.9526881720430107
0.9526881720430107
0.9526881720430107
0.0
0.9526881720430107
0.9526881720430107
0.9526881720430107
0.9526881720430107
0.0
0.9526881720430107
0.9526881720430107
0.9526881720430107
0.9526881720430107
0.0
0.9526881720430107
0.9526881720430107
0.9526881720430107
0.9526881720430107
0.0
0.9526881720430107
0.9526881720430107
0.9526881720430107
0.9526881720430107
0.0
0.9526881720430107
0.9526881720430107
0.9526881720430107
0.9526881720430107
0.0
0.9526881720430107
0.9526881720430107
0.9526881720430107
0.9526881720430107
0.0
0.9526881720430107
0.9526881720430107
0.9526881720430107
0.9526881720430107
0.0
0.9526881720430107
0.9526881720430107
0.9526881720430107
0.9526881720430107
0.0
0.9526881720430107
0.9526881720430107
0.9526881720430107
0.9526881720430107
0.0
0.0
0.0
0.0
0.0
0.9526881720430107
0.9526881720430107
0.9526881720430107
0.9526881720430107
0.0
