0.9526881720430107
0.7376344086021506
0.7376344086021506
0.7376344086021506
0.7376344086021506
0.0
0.0
0.0
0.0
0.0
0.0
0.0
0.0
0.0
0.0
0.0
0.0
0.0
0.0
0.0
0.0
0.0
0.0
0.0
0.0
0.0
0.0
0.0
0.0
0.0
0.0
0.0
0.0
0.0
0.0
0.0
0.0
0.0
0.0
0.0
0.0
0.0
0.0
0.0
0.0
0.0
0.0
0.0
0.0
0.0
0.0
0.0
0.0
0.0
0.0
0.0
0.0
0.0
0.0
0.0
0.0
0.0
0.0
0.0
0.0
0.0
0.0
0.0
0.0
0.0
0.0
0.0
0.0
0.0
0.0
0.0
0.0
0.0
0.0
0.0
0.0
0.0
0.0
0.0
0.0
0.0
0.0
0.0
0.0
0.0
0.0
0.0
0.0
0.0
0.0
0.0
0.0
0.0
0.0
0.0
0.0
0.0
0.0
0.0
0.0
0.0
0.0
0.0
0.0
0.0
0.0
0.0
0.0
0.0
0.0
0.9526881720430107
0.7376344086021506
0.7376344086021506
0.7376344086021506
0.7376344086021506
0.9526881720430107
0.7376344086021506
0.7376344086021506
0.7376344086021506
0.7376344086021506
0.9526881720430107
0.7376344086021506
0.7376344086021506
0.7376344086021506
0.7376344086021506
0.0
0.0
0.0
0.0
0.0
0.0
0.0
0.0
0.0
0.0
0.0
0.0
0.0
0.0
0.0
0.0
0.0
0.0
0.0
0.0
0.0
0.0
0.0
0.0
0.0
0.0
0.0
0.0
0.0
0.0
0.0
0.0
0.0
0.0
0.0
0.0
0.0
0.0
0.0
1.0
0.8064516129032258
0.8064516129032258
0.0
0.0
0.4946236559139785
1.0
1.0
0.4946236559139785
0.0
0.0
1.0
0.8602150537634409
0.43010752688172044
1.0
0.0
0.0
0.0
0.0
1.0
0.5376344086021505
1.0
0.8129032258064516
0.5376344086021505
0.0
0.0
0.0
0.0
0.0
1.0
0.5376344086021505
1.0
0.8129032258064516
0.5376344086021505
0.0
1.0
0.0
1.0
0.0
0.0
1.0
0.0
0.0
1.0
0.5376344086021505
0.0
1.0
0.5376344086021505
0.0
1.0
0.0
0.0
0.0
1.0
0.0
0.5376344086021505
0.5376344086021505
0.0
0.5376344086021505
0.5376344086021505
0.0
0.5376344086021505
0.5376344086021505
0.5376344086021505
0.5376344086021505
0.5376344086021505
0.0
0.0
0.5376344086021505
0.5376344086021505
0.5376344086021505
0.5376344086021505
0.5376344086021505
0.0
0.8064516129032258
0.8064516129032258
0.8064516129032258
0.8064516129032258
0.8064516129032258
0.0
0.8064516129032258
0.8064516129032258
0.8064516129032258
0.8064516129032258
0.8064516129032258
0.0
0.8064516129032258
0.8064516129032258
0.8064516129032258
0.8064516129032258
0.8064516129032258
0.0
0.0
0.0
0.0
0.8064516129032258
0.8064516129032258
0.8064516129032258
0.8064516129032258
0.8064516129032258
0.0
0.0
0.0
0.0
0.0
0.0
0.0
0.0
0.0
0.0
0.0
0.0
0.0
0.0
0.0
1.0
0.8064516129032258
0.0
0.8064516129032258
0.0
0.0
1.0
0.8064516129032258
0.0
0.8064516129032258
0.0
0.0
1.0
0.8064516129032258
0.0
0.8064516129032258
0.0
1.0
0.8064516129032258
0.0
0.8064516129032258
0.0
0.0
1.0
0.8064516129032258
0.0
0.0
1.0
0.8064516129032258
0.0
0.8064516129032258
0.0
1.0
0.8064516129032258
0.0
0.8064516129032258
0.0
1.0
0.8064516129032258
0.0
0.0
1.0
0.8064516129032258
0.0
0.8064516129032258
0.0
0.0
0.0
1.0
0.8064516129032258
0.0
0.0
1.0
0.8064516129032258
0.0
0.8064516129032258
0.0
0.0
1.0
0.5032258064516129
1.0
0.5032258064516129
1.0
0.0
1.0
0.8301075268817204
0.6623655913978495
0.6623655913978495
1.0
0.0
1.0
0.9376344086021505
0.7698924731182796
0.7698924731182796
0.2752688172043011
0.0
1.0
1.0
1.0
0.4946236559139785
0.8064516129032258
0.0
0.0
1.0
0.5376344086021505
1.0
0.8064516129032258
0.0
0.0
1.0
1.0
0.4946236559139785
1.0
0.0
0.0
1.0
1.0
0.8064516129032258
0.8064516129032258
0.0
0.0
1.0
0.8064516129032258
0.0
1.0
0.0
0.0
1.0
0.8602150537634409
0.43010752688172044
1.0
0.0
0.0
0.8064516129032258
0.0
1.0
0.5376344086021505
0.0
0.0
0.8064516129032258
0.0
1.0
0.5376344086021505
0.0
0.0
1.0
1.0
0.43010752688172044
1.0
0.0
0.0
0.0
1.0
0.8064516129032258
0.8064516129032258
0.0
0.0
0.0
1.0
0.8064516129032258
0.8064516129032258
0.0
0.0
0.0
1.0
1.0
0.9741935483870968
0.0
0.0
0.0
1.0
0.7053763440860215
0.7053763440860215
0.0
0.0
0.0
1.0
1.0
0.5376344086021505
0.0
0.0
0.0
1.0
1.0
0.5376344086021505
0.0
0.0
0.0
1.0
1.0
0.5376344086021505
0.0
0.0
0.0
1.0
1.0
0.5032258064516129
0.0
0.0
0.0
0.0
0.0
0.8387096774193549
0.0
0.0
0.0
1.0
1.0
0.5376344086021505
0.0
0.0
0.0
1.0
1.0
0.5376344086021505
0.0
0.0
0.0
1.0
1.0
0.5376344086021505
0.0
0.0
0.0
1.0
1.0
0.5376344086021505
0.0
0.0
0.0
1.0
1.0
0.5376344086021505
0.0
0.5161290322580645
0.8516129032258064
0.6838709677419355
0.8516129032258064
0.0
0.0
0.0
0.5161290322580645
0.8516129032258064
0.6838709677419355
0.8516129032258064
0.0
0.5161290322580645
0.7913978494623656
0.7913978494623656
0.7913978494623656
0.0
0.8150537634408602
0.7311827956989247
0.4838709677419355
1.0
0.0
0.9526881720430107
0.9526881720430107
0.9526881720430107
0.9526881720430107
0.0
0.9526881720430107
0.9526881720430107
0.9526881720430107
0.9526881720430107
0.0
0.9526881720430107
0.9526881720430107
0.9526881720430107
0.9526881720430107
0.0
0.9526881720430107
0.9526881720430107
0.9526881720430107
0.9526881720430107
0.0
0.9526881720430107
0.9526881720430107
0.9526881720430107
0.9526881720430107
0.0
0.9526881720430107
0.9526881720430107
0.9526881720430107
0.9526881720430107
0.0
0.9526881720430107
0.9526881720430107
0.9526881720430107
0.9526881720430107
0.0
0.9526881720430107
0.9526881720430107
0.9526881720430107
0.9526881720430107
0.0
0.9526881720430107
0.9526881720430107
0.9526881720430107
0.9526881720430107
0.0
0.9526881720430107
0.9526881720430107
0.9526881720430107
0.9526881720430107
0.0
0.9526881720430107
0.9526881720430107
0.9526881720430107
0.9526881720430107
0.0
0.0
0.0
0.0
0.0
0.9526881720430107
0.9526881720430107
0.9526881720430107
0.9526881720430107
0.0
