0.9526881720430107
0.7376344086021506
0.7376344086021506
0.7376344086021506
0.7376344086021506
0.0
0.43010752688172044
0.886021505376344
0.886021505376344
0.886021505376344
0.886021505376344
0.0
0.0
1.0
1.0
1.0
1.0
0.0
0.0
0.7655913978494624
0.7655913978494624
0.7655913978494624
0.7655913978494624
0.0
0.0
0.16774193548387098
0.5978494623655914
0.8731182795698925
0.8731182795698925
0.0
0.43010752688172044
0.886021505376344
0.886021505376344
0.886021505376344
0.886021505376344
0.0
0.43010752688172044
0.886021505376344
0.886021505376344
0.886021505376344
0.886021505376344
0.0
0.43010752688172044
0.946236559139785
0.946236559139785
0.946236559139785
0.946236559139785
0.0
0.0
0.8387096774193549
0.8387096774193549
0.8387096774193549
0.8387096774193549
0.0
0.0
0.0
0.0
0.0
0.0
0.0
0.0
0.43010752688172044
0.886021505376344
0.886021505376344
0.886021505376344
0.886021505376344
0.0
0.0
0.0
0.43010752688172044
0.886021505376344
0.886021505376344
0.886021505376344
0.0
0.43010752688172044
0.886021505376344
0.886021505376344
0.886021505376344
0.886021505376344
0.0
0.43010752688172044
0.886021505376344
0.886021505376344
0.886021505376344
0.886021505376344
0.0
0.43010752688172044
0.886021505376344
0.886021505376344
0.886021505376344
0.886021505376344
0.0
0.0
0.0
0.0
0.0
0.0
0.0
0.0
0.0
0.0
0.0
0.0
0.0
0.0
0.0
0.0
0.0
0.0
0.0
0.0
0.0
0.0
0.0
0.0
0.9526881720430107
0.8150537634408602
0.8150537634408602
0.7311827956989247
0.7311827956989247
0.9526881720430107
0.8150537634408602
0.8150537634408602
0.7311827956989247
0.7311827956989247
0.9526881720430107
0.8150537634408602
0.8150537634408602
0.7311827956989247
0.7311827956989247
0.0
0.0
0.0
0.0
0.0
0.0
0.0
0.0
0.0
0.0
0.0
0.0
0.0
0.0
0.0
0.0
0.0
0.0
0.0
0.0
0.0
0.0
0.0
0.0
0.0
0.0
0.0
0.0
0.0
0.0
0.0
0.0
0.0
0.0
0.0
0.0
0.0
0.0
0.0
1.0
0.8064516129032258
0.8064516129032258
0.0
0.0
1.0
0.8064516129032258
0.8064516129032258
0.8064516129032258
0.0
0.0
1.0
0.5978494623655914
1.0
0.7655913978494624
0.0
0.0
0.0
0.0
1.0
0.8602150537634409
0.8602150537634409
0.8602150537634409
0.8602150537634409
0.0
0.0
0.0
0.0
0.0
1.0
0.8602150537634409
0.8602150537634409
0.8602150537634409
0.8602150537634409
0.0
1.0
0.0
1.0
0.0
0.0
1.0
0.0
0.0
1.0
0.8602150537634409
0.0
1.0
0.8602150537634409
0.0
1.0
0.0
0.0
0.0
1.0
0.0
0.43010752688172044
0.43010752688172044
0.0
0.43010752688172044
0.43010752688172044
0.0
0.43010752688172044
0.43010752688172044
0.43010752688172044
0.43010752688172044
0.43010752688172044
0.0
0.0
0.43010752688172044
0.43010752688172044
0.43010752688172044
0.43010752688172044
0.43010752688172044
0.0
0.8064516129032258
0.8064516129032258
0.8064516129032258
0.8064516129032258
0.8064516129032258
0.0
0.8064516129032258
0.8064516129032258
0.8064516129032258
0.8064516129032258
0.8064516129032258
0.0
0.8064516129032258
0.8064516129032258
0.8064516129032258
0.8064516129032258
0.8064516129032258
0.0
0.0
0.0
0.0
0.8064516129032258
0.8064516129032258
0.8064516129032258
0.8064516129032258
0.8064516129032258
0.0
0.0
0.0
0.0
0.0
0.0
0.0
0.0
0.0
0.0
0.0
0.0
0.0
0.0
0.0
1.0
0.8064516129032258
0.0
0.8064516129032258
0.0
0.0
1.0
0.8064516129032258
0.0
0.8064516129032258
0.0
0.0
1.0
0.8064516129032258
0.0
0.8064516129032258
0.0
1.0
0.8064516129032258
0.0
0.8064516129032258
0.0
0.0
1.0
0.8064516129032258
0.0
0.0
1.0
0.8064516129032258
0.0
0.8064516129032258
0.0
1.0
0.8064516129032258
0.0
0.8064516129032258
0.0
1.0
0.8064516129032258
0.0
0.0
1.0
0.8064516129032258
0.0
0.8064516129032258
0.0
0.0
0.0
1.0
0.8064516129032258
0.0
0.0
1.0
0.8064516129032258
0.0
0.8064516129032258
0.0
0.0
1.0
0.7698924731182796
0.4946236559139785
1.0
0.4946236559139785
0.0
1.0
0.4946236559139785
1.0
0.9376344086021505
0.6623655913978495
0.0
1.0
0.7698924731182796
0.4946236559139785
1.0
0.4946236559139785
0.0
1.0
0.7698924731182796
0.4946236559139785
1.0
0.4946236559139785
0.0
1.0
0.8731182795698925
0.7053763440860215
0.7053763440860215
0.7053763440860215
0.0
1.0
1.0
0.9376344086021505
0.7698924731182796
0.7698924731182796
0.0
1.0
1.0
0.9247311827956989
0.4946236559139785
1.0
0.0
1.0
1.0
1.0
1.0
0.2752688172043011
0.0
1.0
1.0
1.0
1.0
0.2752688172043011
0.0
1.0
0.8064516129032258
0.8064516129032258
0.8064516129032258
0.0
0.0
1.0
0.8064516129032258
0.8064516129032258
0.8064516129032258
0.0
0.0
1.0
1.0
1.0
1.0
0.2752688172043011
0.0
0.7698924731182796
0.7698924731182796
0.7698924731182796
0.7698924731182796
0.7698924731182796
0.0
0.7698924731182796
0.7698924731182796
0.7698924731182796
0.7698924731182796
0.7698924731182796
0.0
0.7698924731182796
0.7698924731182796
0.7698924731182796
0.7698924731182796
0.7698924731182796
0.0
0.7698924731182796
0.7698924731182796
0.7698924731182796
0.7698924731182796
0.7698924731182796
0.0
0.7698924731182796
0.7698924731182796
0.7698924731182796
0.7698924731182796
0.7698924731182796
0.0
0.7698924731182796
0.7698924731182796
0.7698924731182796
0.7698924731182796
0.7698924731182796
0.0
0.7698924731182796
0.7698924731182796
0.7698924731182796
0.7698924731182796
0.7698924731182796
0.0
0.7698924731182796
0.7698924731182796
0.7698924731182796
0.7698924731182796
0.7698924731182796
0.0
0.7698924731182796
0.7698924731182796
0.7698924731182796
0.7698924731182796
0.7698924731182796
0.0
0.7698924731182796
0.7698924731182796
0.7698924731182796
0.7698924731182796
0.7698924731182796
0.0
0.7698924731182796
0.7698924731182796
0.7698924731182796
0.7698924731182796
0.7698924731182796
0.0
0.7698924731182796
0.7698924731182796
0.7698924731182796
0.7698924731182796
0.7698924731182796
0.0
0.7698924731182796
0.7698924731182796
0.7698924731182796
0.7698924731182796
0.7698924731182796
0.0
0.7698924731182796
0.7698924731182796
0.7698924731182796
0.7698924731182796
0.7698924731182796
0.0
0.9526881720430107
0.5161290322580645
0.8516129032258064
0.6838709677419355
0.0
0.0
0.0
0.9526881720430107
0.9526881720430107
0.4838709677419355
0.7591397849462366
0.0
0.9526881720430107
0.5161290322580645
0.8516129032258064
0.6838709677419355
0.0
0.8150537634408602
0.7311827956989247
0.4838709677419355
1.0
0.0
0.9526881720430107
0.9526881720430107
0.9526881720430107
0.9526881720430107
0.0
0.9526881720430107
0.9526881720430107
0.9526881720430107
0.9526881720430107
0.0
0.9526881720430107
0.9526881720430107
0.9526881720430107
0.9526881720430107
0.0
0.9526881720430107
0.9526881720430107
0.9526881720430107
0.9526881720430107
0.0
0.9526881720430107
0.9526881720430107
0.9526881720430107
0.9526881720430107
0.0
0.9526881720430107
0.9526881720430107
0.9526881720430107
0.9526881720430107
0.0
0.9526881720430107
0.9526881720430107
0.9526881720430107
0.9526881720430107
0.0
0.9526881720430107
0.9526881720430107
0.9526881720430107
0.9526881720430107
0.0
0.9526881720430107
0.9526881720430107
0.9526881720430107
0.9526881720430107
0.0
0.9526881720430107
0.9526881720430107
0.9526881720430107
0.9526881720430107
0.0
0.9526881720430107
0.9526881720430107
0.9526881720430107
0.9526881720430107
0.0
0.0
0.0
0.0
0.0
0.9526881720430107
0.9526881720430107
0.9526881720430107
0.9526881720430107
0.0
