0.9774193548387097
0.8397849462365592
0.7559139784946236
0.7559139784946236
0.7559139784946236
0.9774193548387097
0.8397849462365592
0.7559139784946236
0.7559139784946236
0.7559139784946236
0.7559139784946236
0.9774193548387097
0.8397849462365592
0.7559139784946236
0.7559139784946236
0.7559139784946236
0.7559139784946236
0.9774193548387097
0.8397849462365592
0.7559139784946236
0.7559139784946236
0.7559139784946236
0.7559139784946236
0.9774193548387097
0.8397849462365592
0.7559139784946236
0.7559139784946236
0.7559139784946236
0.7559139784946236
0.9774193548387097
0.8397849462365592
0.7559139784946236
0.7559139784946236
0.7559139784946236
0.7559139784946236
0.9774193548387097
0.8397849462365592
0.7559139784946236
0.7559139784946236
0.7559139784946236
0.7559139784946236
0.9774193548387097
0.8397849462365592
0.7559139784946236
0.7559139784946236
0.7559139784946236
0.7559139784946236
0.9774193548387097
0.8397849462365592
0.7559139784946236
0.7559139784946236
0.7559139784946236
0.7559139784946236
0.9774193548387097
0.8397849462365592
0.7559139784946236
0.7559139784946236
0.7559139784946236
0.7559139784946236
0.9774193548387097
0.9774193548387097
0.8397849462365592
0.7559139784946236
0.7559139784946236
0.7559139784946236
0.7559139784946236
0.9774193548387097
0.9774193548387097
0.9774193548387097
0.8397849462365592
0.7559139784946236
0.7559139784946236
0.7559139784946236
0.7559139784946236
0.9774193548387097
0.8397849462365592
0.7559139784946236
0.7559139784946236
0.7559139784946236
0.7559139784946236
0.9774193548387097
0.8397849462365592
0.7559139784946236
0.7559139784946236
0.7559139784946236
0.7559139784946236
0.9774193548387097
0.8397849462365592
0.7559139784946236
0.7559139784946236
0.7559139784946236
0.7559139784946236
0.9774193548387097
0.8397849462365592
0.7559139784946236
0.7559139784946236
0.7559139784946236
0.7559139784946236
0.9774193548387097
0.8397849462365592
0.7559139784946236
0.7559139784946236
0.7559139784946236
0.7559139784946236
0.9774193548387097
0.8397849462365592
0.7559139784946236
0.7559139784946236
0.7559139784946236
0.7559139784946236
0.9774193548387097
0.8397849462365592
0.7559139784946236
0.7559139784946236
0.7559139784946236
0.7559139784946236
0.9774193548387097
0.8397849462365592
0.7559139784946236
0.7559139784946236
0.7559139784946236
0.9774193548387097
0.8397849462365592
0.7559139784946236
0.7559139784946236
0.7559139784946236
0.9774193548387097
0.8397849462365592
0.7559139784946236
0.7559139784946236
0.7559139784946236
0.9774193548387097
0.8397849462365592
0.7559139784946236
0.7559139784946236
0.7559139784946236
0.7559139784946236
0.9774193548387097
0.8397849462365592
0.7559139784946236
0.7559139784946236
0.7559139784946236
0.7559139784946236
0.9774193548387097
0.8397849462365592
0.7559139784946236
0.7559139784946236
0.7559139784946236
0.7559139784946236
0.9774193548387097
0.8397849462365592
0.7559139784946236
0.7559139784946236
0.7559139784946236
0.7559139784946236
0.9774193548387097
0.8397849462365592
0.7559139784946236
0.7559139784946236
0.7559139784946236
0.7559139784946236
0.9774193548387097
0.8397849462365592
0.7559139784946236
0.7559139784946236
0.7559139784946236
0.7559139784946236
0.9774193548387097
0.9774193548387097
0.9774193548387097
0.5741935483870968
0.5741935483870968
0.5741935483870968
0.9774193548387097
0.8397849462365592
0.624731182795699
0.624731182795699
0.624731182795699
0.624731182795699
0.9774193548387097
0.8935483870967742
0.678494623655914
1.0
0.678494623655914
1.0
0.9774193548387097
0.9774193548387097
0.9774193548387097
0.9774193548387097
0.5741935483870968
1.0
0.8838709677419355
0.7161290322580646
0.632258064516129
0.9774193548387097
0.9774193548387097
0.9774193548387097
0.9774193548387097
0.9774193548387097
0.5741935483870968
1.0
0.8838709677419355
0.7161290322580646
0.632258064516129
0.9774193548387097
0.5741935483870968
0.9774193548387097
0.5741935483870968
0.0
0.0
0.5741935483870968
0.0
0.0
0.5741935483870968
1.0
0.0
0.5741935483870968
1.0
0.8838709677419355
0.0
0.5741935483870968
0.0
0.0
0.0
0.5741935483870968
1.0
0.0
0.9774193548387097
0.9774193548387097
0.0
0.9774193548387097
0.9774193548387097
0.0
0.9774193548387097
0.9774193548387097
0.9774193548387097
0.9774193548387097
0.9774193548387097
0.0
0.0
0.9774193548387097
0.9774193548387097
0.9774193548387097
0.9774193548387097
0.9774193548387097
0.0
0.9774193548387097
0.9774193548387097
0.9774193548387097
0.9774193548387097
0.9774193548387097
0.0
0.9774193548387097
0.9774193548387097
0.9774193548387097
0.9774193548387097
0.9774193548387097
0.0
0.9774193548387097
0.9774193548387097
0.9774193548387097
0.9774193548387097
0.9774193548387097
0.0
0.0
0.0
0.0
0.9774193548387097
0.9774193548387097
0.9774193548387097
0.9774193548387097
0.9774193548387097
0.0
0.0
0.0
0.0
0.0
0.0
0.0
0.0
0.0
0.0
0.0
0.0
0.0
0.0
0.0
0.5741935483870968
0.896774193548387
0.7591397849462366
0.221505376344086
1.0
0.0
0.5741935483870968
0.896774193548387
0.7591397849462366
0.221505376344086
1.0
0.0
0.5741935483870968
0.896774193548387
0.7591397849462366
0.221505376344086
1.0
0.0
0.5741935483870968
0.896774193548387
0.7591397849462366
0.221505376344086
1.0
0.0
0.5741935483870968
0.896774193548387
0.7591397849462366
0.0
0.5741935483870968
0.896774193548387
0.7591397849462366
0.221505376344086
1.0
0.0
0.5741935483870968
0.896774193548387
0.7591397849462366
0.221505376344086
0.0
0.5741935483870968
0.896774193548387
0.7591397849462366
0.0
0.5741935483870968
0.896774193548387
0.7591397849462366
0.221505376344086
1.0
0.0
0.0
0.5741935483870968
0.896774193548387
0.7591397849462366
0.0
0.5741935483870968
0.896774193548387
0.7591397849462366
0.221505376344086
1.0
0.0
0.5741935483870968
0.789247311827957
0.6516129032258065
1.0
0.6516129032258065
0.0
0.5741935483870968
0.789247311827957
0.6516129032258065
0.6516129032258065
1.0
0.0
0.5408602150537635
0.5408602150537635
0.8161290322580645
0.5408602150537635
0.8161290322580645
0.0
0.5408602150537635
0.5408602150537635
0.7086021505376344
0.7086021505376344
0.7086021505376344
0.0
0.5408602150537635
0.5408602150537635
0.7086021505376344
0.7086021505376344
0.7086021505376344
0.0
0.5408602150537635
0.5408602150537635
0.7086021505376344
0.7086021505376344
0.7086021505376344
0.0
0.5408602150537635
0.5408602150537635
0.7086021505376344
0.7086021505376344
0.7086021505376344
0.0
0.5408602150537635
0.8161290322580645
0.8161290322580645
0.8161290322580645
0.4129032258064516
0.0
0.5408602150537635
0.5408602150537635
0.7086021505376344
0.7086021505376344
0.7086021505376344
0.0
0.5408602150537635
0.5408602150537635
0.7086021505376344
0.7086021505376344
0.7086021505376344
0.0
0.5408602150537635
0.5408602150537635
0.7086021505376344
0.7086021505376344
0.7086021505376344
0.0
0.5408602150537635
0.5408602150537635
0.7086021505376344
0.7086021505376344
0.7086021505376344
0.0
0.5408602150537635
0.8161290322580645
0.8161290322580645
0.8161290322580645
0.4129032258064516
0.0
0.5408602150537635
0.8161290322580645
0.8161290322580645
0.8161290322580645
0.4129032258064516
0.0
0.5408602150537635
0.7086021505376344
0.7086021505376344
0.7086021505376344
0.7086021505376344
0.0
0.5408602150537635
0.7086021505376344
0.7086021505376344
0.7086021505376344
0.7086021505376344
0.0
0.5408602150537635
0.7086021505376344
0.7086021505376344
0.7086021505376344
0.7086021505376344
0.0
0.5408602150537635
0.7086021505376344
0.7086021505376344
0.7086021505376344
0.7086021505376344
0.0
0.5408602150537635
0.7086021505376344
0.7086021505376344
0.7086021505376344
0.7086021505376344
0.0
0.5408602150537635
0.7086021505376344
0.7086021505376344
0.7086021505376344
0.7086021505376344
0.0
0.5408602150537635
0.7086021505376344
0.7086021505376344
0.7086021505376344
0.7086021505376344
0.0
0.5408602150537635
0.7086021505376344
0.7086021505376344
0.7086021505376344
0.7086021505376344
0.0
0.5408602150537635
0.7086021505376344
0.7086021505376344
0.7086021505376344
0.7086021505376344
0.0
0.5408602150537635
0.7086021505376344
0.7086021505376344
0.7086021505376344
0.7086021505376344
0.0
0.5408602150537635
0.7086021505376344
0.7086021505376344
0.7086021505376344
0.7086021505376344
0.0
0.5408602150537635
0.7086021505376344
0.7086021505376344
0.7086021505376344
0.7086021505376344
0.0
0.5408602150537635
0.7086021505376344
0.7086021505376344
0.7086021505376344
0.0
0.0
0.0
0.5408602150537635
0.7086021505376344
0.7086021505376344
0.7086021505376344
0.0
0.5408602150537635
0.7086021505376344
0.7086021505376344
0.7086021505376344
0.0
0.8397849462365592
0.7021505376344086
0.6182795698924731
1.0
0.0
0.9774193548387097
0.9774193548387097
0.9774193548387097
0.9774193548387097
0.0
0.9774193548387097
0.9774193548387097
0.9774193548387097
0.9774193548387097
0.0
0.9774193548387097
0.9774193548387097
0.9774193548387097
0.9774193548387097
0.0
0.9774193548387097
0.9774193548387097
0.9774193548387097
0.9774193548387097
0.0
0.9774193548387097
0.9774193548387097
0.9774193548387097
0.9774193548387097
0.0
0.9774193548387097
0.9774193548387097
0.9774193548387097
0.9774193548387097
0.0
0.9774193548387097
0.9774193548387097
0.9774193548387097
0.9774193548387097
0.0
0.9774193548387097
0.9774193548387097
0.9774193548387097
0.9774193548387097
0.0
0.9774193548387097
0.9774193548387097
0.9774193548387097
0.9774193548387097
0.0
0.9774193548387097
0.9774193548387097
0.9774193548387097
0.9774193548387097
0.0
0.9774193548387097
0.9774193548387097
0.9774193548387097
0.9774193548387097
0.0
0.0
0.5741935483870968
0.0
0.0
0.0
0.9774193548387097
0.9774193548387097
0.9774193548387097
0.9774193548387097
0.0
