0.8096774193548387
0.8096774193548387
0.8096774193548387
0.8096774193548387
0.8096774193548387
0.0
0.0
0.0
0.0
0.0
0.0
0.0
0.0
0.0
0.0
0.0
0.0
0.0
0.0
0.0
0.0
0.8096774193548387
0.8096774193548387
0.8096774193548387
0.8096774193548387
0.8096774193548387
0.0
0.0
0.0
0.0
0.0
0.0
0.0
0.0
0.0
0.0
0.0
0.0
0.0
0.0
0.0
1.0
0.9978494623655914
0.8301075268817204
0.0
0.8096774193548387
0.8096774193548387
0.5408602150537635
0.7086021505376344
0.0
0.6720430107526881
1.0
1.0
0.8397849462365592
0.0
0.8096774193548387
0.8096774193548387
0.8096774193548387
0.8096774193548387
0.0
0.8096774193548387
0.8096774193548387
0.8096774193548387
0.8096774193548387
0.0
0.8096774193548387
0.8096774193548387
0.8096774193548387
0.8096774193548387
0.0
0.8096774193548387
0.8096774193548387
0.8096774193548387
0.8096774193548387
0.0
0.8096774193548387
0.8096774193548387
0.8096774193548387
0.8096774193548387
0.0
0.8096774193548387
0.8096774193548387
0.8096774193548387
0.8096774193548387
0.0
0.8096774193548387
0.8096774193548387
0.8096774193548387
0.8096774193548387
0.0
0.8096774193548387
0.8096774193548387
0.8096774193548387
0.8096774193548387
0.0
0.8096774193548387
0.8096774193548387
0.8096774193548387
0.8096774193548387
0.0
0.8096774193548387
0.8096774193548387
0.8096774193548387
0.8096774193548387
0.0
0.8096774193548387
0.8096774193548387
0.8096774193548387
0.8096774193548387
0.0
0.0
0.0
0.0
0.0
0.0
0.0
0.0
0.0
0.0
