0.9526881720430107
0.8150537634408602
0.7311827956989247
0.7311827956989247
0.7311827956989247
0.9526881720430107
0.8150537634408602
0.7311827956989247
0.7311827956989247
0.7311827956989247
0.7311827956989247
0.9526881720430107
0.8150537634408602
0.7311827956989247
0.7311827956989247
0.7311827956989247
0.7311827956989247
0.9526881720430107
0.7376344086021506
0.7376344086021506
0.7376344086021506
0.7376344086021506
0.7376344086021506
0.9526881720430107
0.7376344086021506
0.7376344086021506
0.7376344086021506
0.7376344086021506
0.7376344086021506
0.9526881720430107
0.8150537634408602
0.7311827956989247
0.7311827956989247
0.7311827956989247
0.7311827956989247
0.9526881720430107
0.8150537634408602
0.7311827956989247
0.7311827956989247
0.7311827956989247
0.7311827956989247
0.9526881720430107
0.8150537634408602
0.7311827956989247
0.7311827956989247
0.7311827956989247
0.7311827956989247
0.9526881720430107
0.8150537634408602
0.7311827956989247
0.7311827956989247
0.7311827956989247
0.7311827956989247
0.9526881720430107
0.8150537634408602
0.7311827956989247
0.7311827956989247
0.7311827956989247
0.7311827956989247
0.9526881720430107
0.8150537634408602
0.9526881720430107
0.8150537634408602
0.7311827956989247
0.7311827956989247
0.7311827956989247
0.7311827956989247
0.9526881720430107
0.8150537634408602
0.9526881720430107
0.8150537634408602
0.9526881720430107
0.8150537634408602
0.7311827956989247
0.7311827956989247
0.7311827956989247
0.7311827956989247
0.9526881720430107
0.8150537634408602
0.7311827956989247
0.7311827956989247
0.7311827956989247
0.7311827956989247
0.9526881720430107
0.8150537634408602
0.7311827956989247
0.7311827956989247
0.7311827956989247
0.7311827956989247
0.9526881720430107
0.8150537634408602
0.7311827956989247
0.7311827956989247
0.7311827956989247
0.7311827956989247
0.9526881720430107
0.8688172043010752
0.8688172043010752
0.8688172043010752
0.8688172043010752
0.8688172043010752
0.9526881720430107
0.8688172043010752
0.8688172043010752
0.8688172043010752
0.8688172043010752
0.8688172043010752
0.9526881720430107
0.8688172043010752
0.8688172043010752
0.8688172043010752
0.8688172043010752
0.8688172043010752
0.9526881720430107
0.8688172043010752
0.8688172043010752
0.8688172043010752
0.8688172043010752
0.8688172043010752
0.9526881720430107
0.8688172043010752
0.8688172043010752
0.8688172043010752
0.8688172043010752
0.9526881720430107
0.8688172043010752
0.8688172043010752
0.7311827956989247
0.7311827956989247
0.9526881720430107
0.8688172043010752
0.8688172043010752
0.7311827956989247
0.7311827956989247
0.9526881720430107
0.8688172043010752
0.8688172043010752
0.8688172043010752
0.8688172043010752
0.8688172043010752
0.9526881720430107
0.8688172043010752
0.8688172043010752
0.8688172043010752
0.8688172043010752
0.8688172043010752
0.9526881720430107
0.8688172043010752
0.8688172043010752
0.8688172043010752
0.8688172043010752
0.8688172043010752
0.9526881720430107
0.8688172043010752
0.8688172043010752
0.8688172043010752
0.8688172043010752
0.8688172043010752
0.9526881720430107
0.8688172043010752
0.8688172043010752
0.8688172043010752
0.8688172043010752
0.8688172043010752
0.9526881720430107
0.8688172043010752
0.8688172043010752
0.8688172043010752
0.8688172043010752
0.8688172043010752
0.9526881720430107
0.9526881720430107
0.9526881720430107
0.6838709677419355
0.6838709677419355
0.6838709677419355
0.9526881720430107
0.8688172043010752
0.8688172043010752
0.8688172043010752
0.6
0.6
0.9526881720430107
0.8688172043010752
0.8688172043010752
0.8688172043010752
0.6
1.0
0.9526881720430107
0.8688172043010752
0.9526881720430107
0.8688172043010752
0.9526881720430107
0.8688172043010752
0.9526881720430107
0.8150537634408602
0.6
0.6
0.6
1.0
0.9526881720430107
0.8150537634408602
0.9526881720430107
0.8150537634408602
0.9526881720430107
0.8150537634408602
0.9526881720430107
0.8150537634408602
0.9526881720430107
0.8150537634408602
0.6
0.6
0.6
1.0
0.9526881720430107
0.8150537634408602
0.6
0.9526881720430107
0.8150537634408602
0.6
0.0
0.8150537634408602
0.0
0.8150537634408602
0.6
0.0
0.8150537634408602
0.0
0.8150537634408602
0.6
0.6
0.0
0.8150537634408602
0.6
0.6
0.0
0.8150537634408602
0.6
0.0
0.8150537634408602
0.0
0.8150537634408602
0.0
0.8150537634408602
0.6
0.0
0.8150537634408602
0.6
1.0
0.0
0.8150537634408602
0.6
1.0
0.0
0.8150537634408602
0.6
1.0
0.0
0.8150537634408602
0.6
1.0
0.0
0.8150537634408602
0.6
0.875268817204301
0.0
0.8150537634408602
0.6
1.0
0.0
0.8150537634408602
0.8150537634408602
0.0
0.8150537634408602
0.8150537634408602
0.0
0.8150537634408602
0.8150537634408602
0.8150537634408602
0.8150537634408602
0.8150537634408602
0.0
0.8150537634408602
0.0
0.8150537634408602
0.8150537634408602
0.8150537634408602
0.8150537634408602
0.8150537634408602
0.0
0.16774193548387098
0.0
0.16774193548387098
0.0
0.16774193548387098
0.0
0.16774193548387098
0.0
0.16774193548387098
0.0
0.16774193548387098
0.0
0.16774193548387098
0.0
0.4946236559139785
0.0
0.621505376344086
0.621505376344086
0.621505376344086
0.621505376344086
0.621505376344086
0.0
0.621505376344086
0.621505376344086
0.621505376344086
0.621505376344086
0.621505376344086
0.0
0.4946236559139785
0.0
0.4946236559139785
0.0
0.4946236559139785
0.0
0.4946236559139785
0.0
0.8688172043010752
0.8688172043010752
0.8688172043010752
0.0
0.8688172043010752
0.8688172043010752
0.8688172043010752
0.0
0.621505376344086
0.621505376344086
0.621505376344086
0.621505376344086
0.621505376344086
0.0
0.621505376344086
0.0
0.621505376344086
0.0
0.621505376344086
0.0
0.621505376344086
0.621505376344086
0.621505376344086
0.621505376344086
0.621505376344086
0.0
0.621505376344086
0.0
0.621505376344086
0.0
0.621505376344086
0.0
0.621505376344086
0.0
0.621505376344086
0.0
0.621505376344086
0.0
0.621505376344086
0.0
0.621505376344086
0.0
0.621505376344086
0.0
0.621505376344086
0.0
0.621505376344086
0.0
0.621505376344086
0.0
0.621505376344086
0.0
0.621505376344086
0.0
0.621505376344086
0.621505376344086
0.621505376344086
0.621505376344086
0.621505376344086
0.0
0.621505376344086
0.621505376344086
0.621505376344086
0.621505376344086
0.621505376344086
0.0
0.621505376344086
0.621505376344086
0.621505376344086
0.621505376344086
0.621505376344086
0.0
0.621505376344086
0.621505376344086
0.621505376344086
0.621505376344086
0.621505376344086
0.0
0.621505376344086
0.621505376344086
0.621505376344086
0.621505376344086
0.0
0.621505376344086
0.621505376344086
0.621505376344086
0.621505376344086
0.621505376344086
0.0
0.621505376344086
0.621505376344086
0.621505376344086
0.621505376344086
0.621505376344086
0.0
0.621505376344086
0.621505376344086
0.621505376344086
0.621505376344086
0.0
0.621505376344086
0.621505376344086
0.621505376344086
0.621505376344086
0.621505376344086
0.0
0.621505376344086
0.0
0.621505376344086
0.621505376344086
0.621505376344086
0.621505376344086
0.0
0.621505376344086
0.621505376344086
0.621505376344086
0.621505376344086
0.621505376344086
0.0
0.621505376344086
0.621505376344086
0.621505376344086
0.621505376344086
0.621505376344086
0.0
0.621505376344086
0.621505376344086
0.621505376344086
0.621505376344086
0.621505376344086
0.0
0.621505376344086
0.621505376344086
0.621505376344086
0.621505376344086
0.621505376344086
0.0
0.621505376344086
0.621505376344086
0.621505376344086
0.621505376344086
0.621505376344086
0.0
0.621505376344086
0.621505376344086
0.621505376344086
0.621505376344086
0.621505376344086
0.0
0.621505376344086
0.621505376344086
0.621505376344086
0.621505376344086
0.621505376344086
0.0
0.621505376344086
0.621505376344086
0.621505376344086
0.621505376344086
0.621505376344086
0.0
0.621505376344086
0.621505376344086
0.621505376344086
0.621505376344086
0.621505376344086
0.0
0.621505376344086
0.621505376344086
0.621505376344086
0.621505376344086
0.621505376344086
0.0
0.621505376344086
0.621505376344086
0.621505376344086
0.621505376344086
0.621505376344086
0.0
0.621505376344086
0.621505376344086
0.621505376344086
0.621505376344086
0.621505376344086
0.0
0.621505376344086
0.621505376344086
0.621505376344086
0.621505376344086
0.621505376344086
0.0
0.621505376344086
0.621505376344086
0.621505376344086
0.621505376344086
0.621505376344086
0.0
0.621505376344086
0.621505376344086
0.621505376344086
0.621505376344086
0.621505376344086
0.0
0.621505376344086
0.621505376344086
0.621505376344086
0.621505376344086
0.621505376344086
0.0
0.621505376344086
0.621505376344086
0.621505376344086
0.621505376344086
0.621505376344086
0.0
0.621505376344086
0.621505376344086
0.621505376344086
0.621505376344086
0.621505376344086
0.0
0.621505376344086
0.621505376344086
0.621505376344086
0.621505376344086
0.621505376344086
0.0
0.621505376344086
0.621505376344086
0.621505376344086
0.621505376344086
0.621505376344086
0.0
0.621505376344086
0.621505376344086
0.621505376344086
0.621505376344086
0.621505376344086
0.0
0.621505376344086
0.621505376344086
0.621505376344086
0.621505376344086
0.621505376344086
0.0
0.621505376344086
0.621505376344086
0.621505376344086
0.621505376344086
0.621505376344086
0.0
0.621505376344086
0.621505376344086
0.621505376344086
0.621505376344086
0.621505376344086
0.0
0.621505376344086
0.621505376344086
0.621505376344086
0.621505376344086
0.621505376344086
0.0
0.621505376344086
0.621505376344086
0.621505376344086
0.621505376344086
0.621505376344086
0.0
0.621505376344086
0.621505376344086
0.621505376344086
0.621505376344086
0.621505376344086
0.0
0.621505376344086
0.621505376344086
0.621505376344086
0.621505376344086
0.0
0.621505376344086
0.0
0.621505376344086
0.621505376344086
0.621505376344086
0.621505376344086
0.0
0.621505376344086
0.621505376344086
0.621505376344086
0.621505376344086
0.0
0.8150537634408602
0.7311827956989247
0.4838709677419355
0.4838709677419355
0.0
0.9526881720430107
0.9526881720430107
0.9526881720430107
0.9526881720430107
0.0
0.9526881720430107
0.9526881720430107
0.9526881720430107
0.9526881720430107
0.0
0.9526881720430107
0.9526881720430107
0.9526881720430107
0.9526881720430107
0.0
0.9526881720430107
0.9526881720430107
0.9526881720430107
0.9526881720430107
0.0
0.9526881720430107
0.9526881720430107
0.9526881720430107
0.9526881720430107
0.0
0.9526881720430107
0.9526881720430107
0.9526881720430107
0.9526881720430107
0.0
0.9526881720430107
0.9526881720430107
0.9526881720430107
0.9526881720430107
0.0
0.9526881720430107
0.9526881720430107
0.9526881720430107
0.9526881720430107
0.0
0.9526881720430107
0.9526881720430107
0.9526881720430107
0.9526881720430107
0.0
0.9526881720430107
0.9526881720430107
0.9526881720430107
0.9526881720430107
0.0
0.9526881720430107
0.9526881720430107
0.9526881720430107
0.9526881720430107
0.0
0.0
0.6838709677419355
0.0
0.0
0.0
0.0
0.0
0.0
0.0
0.0
0.9526881720430107
0.0
0.9526881720430107
0.9526881720430107
0.9526881720430107
0.9526881720430107
0.5376344086021505
0.0
0.6838709677419355
