0.9526881720430107
0.7376344086021506
0.7376344086021506
0.7376344086021506
0.7376344086021506
0.9526881720430107
0.7376344086021506
0.7376344086021506
0.7376344086021506
0.7376344086021506
0.7376344086021506
0.9526881720430107
0.7376344086021506
0.7376344086021506
0.7376344086021506
0.7376344086021506
0.7376344086021506
0.9526881720430107
0.7376344086021506
0.7376344086021506
0.7376344086021506
0.7376344086021506
0.7376344086021506
0.9526881720430107
0.7376344086021506
0.7376344086021506
0.7376344086021506
0.7376344086021506
0.7376344086021506
0.9526881720430107
0.7376344086021506
0.7376344086021506
0.7376344086021506
0.7376344086021506
0.7376344086021506
0.9526881720430107
0.7376344086021506
0.7376344086021506
0.7376344086021506
0.7376344086021506
0.7376344086021506
0.9526881720430107
0.7376344086021506
0.7376344086021506
0.7376344086021506
0.7376344086021506
0.7376344086021506
0.9526881720430107
0.8150537634408602
0.7311827956989247
0.7311827956989247
0.7311827956989247
0.7311827956989247
0.9526881720430107
0.8150537634408602
0.7311827956989247
0.7311827956989247
0.7311827956989247
0.7311827956989247
0.9526881720430107
0.7376344086021506
0.9526881720430107
0.7376344086021506
0.7376344086021506
0.7376344086021506
0.7376344086021506
0.7376344086021506
0.9526881720430107
0.7376344086021506
0.9526881720430107
0.7376344086021506
0.9526881720430107
0.7376344086021506
0.7376344086021506
0.7376344086021506
0.7376344086021506
0.7376344086021506
0.9526881720430107
0.7376344086021506
0.7376344086021506
0.7376344086021506
0.7376344086021506
0.7376344086021506
0.9526881720430107
0.7376344086021506
0.7376344086021506
0.7376344086021506
0.7376344086021506
0.7376344086021506
0.9526881720430107
0.7376344086021506
0.7376344086021506
0.7376344086021506
0.7376344086021506
0.7376344086021506
0.9526881720430107
0.7376344086021506
0.7376344086021506
0.7376344086021506
0.7376344086021506
0.7376344086021506
0.9526881720430107
0.7376344086021506
0.7376344086021506
0.7376344086021506
0.7376344086021506
0.7376344086021506
0.9526881720430107
0.7376344086021506
0.7376344086021506
0.7376344086021506
0.7376344086021506
0.7376344086021506
0.9526881720430107
0.7376344086021506
0.7376344086021506
0.7376344086021506
0.7376344086021506
0.7376344086021506
0.9526881720430107
0.7376344086021506
0.7376344086021506
0.7376344086021506
0.7376344086021506
0.9526881720430107
0.7376344086021506
0.7376344086021506
0.7376344086021506
0.7376344086021506
0.9526881720430107
0.7376344086021506
0.7376344086021506
0.7376344086021506
0.7376344086021506
0.9526881720430107
0.7376344086021506
0.7376344086021506
0.7376344086021506
0.7376344086021506
0.7376344086021506
0.9526881720430107
0.7376344086021506
0.7376344086021506
0.7376344086021506
0.7376344086021506
0.7376344086021506
0.9526881720430107
0.7376344086021506
0.7376344086021506
0.7376344086021506
0.7376344086021506
0.7376344086021506
0.9526881720430107
0.8688172043010752
0.8688172043010752
0.8688172043010752
0.8688172043010752
0.8688172043010752
0.9526881720430107
0.8688172043010752
0.8688172043010752
0.8688172043010752
0.8688172043010752
0.8688172043010752
0.9526881720430107
0.7376344086021506
0.7376344086021506
0.7376344086021506
0.7376344086021506
0.7376344086021506
0.9526881720430107
0.9526881720430107
0.9526881720430107
0.6838709677419355
0.6838709677419355
0.6838709677419355
0.9526881720430107
0.7376344086021506
0.7376344086021506
0.6537634408602151
0.6537634408602151
0.6537634408602151
0.9526881720430107
0.7376344086021506
0.7376344086021506
0.6537634408602151
1.0
0.8150537634408602
0.9526881720430107
0.7376344086021506
0.9526881720430107
0.7376344086021506
0.9526881720430107
0.7376344086021506
0.9526881720430107
0.7376344086021506
0.49032258064516127
1.0
0.7591397849462366
0.621505376344086
0.9526881720430107
0.7376344086021506
0.9526881720430107
0.7376344086021506
0.9526881720430107
0.7376344086021506
0.9526881720430107
0.7376344086021506
0.9526881720430107
0.7376344086021506
0.49032258064516127
1.0
0.7591397849462366
0.621505376344086
0.9526881720430107
0.7376344086021506
0.49032258064516127
0.9526881720430107
0.7376344086021506
0.49032258064516127
0.0
0.7376344086021506
0.0
0.7376344086021506
0.49032258064516127
0.0
0.7376344086021506
0.0
0.7376344086021506
0.49032258064516127
1.0
0.0
0.7376344086021506
0.49032258064516127
1.0
0.0
0.7376344086021506
0.49032258064516127
0.0
0.7376344086021506
0.0
0.7376344086021506
0.0
0.7376344086021506
0.49032258064516127
0.0
0.7376344086021506
0.7376344086021506
0.0
0.7376344086021506
0.7376344086021506
0.0
0.7376344086021506
0.7376344086021506
0.7376344086021506
0.7376344086021506
0.7376344086021506
0.0
0.7376344086021506
0.0
0.7376344086021506
0.7376344086021506
0.7376344086021506
0.7376344086021506
0.7376344086021506
0.0
0.621505376344086
0.621505376344086
0.621505376344086
0.621505376344086
0.621505376344086
0.0
0.621505376344086
0.621505376344086
0.621505376344086
0.621505376344086
0.621505376344086
0.0
0.621505376344086
0.621505376344086
0.621505376344086
0.621505376344086
0.621505376344086
0.0
0.621505376344086
0.0
0.621505376344086
0.0
0.621505376344086
0.0
0.621505376344086
0.621505376344086
0.621505376344086
0.621505376344086
0.621505376344086
0.0
0.621505376344086
0.0
0.621505376344086
0.0
0.621505376344086
0.0
0.621505376344086
0.0
0.621505376344086
0.0
0.621505376344086
0.0
0.621505376344086
0.0
0.621505376344086
0.0
0.621505376344086
0.0
0.621505376344086
0.0
0.621505376344086
0.0
0.621505376344086
0.0
0.621505376344086
0.0
0.621505376344086
0.0
0.621505376344086
0.9010752688172043
0.632258064516129
1.0
0.632258064516129
0.0
0.621505376344086
0.9010752688172043
0.632258064516129
1.0
0.632258064516129
0.0
0.621505376344086
0.9010752688172043
0.632258064516129
1.0
0.632258064516129
0.0
0.621505376344086
0.9010752688172043
0.632258064516129
1.0
0.632258064516129
0.0
0.621505376344086
0.9010752688172043
0.632258064516129
1.0
0.0
0.621505376344086
0.9010752688172043
0.632258064516129
1.0
0.632258064516129
0.0
0.621505376344086
0.9010752688172043
0.632258064516129
1.0
0.632258064516129
0.0
0.621505376344086
0.9010752688172043
0.632258064516129
1.0
0.0
0.621505376344086
0.9010752688172043
0.632258064516129
1.0
0.632258064516129
0.0
0.621505376344086
0.0
0.621505376344086
0.9010752688172043
0.632258064516129
1.0
0.0
0.621505376344086
0.9010752688172043
0.632258064516129
1.0
0.632258064516129
0.0
0.621505376344086
0.9010752688172043
0.632258064516129
1.0
0.632258064516129
0.0
0.621505376344086
0.8365591397849462
0.567741935483871
1.0
0.567741935483871
0.0
0.621505376344086
0.9010752688172043
0.632258064516129
1.0
0.632258064516129
0.0
0.621505376344086
0.9010752688172043
0.632258064516129
1.0
0.632258064516129
0.0
0.621505376344086
0.9010752688172043
0.632258064516129
1.0
0.632258064516129
0.0
0.621505376344086
0.8365591397849462
0.567741935483871
1.0
0.567741935483871
0.0
0.621505376344086
0.9010752688172043
0.632258064516129
1.0
0.632258064516129
0.0
0.621505376344086
0.8494623655913979
0.5806451612903226
1.0
0.5806451612903226
0.0
0.621505376344086
0.8365591397849462
0.567741935483871
1.0
0.567741935483871
0.0
0.621505376344086
0.8365591397849462
0.567741935483871
1.0
0.567741935483871
0.0
0.621505376344086
0.8365591397849462
0.567741935483871
1.0
0.567741935483871
0.0
0.621505376344086
0.8365591397849462
0.567741935483871
1.0
0.567741935483871
0.0
0.621505376344086
0.621505376344086
0.621505376344086
0.621505376344086
0.621505376344086
0.0
0.621505376344086
0.621505376344086
0.621505376344086
0.621505376344086
0.621505376344086
0.0
0.621505376344086
0.621505376344086
0.621505376344086
0.621505376344086
0.621505376344086
0.0
0.621505376344086
0.621505376344086
0.621505376344086
0.621505376344086
0.621505376344086
0.0
0.621505376344086
0.621505376344086
0.621505376344086
0.621505376344086
0.621505376344086
0.0
0.621505376344086
0.621505376344086
0.621505376344086
0.621505376344086
0.621505376344086
0.0
0.621505376344086
0.621505376344086
0.621505376344086
0.621505376344086
0.621505376344086
0.0
0.621505376344086
0.621505376344086
0.621505376344086
0.621505376344086
0.621505376344086
0.0
0.621505376344086
0.621505376344086
0.621505376344086
0.621505376344086
0.621505376344086
0.0
0.621505376344086
0.621505376344086
0.621505376344086
0.621505376344086
0.621505376344086
0.0
0.621505376344086
0.621505376344086
0.621505376344086
0.621505376344086
0.621505376344086
0.0
0.621505376344086
0.621505376344086
0.621505376344086
0.621505376344086
0.621505376344086
0.0
0.621505376344086
0.621505376344086
0.621505376344086
0.621505376344086
0.621505376344086
0.0
0.621505376344086
0.621505376344086
0.621505376344086
0.621505376344086
0.621505376344086
0.0
0.621505376344086
0.621505376344086
0.621505376344086
0.621505376344086
0.0
0.16774193548387098
0.0
0.621505376344086
0.621505376344086
0.621505376344086
0.621505376344086
0.0
0.621505376344086
0.621505376344086
0.621505376344086
0.621505376344086
0.0
0.8150537634408602
0.7311827956989247
0.4838709677419355
0.4838709677419355
0.0
0.9526881720430107
0.9526881720430107
0.9526881720430107
0.9526881720430107
0.0
0.9526881720430107
0.9526881720430107
0.9526881720430107
0.9526881720430107
0.0
0.9526881720430107
0.9526881720430107
0.9526881720430107
0.9526881720430107
0.0
0.9526881720430107
0.9526881720430107
0.9526881720430107
0.9526881720430107
0.0
0.9526881720430107
0.9526881720430107
0.9526881720430107
0.9526881720430107
0.0
0.9526881720430107
0.9526881720430107
0.9526881720430107
0.9526881720430107
0.0
0.9526881720430107
0.9526881720430107
0.9526881720430107
0.9526881720430107
0.0
0.9526881720430107
0.9526881720430107
0.9526881720430107
0.9526881720430107
0.0
0.9526881720430107
0.9526881720430107
0.9526881720430107
0.9526881720430107
0.0
0.9526881720430107
0.9526881720430107
0.9526881720430107
0.9526881720430107
0.0
0.9526881720430107
0.9526881720430107
0.9526881720430107
0.9526881720430107
0.0
0.0
0.6838709677419355
0.0
0.0
0.0
0.0
0.0
0.0
0.0
0.0
0.9526881720430107
0.0
0.9526881720430107
0.9526881720430107
0.9526881720430107
0.9526881720430107
0.0
0.0
0.6838709677419355
