0.9774193548387097
0.7086021505376344
0.7086021505376344
0.7086021505376344
0.7086021505376344
0.9774193548387097
0.7086021505376344
0.7086021505376344
0.7086021505376344
0.7086021505376344
0.7086021505376344
0.9774193548387097
0.7086021505376344
0.7086021505376344
0.7086021505376344
0.7086021505376344
0.7086021505376344
0.9774193548387097
0.7086021505376344
0.7086021505376344
0.7086021505376344
0.7086021505376344
0.7086021505376344
0.9774193548387097
0.7086021505376344
0.7086021505376344
0.7086021505376344
0.7086021505376344
0.7086021505376344
0.9774193548387097
0.7086021505376344
0.7086021505376344
0.7086021505376344
0.7086021505376344
0.7086021505376344
0.9774193548387097
0.7086021505376344
0.7086021505376344
0.7086021505376344
0.7086021505376344
0.7086021505376344
0.9774193548387097
0.7086021505376344
0.7086021505376344
0.7086021505376344
0.7086021505376344
0.7086021505376344
0.9774193548387097
0.7086021505376344
0.7086021505376344
0.7086021505376344
0.7086021505376344
0.7086021505376344
0.9774193548387097
0.7086021505376344
0.7086021505376344
0.7086021505376344
0.7086021505376344
0.7086021505376344
0.9774193548387097
0.7086021505376344
0.9774193548387097
0.7086021505376344
0.7086021505376344
0.7086021505376344
0.7086021505376344
0.7086021505376344
0.9774193548387097
0.7086021505376344
0.9774193548387097
0.9774193548387097
0.7086021505376344
0.7086021505376344
0.7086021505376344
0.7086021505376344
0.7086021505376344
0.9774193548387097
0.7086021505376344
0.7086021505376344
0.7086021505376344
0.7086021505376344
0.7086021505376344
0.9774193548387097
0.7086021505376344
0.7086021505376344
0.7086021505376344
0.7086021505376344
0.7086021505376344
0.9774193548387097
0.7086021505376344
0.7086021505376344
0.7086021505376344
0.7086021505376344
0.7086021505376344
0.9774193548387097
0.8397849462365592
0.7559139784946236
0.7559139784946236
0.7559139784946236
0.7559139784946236
0.9774193548387097
0.8397849462365592
0.7559139784946236
0.7559139784946236
0.7559139784946236
0.7559139784946236
0.9774193548387097
0.8397849462365592
0.7559139784946236
0.7559139784946236
0.7559139784946236
0.7559139784946236
0.9774193548387097
0.8397849462365592
0.7559139784946236
0.7559139784946236
0.7559139784946236
0.7559139784946236
0.9774193548387097
0.8397849462365592
0.7559139784946236
0.7559139784946236
0.7559139784946236
0.9774193548387097
0.8397849462365592
0.7559139784946236
0.7559139784946236
0.7559139784946236
0.9774193548387097
0.8397849462365592
0.7559139784946236
0.7559139784946236
0.7559139784946236
0.9774193548387097
0.8397849462365592
0.7559139784946236
0.7559139784946236
0.7559139784946236
0.7559139784946236
0.9774193548387097
0.8397849462365592
0.7559139784946236
0.7559139784946236
0.7559139784946236
0.7559139784946236
0.9774193548387097
0.8397849462365592
0.7559139784946236
0.7559139784946236
0.7559139784946236
0.7559139784946236
0.9774193548387097
0.8397849462365592
0.7559139784946236
0.7559139784946236
0.7559139784946236
0.7559139784946236
0.9774193548387097
0.8397849462365592
0.7559139784946236
0.7559139784946236
0.7559139784946236
0.7559139784946236
0.9774193548387097
0.8397849462365592
0.7559139784946236
0.7559139784946236
0.7559139784946236
0.7559139784946236
0.9774193548387097
0.9774193548387097
0.9774193548387097
0.9774193548387097
0.9774193548387097
0.9774193548387097
0.9774193548387097
0.8397849462365592
0.5709677419354838
0.5709677419354838
0.5709677419354838
0.5709677419354838
0.9774193548387097
0.8935483870967742
0.624731182795699
1.0
0.624731182795699
1.0
0.9774193548387097
0.9774193548387097
0.9774193548387097
0.9774193548387097
0.7086021505376344
0.624731182795699
1.0
0.624731182795699
1.0
0.9774193548387097
0.7086021505376344
0.9774193548387097
0.9774193548387097
0.7086021505376344
0.9774193548387097
0.9774193548387097
0.7086021505376344
0.624731182795699
1.0
0.624731182795699
1.0
0.9774193548387097
0.7086021505376344
0.9774193548387097
0.7086021505376344
0.624731182795699
0.0
0.0
0.7086021505376344
0.624731182795699
0.0
0.0
0.7086021505376344
0.624731182795699
1.0
0.0
0.7086021505376344
0.624731182795699
1.0
0.0
0.7086021505376344
0.624731182795699
0.0
0.0
0.0
0.7086021505376344
0.624731182795699
0.0
0.9774193548387097
0.9774193548387097
0.0
0.9774193548387097
0.9774193548387097
0.0
0.9774193548387097
0.9774193548387097
0.9774193548387097
0.9774193548387097
0.9774193548387097
0.0
0.0
0.9774193548387097
0.9774193548387097
0.9774193548387097
0.9774193548387097
0.9774193548387097
0.0
0.9774193548387097
0.9774193548387097
0.9774193548387097
0.9774193548387097
0.9774193548387097
0.0
0.9774193548387097
0.9774193548387097
0.9774193548387097
0.9774193548387097
0.9774193548387097
0.0
0.9774193548387097
0.9774193548387097
0.9774193548387097
0.9774193548387097
0.9774193548387097
0.0
0.0
0.0
0.0
0.9774193548387097
0.9774193548387097
0.9774193548387097
0.9774193548387097
0.9774193548387097
0.0
0.0
0.0
0.0
0.0
0.0
0.0
0.0
0.0
0.0
0.0
0.0
0.6720430107526881
0.0
0.6720430107526881
0.0
0.0
0.6720430107526881
0.8333333333333334
0.43010752688172044
1.0
0.43010752688172044
0.0
0.6720430107526881
0.8333333333333334
0.43010752688172044
1.0
0.43010752688172044
0.0
0.6720430107526881
0.8333333333333334
0.43010752688172044
1.0
0.43010752688172044
0.0
0.6720430107526881
0.8333333333333334
0.43010752688172044
1.0
0.43010752688172044
0.0
0.6720430107526881
0.8333333333333334
0.43010752688172044
0.0
0.6720430107526881
0.8333333333333334
0.43010752688172044
1.0
0.43010752688172044
0.0
0.6720430107526881
0.8333333333333334
0.43010752688172044
1.0
0.43010752688172044
0.0
0.6720430107526881
0.8333333333333334
0.43010752688172044
0.0
0.6720430107526881
0.8333333333333334
0.43010752688172044
1.0
0.43010752688172044
0.0
0.6720430107526881
0.0
0.6720430107526881
0.8333333333333334
0.43010752688172044
0.0
0.6720430107526881
0.8333333333333334
0.43010752688172044
1.0
0.43010752688172044
0.0
0.6720430107526881
0.8333333333333334
0.43010752688172044
1.0
0.43010752688172044
0.0
0.6720430107526881
0.8978494623655914
0.8978494623655914
0.4946236559139785
0.8064516129032258
0.0
0.6720430107526881
0.8333333333333334
0.8333333333333334
0.43010752688172044
1.0
0.0
0.6720430107526881
0.8333333333333334
0.8333333333333334
0.4032258064516129
0.9408602150537635
0.0
0.6720430107526881
0.8333333333333334
0.8333333333333334
0.4032258064516129
0.8333333333333334
0.0
0.6720430107526881
0.678494623655914
0.8462365591397849
0.678494623655914
0.8462365591397849
0.0
0.6720430107526881
0.678494623655914
0.8462365591397849
0.678494623655914
0.953763440860215
0.0
0.6720430107526881
0.8333333333333334
0.8333333333333334
0.8333333333333334
0.4032258064516129
0.0
0.6720430107526881
0.8333333333333334
0.8333333333333334
0.8333333333333334
0.4032258064516129
0.0
0.6720430107526881
0.678494623655914
0.8462365591397849
0.678494623655914
0.678494623655914
0.0
0.6720430107526881
0.678494623655914
0.8462365591397849
0.678494623655914
0.678494623655914
0.0
0.6720430107526881
0.8333333333333334
0.8333333333333334
0.8333333333333334
0.4032258064516129
0.0
0.6720430107526881
0.8462365591397849
0.678494623655914
0.678494623655914
0.678494623655914
0.0
0.6720430107526881
0.8462365591397849
0.678494623655914
0.678494623655914
0.8462365591397849
0.0
0.6720430107526881
0.7387096774193549
0.7387096774193549
0.7387096774193549
0.5709677419354838
0.0
0.6720430107526881
0.7387096774193549
0.7387096774193549
0.7387096774193549
0.5709677419354838
0.0
0.6720430107526881
0.7387096774193549
0.7387096774193549
0.7387096774193549
0.5709677419354838
0.0
0.6720430107526881
0.6720430107526881
0.6720430107526881
0.6720430107526881
0.9408602150537635
0.0
0.6720430107526881
0.6720430107526881
0.6720430107526881
0.6720430107526881
0.9408602150537635
0.0
0.6720430107526881
0.6720430107526881
0.6720430107526881
0.6720430107526881
0.7387096774193549
0.0
0.6720430107526881
0.6720430107526881
0.6720430107526881
0.6720430107526881
0.6720430107526881
0.0
0.6720430107526881
0.6720430107526881
0.6720430107526881
0.6720430107526881
0.9408602150537635
0.0
0.6720430107526881
0.6720430107526881
0.6720430107526881
0.6720430107526881
0.9408602150537635
0.0
0.6720430107526881
0.6720430107526881
0.6720430107526881
0.6720430107526881
0.9408602150537635
0.0
0.6720430107526881
0.6720430107526881
0.6720430107526881
0.6720430107526881
0.9408602150537635
0.0
0.6720430107526881
0.6720430107526881
0.6720430107526881
0.6720430107526881
0.9408602150537635
0.0
0.6720430107526881
0.6720430107526881
0.6720430107526881
0.6720430107526881
0.0
0.0
0.0
0.6720430107526881
0.6720430107526881
0.6720430107526881
0.6720430107526881
0.0
0.6720430107526881
0.6720430107526881
0.6720430107526881
0.6720430107526881
0.0
0.8397849462365592
0.7559139784946236
0.6720430107526881
0.6720430107526881
0.0
0.9774193548387097
0.9774193548387097
0.9774193548387097
0.9774193548387097
0.0
0.9774193548387097
0.9774193548387097
0.9774193548387097
0.9774193548387097
0.0
0.9774193548387097
0.9774193548387097
0.9774193548387097
0.9774193548387097
0.0
0.9774193548387097
0.9774193548387097
0.9774193548387097
0.9774193548387097
0.0
0.9774193548387097
0.9774193548387097
0.9774193548387097
0.9774193548387097
0.0
0.9774193548387097
0.9774193548387097
0.9774193548387097
0.9774193548387097
0.0
0.9774193548387097
0.9774193548387097
0.9774193548387097
0.9774193548387097
0.0
0.9774193548387097
0.9774193548387097
0.9774193548387097
0.9774193548387097
0.0
0.9774193548387097
0.9774193548387097
0.9774193548387097
0.9774193548387097
0.0
0.9774193548387097
0.9774193548387097
0.9774193548387097
0.9774193548387097
0.0
0.9774193548387097
0.9774193548387097
0.9774193548387097
0.9774193548387097
0.0
0.0
0.5741935483870968
0.0
0.0
0.0
0.9774193548387097
0.9774193548387097
0.9774193548387097
0.9774193548387097
0.0
