0.9774193548387097
0.8397849462365592
0.7559139784946236
0.7559139784946236
0.7559139784946236
0.0
1.0
1.0
1.0
1.0
1.0
0.0
1.0
1.0
1.0
1.0
1.0
0.0
0.9806451612903225
0.9806451612903225
0.9806451612903225
0.9806451612903225
0.9806451612903225
0.0
1.0
1.0
1.0
1.0
1.0
0.0
1.0
1.0
1.0
1.0
1.0
0.0
1.0
1.0
1.0
1.0
1.0
0.0
1.0
1.0
1.0
1.0
1.0
0.0
1.0
1.0
1.0
1.0
1.0
0.0
0.443010752688172
1.0
1.0
1.0
1.0
0.0
0.0
1.0
1.0
1.0
1.0
1.0
0.0
0.0
0.0
1.0
1.0
1.0
1.0
0.0
1.0
1.0
1.0
1.0
1.0
0.0
1.0
1.0
1.0
1.0
1.0
0.0
1.0
1.0
1.0
1.0
1.0
0.0
0.0
1.0
1.0
1.0
1.0
0.0
0.0
1.0
1.0
1.0
1.0
0.0
0.0
1.0
1.0
1.0
1.0
0.0
0.0
1.0
1.0
1.0
1.0
0.9774193548387097
0.8935483870967742
0.8935483870967742
0.8935483870967742
0.7559139784946236
0.9774193548387097
0.8935483870967742
0.7559139784946236
0.7559139784946236
0.7559139784946236
0.9774193548387097
0.8935483870967742
0.7559139784946236
0.7559139784946236
0.7559139784946236
0.0
0.0
1.0
1.0
1.0
1.0
0.0
0.0
1.0
1.0
1.0
1.0
0.0
0.0
1.0
1.0
1.0
1.0
0.0
0.0
1.0
1.0
1.0
1.0
0.0
0.0
0.5032258064516129
1.0
1.0
1.0
0.0
0.0
1.0
1.0
1.0
1.0
0.0
0.0
1.0
1.0
0.8064516129032258
0.8064516129032258
0.0
1.0
0.9741935483870968
0.8064516129032258
0.8064516129032258
0.0
0.0
0.8387096774193549
0.6709677419354839
1.0
0.6709677419354839
1.0
0.0
0.0
0.0
0.0
1.0
0.5376344086021505
1.0
0.8064516129032258
0.0
0.0
0.0
0.0
0.0
0.0
1.0
0.5376344086021505
1.0
0.8064516129032258
0.0
0.0
1.0
0.0
1.0
0.0
0.0
1.0
0.0
0.0
1.0
0.5376344086021505
0.0
1.0
0.5376344086021505
0.0
1.0
0.0
0.0
0.0
1.0
0.5376344086021505
0.0
0.2752688172043011
0.2752688172043011
0.0
0.2752688172043011
0.2752688172043011
0.0
0.2752688172043011
0.2752688172043011
0.2752688172043011
0.2752688172043011
0.2752688172043011
0.0
0.0
0.2752688172043011
0.2752688172043011
0.2752688172043011
0.2752688172043011
0.2752688172043011
0.0
0.8064516129032258
0.8064516129032258
0.8064516129032258
0.8064516129032258
0.8064516129032258
0.0
0.8064516129032258
0.8064516129032258
0.8064516129032258
0.8064516129032258
0.8064516129032258
0.0
0.8064516129032258
0.8064516129032258
0.8064516129032258
0.8064516129032258
0.8064516129032258
0.0
0.0
0.0
0.0
0.8064516129032258
0.8064516129032258
0.8064516129032258
0.8064516129032258
0.8064516129032258
0.0
0.0
0.0
0.0
0.0
0.0
0.0
0.0
0.0
0.0
0.0
0.0
0.0
0.0
0.0
1.0
0.43010752688172044
1.0
0.8602150537634409
0.43010752688172044
0.0
1.0
0.43010752688172044
1.0
0.8602150537634409
0.43010752688172044
0.0
1.0
0.43010752688172044
1.0
0.8602150537634409
0.43010752688172044
0.0
1.0
0.43010752688172044
1.0
0.8602150537634409
0.43010752688172044
0.0
1.0
0.43010752688172044
1.0
0.0
1.0
0.43010752688172044
1.0
0.8602150537634409
0.0
1.0
0.43010752688172044
1.0
0.8602150537634409
0.0
1.0
0.43010752688172044
1.0
0.0
1.0
0.43010752688172044
1.0
0.8602150537634409
0.43010752688172044
0.0
0.0
1.0
0.43010752688172044
1.0
0.0
1.0
0.43010752688172044
1.0
0.8602150537634409
0.43010752688172044
0.0
1.0
0.8064516129032258
0.0
1.0
0.43010752688172044
0.0
1.0
0.8129032258064516
0.2752688172043011
0.2752688172043011
1.0
0.0
1.0
0.8064516129032258
0.8064516129032258
0.0
0.0
0.0
1.0
0.8064516129032258
0.8064516129032258
0.0
1.0
0.0
1.0
0.8301075268817204
0.6623655913978495
1.0
1.0
0.0
1.0
0.9978494623655914
0.8301075268817204
0.6623655913978495
1.0
0.0
1.0
0.8301075268817204
0.6623655913978495
1.0
0.6623655913978495
0.0
1.0
1.0
1.0
1.0
1.0
0.0
1.0
1.0
1.0
1.0
1.0
0.0
1.0
0.9978494623655914
0.8301075268817204
0.6623655913978495
1.0
0.0
1.0
0.9978494623655914
0.8301075268817204
0.6623655913978495
1.0
0.0
1.0
1.0
1.0
1.0
1.0
0.0
1.0
0.9978494623655914
0.8301075268817204
0.6623655913978495
1.0
0.0
1.0
0.9978494623655914
0.8301075268817204
0.6623655913978495
1.0
0.0
1.0
1.0
0.9376344086021505
0.7698924731182796
0.7698924731182796
0.0
1.0
1.0
0.9376344086021505
0.7698924731182796
0.7698924731182796
0.0
1.0
1.0
0.9376344086021505
0.7698924731182796
0.7698924731182796
0.0
1.0
1.0
0.9376344086021505
0.7698924731182796
0.7698924731182796
0.0
1.0
1.0
0.9376344086021505
0.7698924731182796
0.7698924731182796
0.0
1.0
1.0
0.9376344086021505
0.7698924731182796
0.7698924731182796
0.0
1.0
1.0
0.9376344086021505
0.7698924731182796
0.7698924731182796
0.0
1.0
1.0
0.9376344086021505
0.7698924731182796
0.7698924731182796
0.0
1.0
1.0
0.9376344086021505
0.7698924731182796
0.7698924731182796
0.0
1.0
1.0
0.9376344086021505
0.7698924731182796
0.7698924731182796
0.0
1.0
1.0
0.9376344086021505
0.7698924731182796
0.7698924731182796
0.0
1.0
1.0
0.9376344086021505
0.7698924731182796
0.7698924731182796
0.0
0.9774193548387097
0.9774193548387097
0.9774193548387097
0.9774193548387097
0.0
0.0
0.0
0.9774193548387097
0.9774193548387097
0.9774193548387097
0.6182795698924731
0.0
0.9774193548387097
0.9774193548387097
0.5408602150537635
0.7086021505376344
0.0
0.8397849462365592
0.7021505376344086
0.6182795698924731
1.0
0.0
0.9774193548387097
0.9774193548387097
0.9774193548387097
0.9774193548387097
0.0
0.9774193548387097
0.9774193548387097
0.9774193548387097
0.9774193548387097
0.0
0.9774193548387097
0.9774193548387097
0.9774193548387097
0.9774193548387097
0.0
0.9774193548387097
0.9774193548387097
0.9774193548387097
0.9774193548387097
0.0
0.9774193548387097
0.9774193548387097
0.9774193548387097
0.9774193548387097
0.0
0.9774193548387097
0.9774193548387097
0.9774193548387097
0.9774193548387097
0.0
0.9774193548387097
0.9774193548387097
0.9774193548387097
0.9774193548387097
0.0
0.9774193548387097
0.9774193548387097
0.9774193548387097
0.9774193548387097
0.0
0.9774193548387097
0.9774193548387097
0.9774193548387097
0.9774193548387097
0.0
0.9774193548387097
0.9774193548387097
0.9774193548387097
0.9774193548387097
0.0
0.9774193548387097
0.9774193548387097
0.9774193548387097
0.9774193548387097
0.0
0.0
0.0
0.0
0.0
0.9774193548387097
0.9774193548387097
0.9774193548387097
0.9774193548387097
0.0
