0.0
195.0
197.5
195.0
195.0
0.0
0.0
0.0
0.0
0.0
0.0
0.0
0.0
0.0
0.0
0.0
0.0
0.0
0.0
0.0
0.0
0.0
0.0
0.0
0.0
0.0
0.0
0.0
0.0
0.0
0.0
0.0
0.0
0.0
0.0
0.0
0.0
0.0
0.0
0.0
0.0
0.0
0.0
0.0
0.0
0.0
0.0
0.0
0.0
0.0
0.0
0.0
0.0
0.0
0.0
0.0
0.0
0.0
0.0
0.0
0.0
0.0
0.0
0.0
0.0
0.0
0.0
0.0
0.0
0.0
0.0
0.0
0.0
0.0
0.0
0.0
0.0
0.0
0.0
0.0
0.0
0.0
0.0
0.0
0.0
0.0
0.0
0.0
0.0
0.0
0.0
0.0
0.0
0.0
0.0
0.0
0.0
0.0
0.0
0.0
0.0
0.0
0.0
0.0
0.0
0.0
0.0
0.0
0.0
0.0
0.0
0.0
0.0
0.0
0.0
0.0
195.0
195.0
192.5
190.0
0.0
195.0
195.0
195.0
142.5
0.0
195.0
197.5
195.0
195.0
0.0
0.0
0.0
0.0
0.0
0.0
0.0
0.0
0.0
0.0
0.0
0.0
0.0
0.0
0.0
0.0
0.0
0.0
0.0
0.0
0.0
0.0
0.0
0.0
0.0
0.0
0.0
0.0
0.0
0.0
0.0
0.0
0.0
0.0
0.0
0.0
0.0
0.0
0.0
325.0
170.0
170.0
0.0
0.0
460.0
320.0
150.0
320.0
0.0
0.0
310.0
150.0
150.0
140.0
0.0
0.0
0.0
0.0
245.0
165.0
0.0
215.0
55.0
0.0
0.0
0.0
0.0
0.0
245.0
165.0
0.0
215.0
55.0
0.0
245.0
0.0
245.0
0.0
0.0
245.0
0.0
0.0
245.0
165.0
0.0
245.0
165.0
0.0
245.0
0.0
0.0
0.0
245.0
0.0
160.0
160.0
0.0
160.0
160.0
0.0
160.0
160.0
160.0
160.0
160.0
0.0
0.0
160.0
160.0
160.0
160.0
160.0
0.0
65.0
65.0
65.0
65.0
65.0
0.0
65.0
65.0
65.0
65.0
65.0
0.0
65.0
65.0
65.0
65.0
65.0
0.0
0.0
0.0
0.0
65.0
65.0
65.0
65.0
65.0
0.0
0.0
0.0
0.0
0.0
0.0
0.0
0.0
0.0
0.0
0.0
0.0
0.0
0.0
0.0
220.0
50.0
220.0
55.0
210.0
0.0
220.0
50.0
220.0
55.0
210.0
0.0
220.0
50.0
220.0
55.0
0.0
220.0
50.0
220.0
55.0
210.0
0.0
220.0
50.0
220.0
0.0
220.0
50.0
220.0
55.0
0.0
220.0
50.0
220.0
55.0
0.0
220.0
50.0
220.0
0.0
220.0
50.0
220.0
55.0
210.0
0.0
0.0
220.0
50.0
220.0
0.0
220.0
50.0
220.0
55.0
210.0
0.0
325.0
160.0
385.0
215.0
160.0
0.0
495.0
340.0
195.0
195.0
335.0
0.0
500.0
345.0
195.0
355.0
110.0
0.0
420.0
270.0
120.0
120.0
120.0
0.0
340.0
265.0
115.0
110.0
95.0
0.0
370.0
230.0
230.0
230.0
0.0
0.0
240.0
170.0
165.0
165.0
0.0
0.0
0.0
315.0
160.0
310.0
160.0
0.0
0.0
320.0
160.0
330.0
165.0
0.0
0.0
310.0
140.0
140.0
75.0
0.0
0.0
310.0
140.0
140.0
75.0
0.0
0.0
320.0
160.0
330.0
165.0
0.0
0.0
320.0
160.0
315.0
155.0
0.0
0.0
465.0
305.0
305.0
285.0
0.0
0.0
320.0
160.0
320.0
155.0
0.0
0.0
320.0
160.0
290.0
220.0
0.0
0.0
320.0
155.0
295.0
135.0
0.0
0.0
0.0
670.0
520.0
375.0
0.0
0.0
0.0
670.0
520.0
375.0
0.0
0.0
0.0
655.0
505.0
360.0
0.0
0.0
0.0
655.0
505.0
360.0
0.0
0.0
0.0
670.0
520.0
375.0
0.0
0.0
0.0
670.0
520.0
375.0
0.0
0.0
0.0
670.0
520.0
375.0
0.0
0.0
0.0
670.0
520.0
375.0
0.0
0.0
0.0
670.0
520.0
375.0
0.0
227.5
227.5
225.0
142.5
0.0
0.0
0.0
227.5
227.5
227.5
105.0
0.0
227.5
230.0
147.5
147.5
0.0
195.0
165.0
212.5
162.5
0.0
227.5
230.0
227.5
227.5
0.0
227.5
230.0
227.5
227.5
0.0
227.5
230.0
227.5
227.5
0.0
227.5
230.0
227.5
227.5
0.0
227.5
230.0
227.5
227.5
0.0
227.5
230.0
227.5
227.5
0.0
227.5
230.0
227.5
227.5
0.0
227.5
230.0
227.5
227.5
0.0
227.5
230.0
227.5
227.5
0.0
227.5
230.0
227.5
227.5
0.0
227.5
230.0
227.5
227.5
0.0
0.0
0.0
0.0
0.0
227.5
227.5
227.5
175.0
0.0
