0.0
187.5
187.5
190.0
190.0
0.0
187.5
190.0
185.0
192.5
182.5
0.0
187.5
190.0
185.0
192.5
182.5
0.0
187.5
190.0
185.0
192.5
182.5
0.0
187.5
190.0
185.0
192.5
182.5
0.0
187.5
190.0
185.0
192.5
182.5
0.0
187.5
190.0
185.0
192.5
182.5
0.0
187.5
190.0
185.0
192.5
182.5
0.0
187.5
190.0
185.0
192.5
182.5
0.0
187.5
190.0
185.0
192.5
182.5
0.0
187.5
0.0
187.5
190.0
185.0
192.5
182.5
0.0
187.5
0.0
187.5
0.0
187.5
190.0
185.0
192.5
182.5
0.0
187.5
190.0
185.0
192.5
182.5
0.0
187.5
190.0
185.0
192.5
182.5
0.0
187.5
190.0
185.0
192.5
182.5
0.0
187.5
190.0
185.0
192.5
182.5
0.0
187.5
190.0
185.0
192.5
182.5
0.0
187.5
190.0
185.0
192.5
182.5
0.0
187.5
190.0
185.0
192.5
182.5
0.0
187.5
190.0
185.0
185.0
0.0
187.5
190.0
190.0
127.5
0.0
187.5
187.5
190.0
190.0
0.0
187.5
190.0
185.0
192.5
182.5
0.0
187.5
190.0
185.0
192.5
182.5
0.0
187.5
190.0
185.0
192.5
182.5
0.0
187.5
190.0
185.0
192.5
182.5
0.0
187.5
190.0
185.0
192.5
182.5
0.0
187.5
190.0
185.0
192.5
182.5
0.0
187.5
110.0
107.5
112.5
102.5
0.0
187.5
110.0
107.5
112.5
102.5
0.0
187.5
110.0
107.5
112.5
102.5
0.0
0.0
187.5
0.0
0.0
162.5
160.0
75.0
330.0
60.0
0.0
162.5
0.0
0.0
162.5
0.0
162.5
0.0
162.5
160.0
75.0
330.0
60.0
0.0
162.5
160.0
0.0
162.5
160.0
0.0
162.5
0.0
162.5
160.0
0.0
162.5
0.0
162.5
160.0
75.0
0.0
162.5
160.0
75.0
0.0
162.5
160.0
0.0
162.5
0.0
162.5
0.0
162.5
160.0
0.0
162.5
155.0
0.0
162.5
155.0
0.0
162.5
165.0
160.0
165.0
160.0
0.0
162.5
0.0
162.5
165.0
160.0
165.0
160.0
0.0
187.5
190.0
185.0
192.5
182.5
0.0
187.5
190.0
185.0
192.5
182.5
0.0
187.5
190.0
185.0
192.5
182.5
0.0
187.5
0.0
187.5
0.0
0.0
187.5
190.0
185.0
192.5
182.5
0.0
187.5
0.0
0.0
0.0
0.0
0.0
0.0
0.0
0.0
0.0
187.5
0.0
0.0
162.5
0.0
162.5
0.0
162.5
0.0
162.5
160.0
75.0
245.0
50.0
0.0
162.5
160.0
75.0
245.0
50.0
0.0
162.5
160.0
75.0
245.0
50.0
0.0
162.5
160.0
75.0
245.0
50.0
0.0
162.5
160.0
75.0
245.0
0.0
162.5
160.0
75.0
245.0
50.0
0.0
162.5
160.0
75.0
245.0
50.0
0.0
162.5
160.0
75.0
245.0
0.0
162.5
160.0
75.0
245.0
50.0
0.0
162.5
0.0
162.5
160.0
75.0
245.0
0.0
162.5
160.0
75.0
245.0
50.0
0.0
110.0
195.0
25.0
197.5
22.5
0.0
110.0
175.0
95.0
172.5
100.0
0.0
187.5
110.0
107.5
112.5
102.5
0.0
187.5
110.0
107.5
112.5
102.5
0.0
187.5
110.0
107.5
112.5
102.5
0.0
187.5
110.0
107.5
112.5
102.5
0.0
187.5
110.0
107.5
112.5
102.5
0.0
187.5
110.0
107.5
112.5
102.5
0.0
187.5
110.0
107.5
112.5
102.5
0.0
187.5
110.0
107.5
112.5
102.5
0.0
187.5
110.0
107.5
112.5
102.5
0.0
187.5
110.0
107.5
112.5
102.5
0.0
187.5
110.0
107.5
112.5
102.5
0.0
187.5
110.0
107.5
112.5
102.5
0.0
187.5
110.0
107.5
112.5
102.5
0.0
187.5
190.0
185.0
192.5
102.5
0.0
187.5
190.0
185.0
192.5
102.5
0.0
187.5
190.0
185.0
192.5
102.5
0.0
187.5
190.0
185.0
192.5
102.5
0.0
187.5
190.0
185.0
192.5
102.5
0.0
187.5
190.0
185.0
192.5
182.5
0.0
187.5
190.0
185.0
192.5
102.5
0.0
187.5
190.0
185.0
192.5
102.5
0.0
187.5
190.0
185.0
192.5
102.5
0.0
187.5
190.0
185.0
192.5
102.5
0.0
187.5
190.0
185.0
192.5
102.5
0.0
187.5
190.0
107.5
107.5
0.0
0.0
0.0
187.5
190.0
110.0
47.5
0.0
187.5
187.5
190.0
110.0
0.0
162.5
607.5
465.0
315.0
0.0
187.5
187.5
190.0
190.0
0.0
187.5
187.5
190.0
190.0
0.0
187.5
187.5
190.0
190.0
0.0
187.5
187.5
190.0
190.0
0.0
187.5
187.5
190.0
190.0
0.0
187.5
187.5
190.0
190.0
0.0
187.5
187.5
190.0
190.0
0.0
187.5
187.5
190.0
190.0
0.0
187.5
187.5
190.0
190.0
0.0
187.5
187.5
190.0
190.0
0.0
187.5
187.5
190.0
190.0
0.0
0.0
102.5
0.0
0.0
0.0
187.5
190.0
190.0
127.5
0.0
102.5
