0.0
182.5
180.0
182.5
185.0
0.0
182.5
182.5
182.5
180.0
115.0
0.0
147.5
147.5
147.5
145.0
75.0
0.0
147.5
147.5
147.5
145.0
75.0
0.0
147.5
147.5
147.5
145.0
75.0
0.0
182.5
182.5
182.5
180.0
115.0
0.0
182.5
182.5
182.5
180.0
115.0
0.0
182.5
182.5
182.5
180.0
115.0
0.0
182.5
182.5
182.5
180.0
115.0
0.0
147.5
147.5
147.5
145.0
75.0
0.0
182.5
0.0
182.5
182.5
182.5
180.0
115.0
0.0
182.5
0.0
182.5
0.0
182.5
182.5
182.5
180.0
115.0
0.0
182.5
182.5
182.5
180.0
115.0
0.0
182.5
182.5
182.5
180.0
115.0
0.0
182.5
182.5
182.5
180.0
115.0
0.0
147.5
147.5
147.5
145.0
75.0
0.0
147.5
147.5
147.5
145.0
75.0
0.0
147.5
147.5
147.5
145.0
75.0
0.0
147.5
147.5
147.5
145.0
75.0
0.0
147.5
147.5
147.5
147.5
0.0
147.5
147.5
145.0
50.0
0.0
147.5
145.0
147.5
145.0
0.0
147.5
147.5
147.5
145.0
75.0
0.0
147.5
147.5
147.5
145.0
75.0
0.0
147.5
147.5
147.5
145.0
75.0
0.0
147.5
147.5
147.5
145.0
75.0
0.0
147.5
147.5
147.5
145.0
75.0
0.0
147.5
147.5
147.5
145.0
75.0
0.0
220.0
220.0
135.0
135.0
115.0
0.0
147.5
110.0
110.0
107.5
50.0
0.0
220.0
182.5
182.5
180.0
115.0
0.0
0.0
220.0
0.0
0.0
135.0
172.5
95.0
170.0
105.0
0.0
135.0
0.0
0.0
135.0
0.0
0.0
135.0
172.5
95.0
170.0
105.0
0.0
135.0
172.5
0.0
135.0
172.5
0.0
0.0
135.0
172.5
0.0
135.0
0.0
135.0
172.5
95.0
0.0
135.0
172.5
95.0
0.0
135.0
172.5
0.0
135.0
0.0
135.0
0.0
135.0
172.5
0.0
220.0
215.0
0.0
220.0
215.0
0.0
220.0
220.0
220.0
217.5
140.0
0.0
0.0
220.0
220.0
220.0
217.5
140.0
0.0
220.0
220.0
220.0
217.5
140.0
0.0
220.0
220.0
220.0
217.5
140.0
0.0
220.0
220.0
220.0
217.5
140.0
0.0
220.0
0.0
0.0
0.0
220.0
220.0
220.0
217.5
140.0
0.0
0.0
0.0
0.0
0.0
0.0
0.0
0.0
0.0
0.0
0.0
0.0
135.0
0.0
135.0
0.0
135.0
0.0
135.0
257.5
97.5
147.5
75.0
0.0
135.0
257.5
97.5
147.5
75.0
0.0
135.0
257.5
97.5
147.5
75.0
0.0
135.0
257.5
97.5
147.5
75.0
0.0
135.0
257.5
97.5
147.5
0.0
135.0
257.5
97.5
147.5
75.0
0.0
135.0
257.5
97.5
147.5
75.0
0.0
135.0
257.5
97.5
147.5
0.0
135.0
257.5
97.5
147.5
75.0
0.0
135.0
0.0
135.0
257.5
97.5
0.0
135.0
257.5
97.5
147.5
75.0
0.0
135.0
257.5
97.5
257.5
90.0
0.0
110.0
110.0
110.0
107.5
50.0
0.0
110.0
110.0
110.0
107.5
50.0
0.0
110.0
110.0
110.0
107.5
50.0
0.0
110.0
110.0
110.0
107.5
50.0
0.0
220.0
110.0
110.0
107.5
50.0
0.0
220.0
110.0
110.0
107.5
50.0
0.0
220.0
110.0
110.0
107.5
50.0
0.0
220.0
110.0
110.0
107.5
50.0
0.0
220.0
110.0
110.0
107.5
50.0
0.0
220.0
110.0
110.0
107.5
50.0
0.0
220.0
110.0
110.0
107.5
50.0
0.0
220.0
110.0
110.0
107.5
50.0
0.0
220.0
110.0
110.0
107.5
50.0
0.0
220.0
110.0
110.0
107.5
50.0
0.0
220.0
110.0
110.0
107.5
50.0
0.0
220.0
110.0
110.0
107.5
50.0
0.0
220.0
110.0
110.0
107.5
50.0
0.0
220.0
110.0
110.0
107.5
50.0
0.0
220.0
110.0
110.0
107.5
50.0
0.0
220.0
110.0
110.0
107.5
50.0
0.0
220.0
110.0
110.0
107.5
50.0
0.0
220.0
110.0
110.0
107.5
50.0
0.0
220.0
110.0
110.0
107.5
50.0
0.0
220.0
110.0
110.0
107.5
50.0
0.0
220.0
110.0
110.0
107.5
50.0
0.0
220.0
110.0
110.0
110.0
0.0
0.0
0.0
220.0
110.0
110.0
30.0
0.0
220.0
217.5
220.0
120.0
0.0
147.5
120.0
317.5
170.0
0.0
220.0
217.5
220.0
220.0
0.0
220.0
217.5
220.0
220.0
0.0
220.0
217.5
220.0
220.0
0.0
220.0
217.5
220.0
220.0
0.0
220.0
217.5
220.0
220.0
0.0
220.0
217.5
220.0
220.0
0.0
220.0
217.5
220.0
220.0
0.0
220.0
217.5
220.0
220.0
0.0
220.0
217.5
220.0
220.0
0.0
220.0
217.5
220.0
220.0
0.0
220.0
217.5
220.0
220.0
0.0
0.0
135.0
0.0
0.0
0.0
220.0
220.0
217.5
117.5
0.0
135.0
