0.0
205.0
207.5
210.0
155.0
0.0
0.0
0.0
0.0
0.0
0.0
0.0
0.0
0.0
0.0
0.0
0.0
0.0
0.0
0.0
0.0
0.0
0.0
0.0
0.0
0.0
0.0
0.0
0.0
0.0
0.0
0.0
0.0
0.0
0.0
0.0
0.0
0.0
0.0
0.0
0.0
0.0
0.0
0.0
0.0
0.0
0.0
0.0
0.0
0.0
0.0
0.0
0.0
0.0
0.0
0.0
0.0
0.0
0.0
0.0
0.0
0.0
0.0
0.0
0.0
0.0
0.0
0.0
0.0
0.0
0.0
0.0
0.0
0.0
0.0
0.0
0.0
0.0
0.0
0.0
0.0
0.0
0.0
0.0
0.0
0.0
0.0
0.0
0.0
0.0
0.0
0.0
0.0
0.0
0.0
0.0
0.0
0.0
0.0
0.0
0.0
0.0
0.0
0.0
0.0
0.0
0.0
0.0
0.0
0.0
0.0
0.0
0.0
0.0
0.0
0.0
0.0
0.0
280.0
260.0
0.0
170.0
172.5
175.0
105.0
0.0
170.0
172.5
175.0
105.0
0.0
0.0
0.0
0.0
0.0
0.0
0.0
0.0
0.0
0.0
0.0
0.0
0.0
0.0
0.0
0.0
0.0
0.0
0.0
0.0
0.0
0.0
0.0
0.0
0.0
0.0
0.0
0.0
0.0
0.0
0.0
0.0
0.0
0.0
0.0
0.0
0.0
0.0
0.0
0.0
0.0
0.0
0.0
0.0
0.0
0.0
0.0
0.0
0.0
0.0
0.0
0.0
160.0
405.0
0.0
0.0
0.0
0.0
0.0
245.0
70.0
305.0
145.0
0.0
0.0
0.0
0.0
0.0
0.0
245.0
70.0
305.0
145.0
0.0
0.0
0.0
0.0
0.0
0.0
0.0
0.0
0.0
0.0
245.0
0.0
0.0
245.0
0.0
0.0
0.0
0.0
0.0
0.0
0.0
75.0
65.0
0.0
75.0
65.0
0.0
75.0
75.0
75.0
75.0
70.0
0.0
0.0
75.0
75.0
75.0
75.0
70.0
0.0
170.0
165.0
165.0
170.0
170.0
0.0
170.0
165.0
165.0
170.0
170.0
0.0
170.0
165.0
165.0
170.0
170.0
0.0
0.0
0.0
0.0
170.0
165.0
165.0
170.0
170.0
0.0
0.0
0.0
0.0
0.0
0.0
0.0
0.0
0.0
0.0
0.0
0.0
0.0
0.0
0.0
0.0
0.0
325.0
165.0
0.0
0.0
0.0
0.0
325.0
165.0
0.0
0.0
0.0
0.0
325.0
165.0
0.0
0.0
0.0
325.0
165.0
0.0
0.0
0.0
0.0
325.0
0.0
0.0
0.0
325.0
165.0
0.0
0.0
0.0
325.0
165.0
0.0
0.0
0.0
325.0
0.0
0.0
0.0
325.0
165.0
0.0
0.0
0.0
0.0
0.0
325.0
0.0
0.0
0.0
325.0
165.0
0.0
0.0
0.0
0.0
240.0
75.0
310.0
0.0
0.0
0.0
380.0
225.0
65.0
0.0
0.0
0.0
240.0
75.0
185.0
0.0
0.0
0.0
330.0
160.0
220.0
0.0
0.0
0.0
0.0
165.0
0.0
0.0
0.0
0.0
0.0
0.0
80.0
0.0
0.0
0.0
0.0
0.0
80.0
0.0
0.0
0.0
0.0
0.0
80.0
0.0
0.0
0.0
0.0
0.0
0.0
0.0
0.0
0.0
0.0
0.0
80.0
0.0
0.0
0.0
0.0
0.0
80.0
0.0
0.0
0.0
0.0
0.0
0.0
0.0
0.0
0.0
0.0
0.0
0.0
0.0
0.0
0.0
0.0
0.0
0.0
0.0
0.0
0.0
0.0
0.0
0.0
0.0
0.0
0.0
0.0
0.0
0.0
0.0
0.0
0.0
0.0
0.0
0.0
0.0
0.0
0.0
0.0
0.0
0.0
0.0
0.0
0.0
0.0
0.0
0.0
0.0
0.0
0.0
0.0
0.0
0.0
0.0
0.0
0.0
0.0
0.0
0.0
0.0
0.0
0.0
0.0
0.0
0.0
0.0
0.0
0.0
0.0
0.0
0.0
0.0
0.0
0.0
0.0
0.0
0.0
0.0
0.0
0.0
0.0
0.0
0.0
0.0
0.0
0.0
0.0
0.0
0.0
0.0
545.0
400.0
260.0
115.0
0.0
0.0
0.0
102.5
400.0
250.0
330.0
0.0
102.5
400.0
250.0
345.0
0.0
212.5
142.5
117.5
337.5
0.0
242.5
245.0
247.5
177.5
0.0
242.5
245.0
247.5
177.5
0.0
242.5
245.0
247.5
177.5
0.0
242.5
245.0
247.5
177.5
0.0
242.5
245.0
247.5
177.5
0.0
242.5
245.0
247.5
177.5
0.0
242.5
245.0
247.5
177.5
0.0
242.5
245.0
247.5
177.5
0.0
242.5
245.0
247.5
177.5
0.0
242.5
245.0
247.5
177.5
0.0
242.5
245.0
247.5
177.5
0.0
0.0
0.0
0.0
0.0
242.5
245.0
247.5
177.5
0.0
