0.0
182.5
182.5
182.5
182.5
0.0
0.0
0.0
0.0
0.0
0.0
0.0
0.0
0.0
0.0
0.0
0.0
0.0
0.0
0.0
0.0
0.0
0.0
0.0
0.0
0.0
0.0
0.0
0.0
0.0
0.0
0.0
0.0
0.0
0.0
0.0
0.0
0.0
0.0
0.0
0.0
0.0
0.0
0.0
0.0
0.0
0.0
0.0
0.0
0.0
0.0
0.0
0.0
0.0
0.0
0.0
0.0
0.0
0.0
0.0
0.0
0.0
0.0
0.0
0.0
0.0
0.0
0.0
0.0
0.0
0.0
0.0
0.0
0.0
0.0
0.0
0.0
0.0
0.0
0.0
0.0
0.0
0.0
0.0
0.0
0.0
0.0
0.0
0.0
0.0
0.0
0.0
0.0
0.0
0.0
0.0
0.0
0.0
0.0
0.0
0.0
0.0
0.0
0.0
0.0
0.0
0.0
0.0
0.0
0.0
0.0
0.0
0.0
0.0
0.0
0.0
147.5
145.0
147.5
72.5
0.0
147.5
145.0
147.5
67.5
0.0
147.5
147.5
145.0
147.5
0.0
0.0
0.0
0.0
0.0
0.0
0.0
0.0
0.0
0.0
0.0
0.0
0.0
0.0
0.0
0.0
0.0
0.0
0.0
0.0
0.0
0.0
0.0
0.0
0.0
0.0
0.0
0.0
0.0
0.0
0.0
0.0
0.0
0.0
0.0
0.0
0.0
0.0
0.0
0.0
320.0
160.0
0.0
0.0
0.0
465.0
305.0
310.0
0.0
0.0
380.0
220.0
530.0
310.0
0.0
0.0
0.0
0.0
330.0
160.0
310.0
235.0
60.0
0.0
0.0
0.0
0.0
0.0
330.0
160.0
310.0
235.0
60.0
0.0
330.0
0.0
330.0
0.0
0.0
330.0
0.0
0.0
330.0
160.0
0.0
330.0
160.0
0.0
330.0
0.0
0.0
0.0
330.0
0.0
170.0
165.0
0.0
170.0
165.0
0.0
170.0
165.0
170.0
170.0
165.0
0.0
0.0
170.0
165.0
170.0
170.0
165.0
0.0
170.0
165.0
170.0
170.0
165.0
0.0
170.0
165.0
170.0
170.0
165.0
0.0
170.0
165.0
170.0
170.0
165.0
0.0
0.0
0.0
0.0
170.0
165.0
170.0
170.0
165.0
0.0
0.0
0.0
0.0
0.0
0.0
0.0
0.0
0.0
0.0
0.0
0.0
0.0
0.0
0.0
245.0
165.0
0.0
165.0
0.0
0.0
245.0
165.0
0.0
165.0
0.0
0.0
245.0
165.0
0.0
165.0
0.0
245.0
165.0
0.0
165.0
0.0
0.0
245.0
165.0
0.0
0.0
245.0
165.0
0.0
165.0
0.0
245.0
165.0
0.0
165.0
0.0
245.0
165.0
0.0
0.0
245.0
165.0
0.0
165.0
0.0
0.0
0.0
245.0
165.0
0.0
0.0
245.0
165.0
0.0
165.0
0.0
0.0
325.0
160.0
385.0
220.0
30.0
0.0
325.0
160.0
330.0
160.0
195.0
0.0
0.0
325.0
160.0
325.0
50.0
0.0
0.0
320.0
160.0
325.0
50.0
0.0
0.0
330.0
170.0
170.0
170.0
0.0
0.0
310.0
140.0
70.0
215.0
0.0
0.0
215.0
55.0
215.0
30.0
0.0
0.0
0.0
330.0
160.0
470.0
0.0
0.0
0.0
470.0
310.0
310.0
0.0
0.0
0.0
330.0
170.0
165.0
0.0
0.0
0.0
330.0
170.0
165.0
0.0
0.0
0.0
465.0
305.0
310.0
0.0
0.0
0.0
530.0
375.0
220.0
0.0
0.0
0.0
470.0
310.0
310.0
0.0
0.0
0.0
470.0
310.0
310.0
0.0
0.0
0.0
465.0
310.0
310.0
0.0
0.0
0.0
465.0
320.0
60.0
0.0
0.0
0.0
320.0
160.0
540.0
0.0
0.0
0.0
320.0
160.0
540.0
0.0
0.0
0.0
0.0
460.0
310.0
0.0
0.0
0.0
0.0
0.0
0.0
0.0
0.0
0.0
320.0
160.0
540.0
0.0
0.0
0.0
320.0
160.0
540.0
0.0
0.0
0.0
320.0
160.0
540.0
0.0
0.0
0.0
320.0
160.0
540.0
0.0
0.0
0.0
320.0
160.0
540.0
0.0
147.5
145.0
147.5
72.5
0.0
0.0
0.0
110.0
107.5
112.5
57.5
0.0
110.0
110.0
110.0
110.0
0.0
147.5
122.5
315.0
172.5
0.0
220.0
220.0
217.5
220.0
0.0
220.0
220.0
217.5
220.0
0.0
220.0
220.0
217.5
220.0
0.0
220.0
220.0
217.5
220.0
0.0
220.0
220.0
217.5
220.0
0.0
220.0
220.0
217.5
220.0
0.0
220.0
220.0
217.5
220.0
0.0
220.0
220.0
217.5
220.0
0.0
220.0
220.0
217.5
220.0
0.0
220.0
220.0
217.5
220.0
0.0
220.0
220.0
217.5
220.0
0.0
0.0
0.0
0.0
0.0
220.0
217.5
220.0
140.0
0.0
