0.0
187.5
187.5
187.5
115.0
0.0
0.0
0.0
0.0
0.0
0.0
0.0
0.0
0.0
0.0
0.0
0.0
0.0
0.0
0.0
0.0
0.0
187.5
187.5
187.5
115.0
0.0
0.0
0.0
0.0
0.0
0.0
0.0
0.0
0.0
0.0
0.0
0.0
0.0
0.0
160.0
160.0
170.0
100.0
0.0
187.5
187.5
107.5
50.0
0.0
162.5
517.5
457.5
250.0
0.0
187.5
187.5
187.5
115.0
0.0
187.5
187.5
187.5
115.0
0.0
187.5
187.5
187.5
115.0
0.0
187.5
187.5
187.5
115.0
0.0
187.5
187.5
187.5
115.0
0.0
187.5
187.5
187.5
115.0
0.0
187.5
187.5
187.5
115.0
0.0
187.5
187.5
187.5
115.0
0.0
187.5
187.5
187.5
115.0
0.0
187.5
187.5
187.5
115.0
0.0
187.5
187.5
187.5
115.0
0.0
0.0
0.0
0.0
0.0
0.0
0.0
0.0
0.0
0.0
