0.0
192.5
190.0
190.0
105.0
0.0
0.0
0.0
0.0
0.0
0.0
0.0
0.0
0.0
0.0
0.0
0.0
0.0
0.0
0.0
0.0
0.0
0.0
0.0
0.0
0.0
0.0
0.0
0.0
0.0
0.0
0.0
0.0
0.0
0.0
0.0
0.0
0.0
0.0
0.0
0.0
0.0
0.0
0.0
0.0
0.0
0.0
0.0
0.0
0.0
0.0
0.0
0.0
0.0
0.0
0.0
0.0
0.0
0.0
0.0
0.0
0.0
0.0
0.0
0.0
0.0
0.0
0.0
0.0
0.0
0.0
0.0
0.0
0.0
0.0
0.0
0.0
0.0
0.0
0.0
0.0
0.0
0.0
0.0
0.0
0.0
0.0
0.0
0.0
0.0
0.0
0.0
0.0
0.0
0.0
0.0
0.0
0.0
0.0
0.0
0.0
0.0
0.0
0.0
0.0
0.0
0.0
0.0
0.0
0.0
0.0
0.0
0.0
0.0
0.0
0.0
0.0
570.0
575.0
575.0
0.0
192.5
190.0
190.0
130.0
0.0
192.5
190.0
190.0
105.0
0.0
0.0
0.0
0.0
0.0
0.0
0.0
0.0
0.0
0.0
0.0
0.0
0.0
0.0
0.0
0.0
0.0
0.0
0.0
0.0
0.0
0.0
0.0
0.0
0.0
0.0
0.0
0.0
0.0
0.0
0.0
0.0
0.0
0.0
0.0
0.0
0.0
0.0
0.0
0.0
0.0
50.0
0.0
0.0
0.0
0.0
0.0
100.0
0.0
0.0
0.0
0.0
320.0
150.0
0.0
0.0
0.0
0.0
0.0
215.0
170.0
0.0
380.0
0.0
0.0
0.0
0.0
0.0
0.0
215.0
170.0
0.0
380.0
0.0
0.0
0.0
0.0
0.0
0.0
0.0
0.0
0.0
0.0
215.0
0.0
0.0
215.0
0.0
0.0
0.0
0.0
0.0
0.0
0.0
170.0
165.0
0.0
170.0
165.0
0.0
170.0
165.0
165.0
170.0
170.0
0.0
0.0
170.0
165.0
165.0
170.0
170.0
0.0
160.0
155.0
160.0
160.0
160.0
0.0
160.0
155.0
160.0
160.0
160.0
0.0
160.0
155.0
160.0
160.0
160.0
0.0
0.0
0.0
0.0
160.0
155.0
160.0
160.0
160.0
0.0
0.0
0.0
0.0
0.0
0.0
0.0
0.0
0.0
0.0
0.0
0.0
0.0
0.0
0.0
0.0
245.0
70.0
230.0
50.0
0.0
0.0
245.0
70.0
230.0
50.0
0.0
0.0
245.0
70.0
230.0
0.0
0.0
245.0
70.0
230.0
50.0
0.0
0.0
245.0
70.0
0.0
0.0
245.0
70.0
230.0
0.0
0.0
245.0
70.0
230.0
0.0
0.0
245.0
70.0
0.0
0.0
245.0
70.0
230.0
50.0
0.0
0.0
0.0
245.0
70.0
0.0
0.0
245.0
70.0
230.0
50.0
0.0
0.0
0.0
320.0
160.0
330.0
0.0
0.0
0.0
325.0
160.0
330.0
0.0
0.0
0.0
330.0
160.0
325.0
0.0
0.0
0.0
435.0
370.0
215.0
0.0
0.0
0.0
380.0
220.0
320.0
0.0
0.0
0.0
0.0
70.0
260.0
0.0
0.0
0.0
0.0
160.0
190.0
0.0
0.0
0.0
0.0
0.0
130.0
0.0
0.0
0.0
0.0
0.0
50.0
0.0
0.0
0.0
0.0
0.0
325.0
0.0
0.0
0.0
0.0
0.0
325.0
0.0
0.0
0.0
0.0
0.0
130.0
0.0
0.0
0.0
0.0
0.0
125.0
0.0
0.0
0.0
0.0
0.0
210.0
0.0
0.0
0.0
0.0
0.0
0.0
0.0
0.0
0.0
0.0
0.0
0.0
0.0
0.0
0.0
0.0
0.0
0.0
0.0
0.0
0.0
0.0
0.0
0.0
0.0
0.0
0.0
0.0
0.0
0.0
0.0
0.0
0.0
0.0
0.0
0.0
0.0
0.0
0.0
0.0
0.0
0.0
0.0
0.0
0.0
0.0
0.0
0.0
0.0
0.0
0.0
0.0
0.0
0.0
0.0
0.0
0.0
0.0
0.0
0.0
0.0
0.0
0.0
0.0
0.0
0.0
0.0
0.0
0.0
0.0
0.0
0.0
0.0
415.0
270.0
120.0
120.0
0.0
0.0
0.0
192.5
190.0
110.0
65.0
0.0
192.5
190.0
110.0
50.0
0.0
165.0
522.5
460.0
240.0
0.0
192.5
190.0
190.0
105.0
0.0
192.5
190.0
190.0
105.0
0.0
192.5
190.0
190.0
105.0
0.0
192.5
190.0
190.0
105.0
0.0
192.5
190.0
190.0
105.0
0.0
192.5
190.0
190.0
105.0
0.0
192.5
190.0
190.0
105.0
0.0
192.5
190.0
190.0
105.0
0.0
192.5
190.0
190.0
105.0
0.0
192.5
190.0
190.0
105.0
0.0
192.5
190.0
190.0
105.0
0.0
0.0
0.0
0.0
0.0
192.5
190.0
190.0
130.0
0.0
