0.0
187.5
187.5
190.0
112.5
0.0
0.0
0.0
0.0
0.0
0.0
0.0
0.0
0.0
0.0
0.0
0.0
0.0
0.0
0.0
0.0
0.0
0.0
0.0
0.0
0.0
0.0
0.0
0.0
0.0
0.0
0.0
0.0
0.0
0.0
0.0
0.0
0.0
0.0
0.0
0.0
0.0
0.0
0.0
0.0
0.0
0.0
0.0
0.0
0.0
0.0
0.0
0.0
0.0
0.0
0.0
0.0
0.0
0.0
0.0
0.0
0.0
0.0
0.0
0.0
0.0
0.0
0.0
0.0
0.0
0.0
0.0
0.0
0.0
0.0
0.0
0.0
0.0
0.0
0.0
0.0
0.0
0.0
0.0
0.0
0.0
0.0
0.0
0.0
0.0
0.0
0.0
0.0
0.0
0.0
0.0
0.0
0.0
0.0
0.0
0.0
0.0
0.0
0.0
0.0
0.0
0.0
0.0
0.0
0.0
0.0
0.0
0.0
0.0
0.0
0.0
0.0
0.0
215.0
215.0
0.0
187.5
190.0
190.0
127.5
0.0
187.5
187.5
190.0
112.5
0.0
0.0
0.0
0.0
0.0
0.0
0.0
0.0
0.0
0.0
0.0
0.0
0.0
0.0
0.0
0.0
0.0
0.0
0.0
0.0
0.0
0.0
0.0
0.0
0.0
0.0
0.0
0.0
0.0
0.0
0.0
0.0
0.0
0.0
0.0
0.0
0.0
0.0
0.0
0.0
0.0
0.0
0.0
0.0
0.0
0.0
0.0
0.0
0.0
0.0
0.0
0.0
320.0
30.0
0.0
0.0
0.0
0.0
0.0
310.0
235.0
75.0
290.0
0.0
0.0
0.0
0.0
0.0
0.0
310.0
235.0
75.0
290.0
0.0
0.0
0.0
0.0
0.0
0.0
0.0
0.0
0.0
0.0
310.0
0.0
0.0
310.0
0.0
0.0
0.0
0.0
0.0
0.0
0.0
50.0
50.0
0.0
50.0
50.0
0.0
50.0
50.0
55.0
55.0
50.0
0.0
0.0
50.0
50.0
55.0
55.0
50.0
0.0
75.0
75.0
75.0
75.0
75.0
0.0
75.0
75.0
75.0
75.0
75.0
0.0
75.0
75.0
75.0
75.0
75.0
0.0
0.0
0.0
0.0
75.0
75.0
75.0
75.0
75.0
0.0
0.0
0.0
0.0
0.0
0.0
0.0
0.0
0.0
0.0
0.0
0.0
0.0
0.0
0.0
0.0
170.0
0.0
165.0
0.0
0.0
0.0
170.0
0.0
165.0
0.0
0.0
0.0
170.0
0.0
165.0
0.0
0.0
170.0
0.0
165.0
0.0
0.0
0.0
170.0
0.0
0.0
0.0
170.0
0.0
165.0
0.0
0.0
170.0
0.0
165.0
0.0
0.0
170.0
0.0
0.0
0.0
170.0
0.0
165.0
0.0
0.0
0.0
0.0
170.0
0.0
0.0
0.0
170.0
0.0
165.0
0.0
0.0
0.0
0.0
330.0
160.0
320.0
0.0
0.0
0.0
240.0
70.0
235.0
0.0
0.0
0.0
325.0
160.0
330.0
0.0
0.0
0.0
220.0
145.0
50.0
0.0
0.0
0.0
0.0
300.0
80.0
0.0
0.0
0.0
0.0
0.0
50.0
0.0
0.0
0.0
0.0
0.0
50.0
0.0
0.0
0.0
0.0
0.0
50.0
0.0
0.0
0.0
0.0
0.0
0.0
0.0
0.0
0.0
0.0
0.0
175.0
0.0
0.0
0.0
0.0
0.0
175.0
0.0
0.0
0.0
0.0
0.0
80.0
0.0
0.0
0.0
0.0
0.0
80.0
0.0
0.0
0.0
0.0
0.0
80.0
0.0
0.0
0.0
0.0
0.0
0.0
0.0
0.0
0.0
0.0
0.0
0.0
0.0
0.0
0.0
0.0
0.0
0.0
0.0
0.0
0.0
0.0
0.0
0.0
0.0
0.0
0.0
0.0
0.0
0.0
0.0
0.0
0.0
0.0
0.0
0.0
0.0
0.0
0.0
0.0
0.0
0.0
0.0
0.0
0.0
0.0
0.0
0.0
0.0
0.0
0.0
0.0
0.0
0.0
0.0
0.0
0.0
0.0
0.0
0.0
0.0
0.0
0.0
0.0
0.0
0.0
0.0
0.0
0.0
0.0
0.0
0.0
0.0
165.0
165.0
170.0
165.0
0.0
0.0
0.0
187.5
190.0
110.0
47.5
0.0
187.5
187.5
190.0
112.5
0.0
162.5
212.5
162.5
105.0
0.0
187.5
187.5
190.0
112.5
0.0
187.5
187.5
190.0
112.5
0.0
187.5
187.5
190.0
112.5
0.0
187.5
187.5
190.0
112.5
0.0
187.5
187.5
190.0
112.5
0.0
187.5
187.5
190.0
112.5
0.0
187.5
187.5
190.0
112.5
0.0
187.5
187.5
190.0
112.5
0.0
187.5
187.5
190.0
112.5
0.0
187.5
187.5
190.0
112.5
0.0
187.5
187.5
190.0
112.5
0.0
0.0
0.0
0.0
0.0
187.5
190.0
190.0
127.5
0.0
