0.0
210.0
212.5
210.0
147.5
0.0
0.0
0.0
0.0
0.0
0.0
0.0
0.0
0.0
0.0
0.0
0.0
0.0
575.0
580.0
510.0
0.0
222.5
225.0
220.0
147.5
0.0
0.0
0.0
0.0
0.0
0.0
0.0
0.0
0.0
0.0
310.0
0.0
0.0
0.0
545.0
400.0
265.0
80.0
0.0
147.5
150.0
145.0
72.5
0.0
215.0
142.5
112.5
540.0
0.0
247.5
250.0
245.0
157.5
0.0
247.5
250.0
245.0
157.5
0.0
247.5
250.0
245.0
157.5
0.0
247.5
250.0
245.0
157.5
0.0
247.5
250.0
245.0
157.5
0.0
247.5
250.0
245.0
157.5
0.0
247.5
250.0
245.0
157.5
0.0
247.5
250.0
245.0
157.5
0.0
247.5
250.0
245.0
157.5
0.0
247.5
250.0
245.0
157.5
0.0
247.5
250.0
245.0
157.5
0.0
0.0
0.0
0.0
0.0
0.0
0.0
0.0
0.0
0.0
