0.0
187.5
187.5
190.0
182.5
0.0
0.0
0.0
0.0
0.0
0.0
0.0
0.0
0.0
0.0
0.0
0.0
0.0
0.0
0.0
0.0
0.0
0.0
0.0
0.0
0.0
0.0
0.0
0.0
0.0
0.0
0.0
0.0
0.0
0.0
0.0
0.0
0.0
0.0
0.0
0.0
0.0
0.0
0.0
0.0
0.0
0.0
0.0
0.0
0.0
0.0
0.0
0.0
0.0
0.0
0.0
0.0
0.0
0.0
0.0
0.0
0.0
0.0
0.0
0.0
0.0
0.0
0.0
0.0
0.0
0.0
0.0
0.0
0.0
0.0
0.0
0.0
0.0
0.0
0.0
0.0
0.0
0.0
0.0
0.0
0.0
0.0
0.0
0.0
0.0
0.0
0.0
0.0
0.0
0.0
0.0
0.0
0.0
0.0
0.0
0.0
0.0
0.0
0.0
0.0
0.0
0.0
0.0
0.0
0.0
0.0
0.0
0.0
0.0
0.0
0.0
475.0
475.0
475.0
475.0
0.0
187.5
190.0
190.0
127.5
0.0
187.5
187.5
190.0
182.5
0.0
0.0
0.0
0.0
0.0
0.0
0.0
0.0
0.0
0.0
0.0
0.0
0.0
0.0
0.0
0.0
0.0
0.0
0.0
0.0
0.0
0.0
0.0
0.0
0.0
0.0
0.0
0.0
0.0
0.0
0.0
0.0
0.0
0.0
0.0
0.0
0.0
0.0
0.0
0.0
320.0
160.0
0.0
0.0
0.0
160.0
470.0
190.0
0.0
0.0
0.0
760.0
600.0
760.0
0.0
0.0
0.0
0.0
150.0
75.0
300.0
235.0
30.0
0.0
0.0
0.0
0.0
0.0
150.0
75.0
300.0
235.0
30.0
0.0
150.0
0.0
150.0
0.0
0.0
150.0
0.0
0.0
150.0
75.0
0.0
150.0
75.0
0.0
150.0
0.0
0.0
0.0
150.0
0.0
160.0
150.0
0.0
160.0
150.0
0.0
160.0
160.0
160.0
160.0
160.0
0.0
0.0
160.0
160.0
160.0
160.0
160.0
0.0
50.0
50.0
50.0
50.0
50.0
0.0
50.0
50.0
50.0
50.0
50.0
0.0
50.0
50.0
50.0
50.0
50.0
0.0
0.0
0.0
0.0
50.0
50.0
50.0
50.0
50.0
0.0
0.0
0.0
0.0
0.0
0.0
0.0
0.0
0.0
0.0
0.0
0.0
0.0
0.0
0.0
0.0
325.0
160.0
330.0
170.0
0.0
0.0
325.0
160.0
330.0
170.0
0.0
0.0
325.0
160.0
330.0
0.0
0.0
325.0
160.0
330.0
170.0
0.0
0.0
325.0
160.0
0.0
0.0
325.0
160.0
330.0
0.0
0.0
325.0
160.0
330.0
0.0
0.0
325.0
160.0
0.0
0.0
325.0
160.0
330.0
170.0
0.0
0.0
0.0
325.0
160.0
0.0
0.0
325.0
160.0
330.0
170.0
0.0
0.0
245.0
70.0
240.0
165.0
0.0
0.0
220.0
50.0
220.0
55.0
0.0
0.0
220.0
50.0
55.0
215.0
0.0
0.0
320.0
160.0
160.0
195.0
0.0
0.0
0.0
330.0
160.0
320.0
0.0
0.0
0.0
305.0
230.0
70.0
0.0
0.0
0.0
465.0
305.0
310.0
0.0
0.0
0.0
470.0
310.0
305.0
0.0
0.0
0.0
530.0
370.0
210.0
0.0
0.0
0.0
470.0
310.0
210.0
0.0
0.0
0.0
470.0
310.0
210.0
0.0
0.0
0.0
525.0
460.0
310.0
0.0
0.0
0.0
160.0
320.0
50.0
0.0
0.0
0.0
325.0
165.0
0.0
0.0
0.0
0.0
0.0
320.0
160.0
0.0
0.0
0.0
0.0
320.0
100.0
0.0
0.0
0.0
0.0
0.0
535.0
0.0
0.0
0.0
0.0
0.0
385.0
0.0
0.0
0.0
0.0
0.0
470.0
0.0
0.0
0.0
0.0
0.0
465.0
0.0
0.0
0.0
0.0
0.0
0.0
0.0
0.0
0.0
0.0
0.0
470.0
0.0
0.0
0.0
0.0
0.0
470.0
0.0
0.0
0.0
0.0
0.0
470.0
0.0
0.0
0.0
0.0
0.0
470.0
0.0
0.0
0.0
0.0
0.0
470.0
0.0
550.0
405.0
260.0
115.0
0.0
0.0
0.0
187.5
190.0
190.0
47.5
0.0
187.5
187.5
110.0
105.0
0.0
162.5
522.5
465.0
307.5
0.0
187.5
187.5
190.0
182.5
0.0
187.5
187.5
190.0
182.5
0.0
187.5
187.5
190.0
182.5
0.0
187.5
187.5
190.0
182.5
0.0
187.5
187.5
190.0
182.5
0.0
187.5
187.5
190.0
182.5
0.0
187.5
187.5
190.0
182.5
0.0
187.5
187.5
190.0
182.5
0.0
187.5
187.5
190.0
182.5
0.0
187.5
187.5
190.0
182.5
0.0
187.5
187.5
190.0
182.5
0.0
0.0
0.0
0.0
0.0
187.5
190.0
190.0
127.5
0.0
