0.0
262.5
265.0
262.5
195.0
0.0
0.0
0.0
0.0
0.0
0.0
0.0
0.0
0.0
0.0
0.0
0.0
0.0
0.0
0.0
0.0
0.0
0.0
0.0
0.0
0.0
0.0
0.0
0.0
0.0
0.0
0.0
0.0
0.0
0.0
0.0
0.0
0.0
0.0
0.0
0.0
0.0
0.0
0.0
0.0
0.0
0.0
0.0
0.0
0.0
0.0
0.0
0.0
0.0
0.0
0.0
0.0
0.0
0.0
0.0
0.0
0.0
0.0
0.0
0.0
0.0
0.0
0.0
0.0
0.0
0.0
0.0
0.0
0.0
0.0
0.0
0.0
0.0
0.0
0.0
0.0
0.0
0.0
0.0
0.0
0.0
0.0
0.0
0.0
0.0
0.0
0.0
0.0
0.0
0.0
0.0
0.0
0.0
0.0
0.0
0.0
0.0
0.0
0.0
0.0
0.0
0.0
0.0
0.0
0.0
0.0
0.0
0.0
0.0
0.0
0.0
340.0
340.0
340.0
340.0
0.0
267.5
195.0
195.0
112.5
0.0
267.5
197.5
195.0
127.5
0.0
0.0
0.0
0.0
0.0
0.0
0.0
0.0
0.0
0.0
0.0
0.0
0.0
0.0
0.0
0.0
0.0
0.0
0.0
0.0
0.0
0.0
0.0
0.0
0.0
0.0
0.0
0.0
0.0
0.0
0.0
0.0
0.0
0.0
0.0
0.0
0.0
0.0
0.0
0.0
160.0
190.0
0.0
0.0
0.0
0.0
320.0
160.0
0.0
0.0
0.0
325.0
165.0
0.0
0.0
0.0
0.0
0.0
0.0
245.0
70.0
195.0
105.0
0.0
0.0
0.0
0.0
0.0
0.0
245.0
70.0
195.0
105.0
0.0
0.0
0.0
0.0
0.0
0.0
0.0
0.0
0.0
0.0
245.0
0.0
0.0
245.0
0.0
0.0
0.0
0.0
0.0
0.0
0.0
75.0
65.0
0.0
75.0
65.0
0.0
75.0
75.0
70.0
70.0
70.0
0.0
0.0
75.0
75.0
70.0
70.0
70.0
0.0
150.0
150.0
150.0
145.0
145.0
0.0
150.0
150.0
150.0
145.0
145.0
0.0
150.0
150.0
150.0
145.0
145.0
0.0
0.0
0.0
0.0
150.0
150.0
150.0
145.0
145.0
0.0
0.0
0.0
0.0
0.0
0.0
0.0
0.0
0.0
0.0
0.0
0.0
0.0
0.0
0.0
0.0
225.0
55.0
215.0
155.0
0.0
0.0
225.0
55.0
215.0
155.0
0.0
0.0
225.0
55.0
215.0
0.0
0.0
225.0
55.0
215.0
155.0
0.0
0.0
225.0
55.0
0.0
0.0
225.0
55.0
215.0
0.0
0.0
225.0
55.0
215.0
0.0
0.0
225.0
55.0
0.0
0.0
225.0
55.0
215.0
155.0
0.0
0.0
0.0
225.0
55.0
0.0
0.0
225.0
55.0
215.0
155.0
0.0
0.0
225.0
50.0
225.0
55.0
0.0
0.0
170.0
165.0
170.0
0.0
0.0
0.0
170.0
0.0
0.0
0.0
0.0
0.0
0.0
330.0
170.0
0.0
0.0
0.0
0.0
465.0
305.0
310.0
0.0
0.0
0.0
520.0
385.0
210.0
0.0
0.0
0.0
330.0
170.0
0.0
0.0
0.0
0.0
320.0
160.0
175.0
0.0
0.0
0.0
165.0
165.0
0.0
0.0
0.0
0.0
0.0
315.0
160.0
0.0
0.0
0.0
0.0
315.0
160.0
0.0
0.0
0.0
165.0
165.0
0.0
0.0
0.0
0.0
0.0
330.0
60.0
0.0
0.0
0.0
0.0
305.0
80.0
0.0
0.0
0.0
0.0
0.0
465.0
0.0
0.0
0.0
0.0
0.0
455.0
0.0
0.0
0.0
0.0
0.0
315.0
0.0
0.0
0.0
0.0
0.0
315.0
0.0
0.0
0.0
0.0
0.0
315.0
0.0
0.0
0.0
0.0
0.0
320.0
0.0
0.0
0.0
0.0
0.0
0.0
0.0
0.0
0.0
0.0
0.0
315.0
0.0
0.0
0.0
0.0
0.0
315.0
0.0
0.0
0.0
0.0
0.0
315.0
0.0
0.0
0.0
0.0
0.0
315.0
0.0
0.0
0.0
0.0
0.0
315.0
0.0
475.0
325.0
180.0
175.0
0.0
0.0
0.0
342.5
342.5
342.5
245.0
0.0
342.5
345.0
342.5
260.0
0.0
310.0
237.5
162.5
105.0
0.0
342.5
345.0
342.5
260.0
0.0
342.5
345.0
342.5
260.0
0.0
342.5
345.0
342.5
260.0
0.0
342.5
345.0
342.5
260.0
0.0
342.5
345.0
342.5
260.0
0.0
342.5
345.0
342.5
260.0
0.0
342.5
345.0
342.5
260.0
0.0
342.5
345.0
342.5
260.0
0.0
342.5
345.0
342.5
260.0
0.0
342.5
345.0
342.5
260.0
0.0
342.5
345.0
342.5
260.0
0.0
0.0
0.0
0.0
0.0
342.5
342.5
342.5
245.0
0.0
