0.0
137.5
140.0
142.5
142.5
0.0
137.5
140.0
140.0
140.0
140.0
0.0
137.5
140.0
140.0
140.0
140.0
0.0
175.0
140.0
140.0
140.0
140.0
0.0
175.0
140.0
140.0
140.0
140.0
0.0
137.5
140.0
140.0
140.0
140.0
0.0
137.5
140.0
140.0
140.0
140.0
0.0
137.5
140.0
140.0
140.0
140.0
0.0
137.5
140.0
140.0
140.0
140.0
0.0
175.0
177.5
140.0
140.0
140.0
0.0
137.5
0.0
137.5
140.0
140.0
140.0
140.0
0.0
137.5
0.0
137.5
0.0
137.5
140.0
140.0
140.0
140.0
0.0
137.5
140.0
140.0
140.0
140.0
0.0
137.5
140.0
140.0
140.0
140.0
0.0
137.5
140.0
140.0
140.0
140.0
0.0
175.0
140.0
140.0
140.0
140.0
0.0
175.0
140.0
140.0
140.0
140.0
0.0
175.0
140.0
140.0
140.0
140.0
0.0
175.0
140.0
140.0
140.0
140.0
0.0
175.0
177.5
140.0
140.0
0.0
175.0
177.5
180.0
142.5
0.0
175.0
177.5
180.0
180.0
0.0
175.0
140.0
140.0
140.0
140.0
0.0
175.0
140.0
140.0
140.0
140.0
0.0
175.0
140.0
140.0
140.0
140.0
0.0
175.0
140.0
140.0
140.0
140.0
0.0
175.0
177.5
177.5
140.0
140.0
0.0
175.0
140.0
140.0
140.0
140.0
0.0
150.0
115.0
190.0
110.0
225.0
0.0
150.0
190.0
110.0
180.0
105.0
0.0
150.0
190.0
105.0
270.0
85.0
0.0
150.0
0.0
150.0
0.0
150.0
0.0
137.5
115.0
285.0
205.0
0.0
0.0
137.5
0.0
137.5
0.0
137.5
0.0
137.5
0.0
137.5
115.0
285.0
205.0
0.0
0.0
137.5
115.0
0.0
137.5
115.0
0.0
137.5
0.0
137.5
115.0
0.0
137.5
0.0
137.5
115.0
285.0
0.0
137.5
115.0
285.0
0.0
137.5
115.0
0.0
137.5
0.0
137.5
0.0
137.5
115.0
0.0
137.5
140.0
0.0
137.5
140.0
0.0
137.5
140.0
140.0
140.0
140.0
0.0
137.5
0.0
137.5
140.0
140.0
140.0
140.0
0.0
102.5
105.0
105.0
105.0
105.0
0.0
102.5
105.0
105.0
105.0
105.0
0.0
102.5
105.0
105.0
105.0
105.0
0.0
102.5
0.0
102.5
0.0
102.5
0.0
102.5
105.0
105.0
105.0
105.0
0.0
102.5
0.0
102.5
0.0
102.5
0.0
102.5
0.0
102.5
0.0
102.5
0.0
102.5
0.0
102.5
0.0
102.5
0.0
102.5
0.0
102.5
0.0
102.5
0.0
102.5
0.0
102.5
0.0
102.5
105.0
170.0
90.0
185.0
0.0
102.5
105.0
170.0
90.0
185.0
0.0
102.5
105.0
170.0
90.0
185.0
0.0
102.5
105.0
170.0
90.0
185.0
0.0
102.5
105.0
170.0
90.0
0.0
102.5
105.0
170.0
90.0
185.0
0.0
102.5
105.0
170.0
90.0
185.0
0.0
102.5
105.0
170.0
90.0
0.0
102.5
105.0
170.0
90.0
185.0
0.0
102.5
0.0
102.5
105.0
170.0
90.0
0.0
102.5
105.0
170.0
90.0
185.0
0.0
150.0
190.0
105.0
265.0
110.0
0.0
150.0
190.0
105.0
265.0
110.0
0.0
150.0
190.0
105.0
180.0
110.0
0.0
150.0
190.0
105.0
265.0
110.0
0.0
150.0
190.0
105.0
265.0
110.0
0.0
150.0
190.0
105.0
175.0
110.0
0.0
150.0
190.0
105.0
265.0
110.0
0.0
150.0
190.0
105.0
175.0
110.0
0.0
150.0
190.0
105.0
265.0
110.0
0.0
175.0
97.5
97.5
97.5
97.5
0.0
175.0
97.5
97.5
97.5
97.5
0.0
150.0
190.0
105.0
265.0
110.0
0.0
175.0
97.5
97.5
97.5
97.5
0.0
175.0
97.5
97.5
97.5
97.5
0.0
175.0
97.5
97.5
97.5
97.5
0.0
175.0
97.5
97.5
97.5
97.5
0.0
175.0
97.5
97.5
97.5
97.5
0.0
175.0
177.5
97.5
97.5
97.5
0.0
175.0
177.5
97.5
97.5
97.5
0.0
175.0
177.5
177.5
97.5
97.5
0.0
175.0
177.5
177.5
177.5
177.5
0.0
175.0
177.5
97.5
97.5
97.5
0.0
175.0
177.5
97.5
97.5
97.5
0.0
175.0
177.5
97.5
97.5
97.5
0.0
175.0
177.5
97.5
97.5
97.5
0.0
175.0
177.5
97.5
97.5
97.5
0.0
175.0
177.5
177.5
177.5
0.0
145.0
0.0
175.0
177.5
100.0
100.0
0.0
175.0
177.5
180.0
100.0
0.0
150.0
202.5
155.0
155.0
0.0
175.0
177.5
180.0
180.0
0.0
175.0
177.5
180.0
180.0
0.0
175.0
177.5
180.0
180.0
0.0
175.0
177.5
180.0
180.0
0.0
175.0
177.5
180.0
180.0
0.0
175.0
177.5
180.0
180.0
0.0
175.0
177.5
180.0
180.0
0.0
175.0
177.5
180.0
180.0
0.0
175.0
177.5
180.0
180.0
0.0
175.0
177.5
180.0
180.0
0.0
175.0
177.5
180.0
180.0
0.0
0.0
97.5
0.0
175.0
0.0
175.0
177.5
180.0
180.0
0.0
97.5
