0.0
195.0
197.5
195.0
152.5
0.0
0.0
0.0
0.0
0.0
0.0
0.0
0.0
0.0
0.0
0.0
0.0
0.0
0.0
0.0
0.0
0.0
0.0
0.0
0.0
0.0
0.0
0.0
0.0
0.0
0.0
0.0
0.0
0.0
0.0
0.0
0.0
0.0
0.0
0.0
0.0
0.0
0.0
0.0
0.0
0.0
0.0
0.0
0.0
0.0
0.0
0.0
0.0
0.0
0.0
0.0
0.0
0.0
0.0
0.0
0.0
0.0
0.0
0.0
0.0
0.0
0.0
0.0
0.0
0.0
0.0
0.0
0.0
0.0
0.0
0.0
0.0
0.0
0.0
0.0
0.0
0.0
0.0
0.0
0.0
0.0
0.0
0.0
0.0
0.0
0.0
0.0
0.0
0.0
0.0
0.0
0.0
0.0
0.0
0.0
0.0
0.0
0.0
0.0
0.0
0.0
0.0
0.0
0.0
0.0
0.0
0.0
0.0
0.0
0.0
0.0
370.0
370.0
370.0
310.0
0.0
195.0
195.0
195.0
137.5
0.0
195.0
197.5
195.0
152.5
0.0
0.0
0.0
0.0
0.0
0.0
0.0
0.0
0.0
0.0
0.0
0.0
0.0
0.0
0.0
0.0
0.0
0.0
0.0
0.0
0.0
0.0
0.0
0.0
0.0
0.0
0.0
0.0
0.0
0.0
0.0
0.0
0.0
0.0
0.0
0.0
0.0
0.0
0.0
0.0
0.0
80.0
0.0
0.0
0.0
0.0
330.0
170.0
0.0
0.0
0.0
0.0
465.0
305.0
0.0
0.0
0.0
0.0
0.0
240.0
75.0
310.0
135.0
0.0
0.0
0.0
0.0
0.0
0.0
240.0
75.0
310.0
135.0
0.0
0.0
0.0
0.0
0.0
0.0
0.0
0.0
0.0
0.0
240.0
0.0
0.0
240.0
0.0
0.0
0.0
0.0
0.0
0.0
0.0
75.0
65.0
0.0
75.0
65.0
0.0
75.0
75.0
75.0
75.0
75.0
0.0
0.0
75.0
75.0
75.0
75.0
75.0
0.0
50.0
50.0
55.0
55.0
50.0
0.0
50.0
50.0
55.0
55.0
50.0
0.0
50.0
50.0
55.0
55.0
50.0
0.0
0.0
0.0
0.0
50.0
50.0
55.0
55.0
50.0
0.0
0.0
0.0
0.0
0.0
0.0
0.0
0.0
0.0
0.0
0.0
0.0
0.0
0.0
0.0
0.0
245.0
70.0
240.0
50.0
0.0
0.0
245.0
70.0
240.0
50.0
0.0
0.0
245.0
70.0
240.0
0.0
0.0
245.0
70.0
240.0
50.0
0.0
0.0
245.0
70.0
0.0
0.0
245.0
70.0
240.0
0.0
0.0
245.0
70.0
240.0
0.0
0.0
245.0
70.0
0.0
0.0
245.0
70.0
240.0
50.0
0.0
0.0
0.0
245.0
70.0
0.0
0.0
245.0
70.0
240.0
50.0
0.0
0.0
165.0
0.0
165.0
0.0
0.0
0.0
0.0
325.0
160.0
325.0
0.0
0.0
0.0
330.0
160.0
315.0
0.0
0.0
0.0
245.0
170.0
0.0
0.0
0.0
0.0
530.0
375.0
210.0
0.0
0.0
0.0
145.0
460.0
290.0
0.0
0.0
0.0
0.0
330.0
160.0
0.0
0.0
0.0
0.0
160.0
220.0
0.0
0.0
0.0
0.0
0.0
325.0
0.0
0.0
0.0
0.0
240.0
170.0
0.0
0.0
0.0
0.0
240.0
170.0
0.0
0.0
0.0
0.0
0.0
320.0
0.0
0.0
0.0
0.0
0.0
320.0
0.0
0.0
0.0
0.0
0.0
320.0
0.0
0.0
0.0
0.0
0.0
345.0
0.0
0.0
0.0
0.0
0.0
125.0
0.0
0.0
0.0
0.0
0.0
125.0
0.0
0.0
0.0
0.0
0.0
0.0
0.0
0.0
0.0
0.0
0.0
0.0
0.0
0.0
0.0
0.0
0.0
0.0
0.0
0.0
0.0
0.0
0.0
0.0
0.0
0.0
0.0
0.0
0.0
0.0
0.0
0.0
0.0
0.0
0.0
0.0
0.0
0.0
0.0
0.0
0.0
0.0
0.0
0.0
0.0
0.0
0.0
0.0
0.0
0.0
0.0
0.0
0.0
0.0
0.0
340.0
190.0
185.0
190.0
0.0
0.0
0.0
227.5
227.5
227.5
105.0
0.0
227.5
230.0
227.5
105.0
0.0
195.0
165.0
212.5
120.0
0.0
227.5
230.0
227.5
185.0
0.0
227.5
230.0
227.5
185.0
0.0
227.5
230.0
227.5
185.0
0.0
227.5
230.0
227.5
185.0
0.0
227.5
230.0
227.5
185.0
0.0
227.5
230.0
227.5
185.0
0.0
227.5
230.0
227.5
185.0
0.0
227.5
230.0
227.5
185.0
0.0
227.5
230.0
227.5
185.0
0.0
227.5
230.0
227.5
185.0
0.0
227.5
230.0
227.5
185.0
0.0
0.0
0.0
0.0
0.0
227.5
227.5
227.5
170.0
0.0
