0.0
210.0
212.5
210.0
212.5
0.0
210.0
212.5
215.0
215.0
210.0
0.0
210.0
212.5
215.0
215.0
210.0
0.0
210.0
212.5
215.0
215.0
210.0
0.0
210.0
212.5
215.0
215.0
210.0
0.0
210.0
212.5
215.0
215.0
210.0
0.0
210.0
212.5
215.0
215.0
210.0
0.0
210.0
212.5
215.0
215.0
210.0
0.0
215.0
142.5
142.5
142.5
140.0
0.0
215.0
142.5
142.5
142.5
140.0
0.0
210.0
0.0
210.0
212.5
215.0
215.0
210.0
0.0
210.0
0.0
210.0
0.0
210.0
212.5
215.0
215.0
210.0
0.0
210.0
212.5
215.0
215.0
210.0
0.0
210.0
212.5
215.0
215.0
210.0
0.0
210.0
212.5
215.0
215.0
210.0
0.0
210.0
212.5
215.0
215.0
210.0
0.0
210.0
212.5
215.0
215.0
210.0
0.0
210.0
212.5
215.0
215.0
210.0
0.0
210.0
212.5
215.0
215.0
210.0
0.0
210.0
212.5
215.0
215.0
0.0
210.0
212.5
215.0
212.5
0.0
210.0
212.5
210.0
212.5
0.0
210.0
212.5
215.0
215.0
210.0
0.0
210.0
212.5
215.0
215.0
210.0
0.0
210.0
212.5
215.0
215.0
210.0
0.0
172.5
175.0
175.0
175.0
170.0
0.0
172.5
175.0
175.0
175.0
170.0
0.0
210.0
212.5
215.0
215.0
210.0
0.0
247.5
250.0
170.0
170.0
165.0
0.0
210.0
212.5
140.0
140.0
135.0
0.0
210.0
212.5
140.0
210.0
105.0
0.0
210.0
0.0
210.0
0.0
210.0
0.0
210.0
187.5
347.5
267.5
125.0
0.0
210.0
0.0
210.0
0.0
210.0
0.0
210.0
0.0
210.0
187.5
347.5
267.5
125.0
0.0
210.0
187.5
0.0
210.0
187.5
0.0
210.0
0.0
210.0
187.5
0.0
210.0
0.0
210.0
187.5
347.5
0.0
210.0
187.5
347.5
0.0
210.0
187.5
0.0
210.0
0.0
210.0
0.0
210.0
187.5
0.0
210.0
212.5
0.0
210.0
212.5
0.0
210.0
212.5
215.0
215.0
210.0
0.0
210.0
0.0
210.0
212.5
215.0
215.0
210.0
0.0
147.5
150.0
147.5
147.5
145.0
0.0
147.5
150.0
147.5
147.5
145.0
0.0
147.5
150.0
147.5
147.5
145.0
0.0
147.5
0.0
147.5
0.0
147.5
0.0
147.5
150.0
147.5
147.5
145.0
0.0
147.5
0.0
147.5
0.0
147.5
0.0
147.5
0.0
147.5
0.0
147.5
0.0
147.5
0.0
147.5
0.0
147.5
0.0
147.5
0.0
147.5
0.0
147.5
0.0
147.5
0.0
147.5
0.0
147.5
162.5
87.5
247.5
80.0
0.0
147.5
162.5
87.5
247.5
80.0
0.0
147.5
162.5
87.5
247.5
80.0
0.0
147.5
162.5
87.5
247.5
80.0
0.0
147.5
162.5
87.5
247.5
0.0
147.5
162.5
87.5
247.5
80.0
0.0
147.5
162.5
87.5
247.5
80.0
0.0
147.5
162.5
87.5
247.5
0.0
147.5
162.5
87.5
247.5
80.0
0.0
147.5
0.0
147.5
162.5
87.5
247.5
0.0
147.5
162.5
87.5
247.5
80.0
0.0
147.5
162.5
87.5
247.5
80.0
0.0
147.5
187.5
102.5
262.5
105.0
0.0
147.5
162.5
87.5
247.5
80.0
0.0
147.5
162.5
87.5
247.5
80.0
0.0
147.5
162.5
87.5
247.5
80.0
0.0
147.5
187.5
102.5
262.5
105.0
0.0
147.5
162.5
87.5
247.5
80.0
0.0
147.5
327.5
247.5
402.5
235.0
0.0
147.5
187.5
102.5
262.5
105.0
0.0
147.5
187.5
102.5
262.5
105.0
0.0
147.5
187.5
102.5
262.5
105.0
0.0
147.5
187.5
102.5
262.5
105.0
0.0
147.5
150.0
147.5
147.5
145.0
0.0
147.5
150.0
147.5
147.5
145.0
0.0
147.5
150.0
147.5
147.5
145.0
0.0
147.5
150.0
147.5
147.5
145.0
0.0
147.5
150.0
147.5
147.5
145.0
0.0
147.5
150.0
147.5
147.5
145.0
0.0
147.5
150.0
147.5
147.5
145.0
0.0
147.5
150.0
147.5
147.5
145.0
0.0
147.5
150.0
147.5
147.5
145.0
0.0
147.5
150.0
147.5
147.5
145.0
0.0
147.5
150.0
147.5
147.5
145.0
0.0
147.5
150.0
147.5
147.5
145.0
0.0
147.5
150.0
147.5
147.5
145.0
0.0
147.5
150.0
147.5
147.5
145.0
0.0
147.5
150.0
147.5
150.0
0.0
145.0
0.0
147.5
150.0
147.5
145.0
0.0
147.5
150.0
145.0
150.0
0.0
215.0
142.5
112.5
117.5
0.0
247.5
250.0
245.0
250.0
0.0
247.5
250.0
245.0
250.0
0.0
247.5
250.0
245.0
250.0
0.0
247.5
250.0
245.0
250.0
0.0
247.5
250.0
245.0
250.0
0.0
247.5
250.0
245.0
250.0
0.0
247.5
250.0
245.0
250.0
0.0
247.5
250.0
245.0
250.0
0.0
247.5
250.0
245.0
250.0
0.0
247.5
250.0
245.0
250.0
0.0
247.5
250.0
245.0
250.0
0.0
0.0
170.0
0.0
0.0
0.0
0.0
0.0
0.0
0.0
0.0
247.5
0.0
247.5
250.0
250.0
247.5
0.0
0.0
170.0
