0.0
182.5
182.5
182.5
182.5
0.0
0.0
655.0
655.0
675.0
610.0
0.0
0.0
290.0
290.0
300.0
285.0
0.0
0.0
0.0
75.0
75.0
135.0
0.0
0.0
0.0
0.0
0.0
65.0
0.0
0.0
655.0
655.0
675.0
610.0
0.0
0.0
655.0
655.0
675.0
610.0
0.0
0.0
510.0
510.0
525.0
460.0
0.0
0.0
295.0
295.0
300.0
285.0
0.0
0.0
0.0
0.0
0.0
0.0
0.0
0.0
0.0
655.0
655.0
675.0
610.0
0.0
0.0
0.0
0.0
655.0
655.0
675.0
0.0
0.0
655.0
655.0
675.0
610.0
0.0
0.0
655.0
655.0
675.0
610.0
0.0
0.0
655.0
655.0
675.0
610.0
0.0
0.0
0.0
0.0
0.0
0.0
0.0
0.0
0.0
0.0
0.0
0.0
0.0
0.0
0.0
0.0
0.0
0.0
0.0
0.0
0.0
0.0
0.0
0.0
0.0
147.5
145.0
147.5
140.0
0.0
147.5
145.0
142.5
70.0
0.0
147.5
147.5
145.0
147.5
0.0
0.0
0.0
0.0
0.0
0.0
0.0
0.0
0.0
0.0
0.0
0.0
0.0
0.0
0.0
0.0
0.0
0.0
0.0
0.0
0.0
0.0
0.0
0.0
0.0
0.0
0.0
0.0
0.0
0.0
0.0
0.0
0.0
0.0
0.0
0.0
0.0
0.0
0.0
330.0
170.0
165.0
0.0
0.0
245.0
235.0
70.0
300.0
0.0
0.0
275.0
125.0
125.0
130.0
0.0
0.0
0.0
0.0
330.0
155.0
325.0
160.0
385.0
0.0
0.0
0.0
0.0
0.0
330.0
155.0
325.0
160.0
385.0
0.0
330.0
0.0
330.0
0.0
0.0
330.0
0.0
0.0
330.0
155.0
0.0
330.0
155.0
0.0
330.0
0.0
0.0
0.0
330.0
0.0
170.0
170.0
0.0
170.0
170.0
0.0
170.0
170.0
165.0
170.0
170.0
0.0
0.0
170.0
170.0
165.0
170.0
170.0
0.0
145.0
145.0
145.0
150.0
145.0
0.0
145.0
145.0
145.0
150.0
145.0
0.0
145.0
145.0
145.0
150.0
145.0
0.0
0.0
0.0
0.0
145.0
145.0
145.0
150.0
145.0
0.0
0.0
0.0
0.0
0.0
0.0
0.0
0.0
0.0
0.0
0.0
0.0
0.0
0.0
0.0
305.0
145.0
70.0
240.0
70.0
0.0
305.0
145.0
70.0
240.0
70.0
0.0
305.0
145.0
70.0
240.0
0.0
305.0
145.0
70.0
240.0
70.0
0.0
305.0
145.0
70.0
0.0
305.0
145.0
70.0
240.0
0.0
305.0
145.0
70.0
240.0
0.0
305.0
145.0
70.0
0.0
305.0
145.0
70.0
240.0
70.0
0.0
0.0
305.0
145.0
70.0
0.0
305.0
145.0
70.0
240.0
70.0
0.0
325.0
160.0
300.0
230.0
155.0
0.0
325.0
165.0
165.0
170.0
165.0
0.0
330.0
165.0
165.0
170.0
165.0
0.0
325.0
165.0
165.0
170.0
165.0
0.0
605.0
455.0
310.0
145.0
295.0
0.0
420.0
345.0
200.0
425.0
310.0
0.0
460.0
315.0
180.0
180.0
0.0
0.0
330.0
255.0
110.0
110.0
50.0
0.0
330.0
255.0
110.0
110.0
50.0
0.0
195.0
355.0
195.0
355.0
180.0
0.0
195.0
355.0
195.0
355.0
180.0
0.0
330.0
255.0
110.0
110.0
50.0
0.0
0.0
465.0
305.0
305.0
290.0
0.0
0.0
385.0
225.0
225.0
60.0
0.0
0.0
465.0
305.0
305.0
290.0
0.0
0.0
465.0
305.0
305.0
290.0
0.0
0.0
465.0
305.0
305.0
290.0
0.0
0.0
660.0
515.0
370.0
180.0
0.0
0.0
660.0
515.0
370.0
180.0
0.0
0.0
660.0
515.0
370.0
180.0
0.0
0.0
660.0
515.0
365.0
180.0
0.0
0.0
660.0
515.0
370.0
180.0
0.0
0.0
660.0
515.0
370.0
180.0
0.0
0.0
660.0
515.0
370.0
180.0
0.0
0.0
660.0
515.0
370.0
180.0
0.0
0.0
660.0
515.0
370.0
180.0
0.0
220.0
107.5
112.5
105.0
0.0
0.0
0.0
220.0
120.0
117.5
60.0
0.0
220.0
110.0
110.0
110.0
0.0
147.5
122.5
390.0
337.5
0.0
220.0
220.0
217.5
220.0
0.0
220.0
220.0
217.5
220.0
0.0
220.0
220.0
217.5
220.0
0.0
220.0
220.0
217.5
220.0
0.0
220.0
220.0
217.5
220.0
0.0
220.0
220.0
217.5
220.0
0.0
220.0
220.0
217.5
220.0
0.0
220.0
220.0
217.5
220.0
0.0
220.0
220.0
217.5
220.0
0.0
220.0
220.0
217.5
220.0
0.0
220.0
220.0
217.5
220.0
0.0
0.0
0.0
0.0
0.0
220.0
217.5
215.0
142.5
0.0
