0.0
172.5
142.5
142.5
142.5
0.0
172.5
140.0
142.5
142.5
142.5
0.0
172.5
140.0
142.5
142.5
142.5
0.0
172.5
140.0
142.5
142.5
142.5
0.0
172.5
140.0
142.5
142.5
142.5
0.0
172.5
140.0
142.5
142.5
142.5
0.0
172.5
140.0
142.5
142.5
142.5
0.0
172.5
140.0
142.5
142.5
142.5
0.0
172.5
140.0
142.5
142.5
142.5
0.0
172.5
140.0
142.5
142.5
142.5
0.0
172.5
0.0
172.5
140.0
142.5
142.5
142.5
0.0
172.5
0.0
172.5
0.0
172.5
140.0
142.5
142.5
142.5
0.0
172.5
140.0
142.5
142.5
142.5
0.0
172.5
140.0
142.5
142.5
142.5
0.0
172.5
140.0
142.5
142.5
142.5
0.0
172.5
170.0
175.0
172.5
142.5
0.0
172.5
170.0
175.0
172.5
142.5
0.0
172.5
170.0
175.0
172.5
142.5
0.0
172.5
170.0
175.0
172.5
142.5
0.0
172.5
170.0
175.0
175.0
0.0
172.5
170.0
140.0
140.0
0.0
172.5
172.5
175.0
172.5
0.0
172.5
170.0
175.0
172.5
142.5
0.0
172.5
170.0
175.0
172.5
142.5
0.0
172.5
170.0
175.0
172.5
142.5
0.0
172.5
170.0
175.0
172.5
142.5
0.0
172.5
170.0
175.0
172.5
142.5
0.0
172.5
170.0
175.0
172.5
142.5
0.0
247.5
245.0
170.0
167.5
167.5
0.0
172.5
170.0
95.0
92.5
92.5
0.0
247.5
245.0
170.0
167.5
167.5
0.0
247.5
0.0
247.5
0.0
247.5
0.0
172.5
140.0
62.5
232.5
192.5
0.0
172.5
0.0
172.5
0.0
172.5
0.0
172.5
0.0
172.5
140.0
62.5
232.5
192.5
0.0
172.5
140.0
0.0
172.5
140.0
0.0
172.5
0.0
172.5
140.0
0.0
172.5
0.0
172.5
140.0
62.5
0.0
172.5
140.0
62.5
0.0
172.5
140.0
0.0
172.5
0.0
172.5
0.0
172.5
140.0
0.0
172.5
140.0
60.0
0.0
172.5
140.0
60.0
0.0
172.5
140.0
60.0
0.0
172.5
140.0
60.0
0.0
142.5
62.5
90.0
0.0
172.5
140.0
60.0
0.0
172.5
142.5
140.0
142.5
142.5
142.5
142.5
142.5
142.5
140.0
140.0
137.5
122.5
107.5
0.0
172.5
142.5
140.0
142.5
142.5
142.5
142.5
142.5
142.5
140.0
140.0
137.5
122.5
107.5
0.0
172.5
142.5
140.0
142.5
142.5
142.5
142.5
142.5
142.5
140.0
140.0
137.5
122.5
107.5
0.0
172.5
142.5
140.0
142.5
142.5
142.5
142.5
142.5
142.5
140.0
140.0
137.5
122.5
107.5
0.0
172.5
142.5
140.0
142.5
142.5
142.5
142.5
142.5
142.5
140.0
140.0
137.5
122.5
107.5
0.0
172.5
172.5
172.5
175.0
175.0
175.0
172.5
175.0
175.0
170.0
170.0
167.5
152.5
137.5
0.0
172.5
172.5
172.5
175.0
175.0
175.0
172.5
175.0
175.0
170.0
170.0
167.5
152.5
137.5
0.0
172.5
172.5
172.5
175.0
175.0
175.0
172.5
175.0
175.0
170.0
170.0
167.5
152.5
137.5
0.0
172.5
172.5
172.5
175.0
175.0
175.0
172.5
175.0
175.0
170.0
170.0
167.5
152.5
137.5
0.0
172.5
170.0
0.0
172.5
170.0
0.0
172.5
170.0
175.0
172.5
172.5
0.0
172.5
0.0
172.5
170.0
175.0
172.5
172.5
0.0
172.5
0.0
172.5
0.0
172.5
0.0
172.5
0.0
172.5
0.0
172.5
0.0
172.5
0.0
147.5
0.0
147.5
145.0
147.5
145.0
145.0
0.0
147.5
145.0
147.5
145.0
145.0
0.0
147.5
0.0
147.5
0.0
147.5
0.0
147.5
0.0
147.5
145.0
85.0
0.0
147.5
145.0
85.0
0.0
147.5
145.0
147.5
145.0
145.0
0.0
147.5
0.0
147.5
0.0
147.5
0.0
147.5
145.0
147.5
145.0
145.0
0.0
147.5
0.0
147.5
0.0
147.5
0.0
147.5
0.0
147.5
0.0
147.5
0.0
147.5
0.0
147.5
0.0
147.5
0.0
147.5
0.0
147.5
0.0
147.5
0.0
147.5
0.0
147.5
0.0
147.5
145.0
147.5
145.0
145.0
0.0
147.5
145.0
147.5
145.0
145.0
0.0
147.5
145.0
147.5
145.0
145.0
0.0
147.5
145.0
147.5
145.0
145.0
0.0
147.5
145.0
147.5
145.0
0.0
147.5
145.0
147.5
145.0
145.0
0.0
147.5
145.0
147.5
145.0
145.0
0.0
147.5
145.0
147.5
145.0
0.0
147.5
145.0
147.5
145.0
145.0
0.0
147.5
0.0
147.5
145.0
147.5
145.0
0.0
147.5
145.0
147.5
145.0
145.0
0.0
147.5
145.0
147.5
145.0
145.0
0.0
147.5
145.0
147.5
145.0
145.0
0.0
147.5
145.0
147.5
145.0
145.0
0.0
147.5
145.0
147.5
145.0
145.0
0.0
147.5
145.0
147.5
145.0
145.0
0.0
147.5
145.0
147.5
145.0
145.0
0.0
147.5
145.0
147.5
145.0
145.0
0.0
147.5
145.0
147.5
145.0
145.0
0.0
147.5
145.0
147.5
145.0
145.0
0.0
147.5
145.0
147.5
145.0
145.0
0.0
147.5
145.0
147.5
145.0
145.0
0.0
147.5
145.0
147.5
145.0
145.0
0.0
147.5
145.0
147.5
145.0
145.0
0.0
147.5
145.0
147.5
145.0
145.0
0.0
147.5
145.0
147.5
145.0
145.0
0.0
147.5
145.0
147.5
145.0
145.0
0.0
147.5
145.0
147.5
145.0
145.0
0.0
147.5
145.0
147.5
145.0
145.0
0.0
147.5
145.0
147.5
145.0
145.0
0.0
147.5
145.0
147.5
145.0
145.0
0.0
147.5
145.0
147.5
145.0
145.0
0.0
147.5
145.0
147.5
145.0
145.0
0.0
147.5
145.0
147.5
145.0
145.0
0.0
147.5
145.0
147.5
145.0
145.0
0.0
147.5
145.0
147.5
145.0
145.0
0.0
147.5
145.0
147.5
145.0
145.0
0.0
147.5
145.0
147.5
147.5
0.0
147.5
0.0
147.5
145.0
147.5
147.5
0.0
147.5
147.5
147.5
145.0
0.0
217.5
142.5
115.0
115.0
0.0
247.5
247.5
250.0
247.5
0.0
247.5
247.5
250.0
247.5
0.0
247.5
247.5
250.0
247.5
0.0
247.5
247.5
250.0
247.5
0.0
247.5
247.5
250.0
247.5
0.0
247.5
247.5
250.0
247.5
0.0
247.5
247.5
250.0
247.5
0.0
247.5
247.5
250.0
247.5
0.0
247.5
247.5
250.0
247.5
0.0
247.5
247.5
250.0
247.5
0.0
247.5
247.5
250.0
247.5
0.0
0.0
167.5
0.0
0.0
247.5
0.0
247.5
0.0
247.5
0.0
247.5
0.0
247.5
245.0
247.5
247.5
167.5
0.0
167.5
