0.0
192.5
192.5
190.0
192.5
0.0
215.0
215.0
215.0
210.0
210.0
0.0
215.0
215.0
210.0
205.0
205.0
0.0
205.0
205.0
200.0
200.0
195.0
0.0
190.0
190.0
185.0
185.0
180.0
0.0
215.0
215.0
215.0
210.0
210.0
0.0
215.0
215.0
215.0
210.0
210.0
0.0
215.0
215.0
215.0
210.0
210.0
0.0
310.0
305.0
305.0
305.0
300.0
0.0
435.0
435.0
430.0
425.0
295.0
0.0
0.0
215.0
215.0
215.0
210.0
210.0
0.0
0.0
0.0
215.0
215.0
215.0
210.0
0.0
215.0
215.0
215.0
210.0
210.0
0.0
215.0
215.0
215.0
210.0
210.0
0.0
215.0
215.0
215.0
210.0
210.0
0.0
50.0
555.0
555.0
555.0
560.0
0.0
50.0
555.0
555.0
555.0
560.0
0.0
50.0
555.0
555.0
555.0
560.0
0.0
50.0
555.0
555.0
555.0
560.0
0.0
192.5
190.0
190.0
190.0
0.0
192.5
190.0
187.5
105.0
0.0
192.5
192.5
190.0
192.5
0.0
50.0
555.0
555.0
555.0
560.0
0.0
0.0
725.0
725.0
730.0
730.0
0.0
0.0
665.0
665.0
665.0
670.0
0.0
0.0
665.0
665.0
665.0
670.0
0.0
0.0
735.0
735.0
740.0
740.0
0.0
50.0
505.0
505.0
505.0
510.0
0.0
0.0
130.0
125.0
125.0
130.0
0.0
605.0
455.0
310.0
145.0
295.0
0.0
620.0
465.0
465.0
300.0
510.0
0.0
0.0
0.0
0.0
225.0
150.0
145.0
145.0
140.0
0.0
0.0
0.0
0.0
0.0
225.0
150.0
145.0
145.0
140.0
0.0
225.0
0.0
225.0
0.0
0.0
225.0
0.0
0.0
225.0
150.0
0.0
225.0
150.0
0.0
225.0
0.0
0.0
0.0
225.0
150.0
0.0
50.0
50.0
0.0
50.0
50.0
0.0
50.0
50.0
50.0
50.0
50.0
0.0
0.0
50.0
50.0
50.0
50.0
50.0
0.0
55.0
55.0
50.0
50.0
50.0
0.0
55.0
55.0
50.0
50.0
50.0
0.0
55.0
55.0
50.0
50.0
50.0
0.0
0.0
0.0
0.0
55.0
55.0
50.0
50.0
50.0
0.0
0.0
0.0
0.0
0.0
0.0
0.0
0.0
0.0
0.0
0.0
0.0
0.0
0.0
0.0
300.0
220.0
160.0
325.0
165.0
0.0
300.0
220.0
160.0
325.0
165.0
0.0
300.0
220.0
160.0
325.0
165.0
0.0
300.0
220.0
160.0
325.0
165.0
0.0
300.0
220.0
160.0
0.0
300.0
220.0
160.0
325.0
0.0
300.0
220.0
160.0
325.0
0.0
300.0
220.0
160.0
0.0
300.0
220.0
160.0
325.0
165.0
0.0
0.0
300.0
220.0
160.0
0.0
300.0
220.0
160.0
325.0
165.0
0.0
310.0
230.0
160.0
320.0
165.0
0.0
310.0
230.0
160.0
325.0
165.0
0.0
520.0
450.0
290.0
520.0
380.0
0.0
520.0
365.0
215.0
375.0
310.0
0.0
325.0
170.0
165.0
0.0
330.0
0.0
390.0
245.0
100.0
100.0
100.0
0.0
560.0
495.0
345.0
200.0
495.0
0.0
395.0
245.0
105.0
105.0
100.0
0.0
395.0
245.0
105.0
105.0
100.0
0.0
220.0
215.0
220.0
225.0
215.0
0.0
220.0
215.0
220.0
225.0
215.0
0.0
395.0
345.0
200.0
360.0
200.0
0.0
550.0
485.0
345.0
200.0
360.0
0.0
550.0
485.0
345.0
200.0
360.0
0.0
550.0
405.0
265.0
115.0
115.0
0.0
550.0
405.0
265.0
115.0
115.0
0.0
550.0
405.0
265.0
115.0
115.0
0.0
550.0
405.0
265.0
115.0
115.0
0.0
550.0
405.0
265.0
115.0
115.0
0.0
550.0
405.0
265.0
115.0
115.0
0.0
550.0
405.0
265.0
115.0
115.0
0.0
550.0
405.0
265.0
115.0
115.0
0.0
550.0
405.0
265.0
115.0
115.0
0.0
550.0
405.0
265.0
115.0
115.0
0.0
550.0
405.0
265.0
115.0
115.0
0.0
550.0
405.0
265.0
115.0
115.0
0.0
192.5
190.0
110.0
110.0
0.0
0.0
0.0
192.5
190.0
110.0
50.0
0.0
192.5
192.5
190.0
192.5
0.0
165.0
290.0
230.0
165.0
0.0
192.5
192.5
190.0
192.5
0.0
192.5
192.5
190.0
192.5
0.0
192.5
192.5
190.0
192.5
0.0
192.5
192.5
190.0
192.5
0.0
192.5
192.5
190.0
192.5
0.0
192.5
192.5
190.0
192.5
0.0
192.5
192.5
190.0
192.5
0.0
192.5
192.5
190.0
192.5
0.0
192.5
192.5
190.0
192.5
0.0
192.5
192.5
190.0
192.5
0.0
192.5
192.5
190.0
192.5
0.0
0.0
107.5
0.0
0.0
0.0
192.5
190.0
187.5
105.0
0.0
