0.0
137.5
140.0
142.5
142.5
0.0
137.5
140.0
140.0
140.0
75.0
0.0
137.5
140.0
140.0
140.0
75.0
0.0
175.0
140.0
140.0
140.0
75.0
0.0
175.0
140.0
140.0
140.0
75.0
0.0
137.5
140.0
140.0
140.0
75.0
0.0
137.5
140.0
140.0
140.0
75.0
0.0
137.5
140.0
140.0
140.0
75.0
0.0
137.5
140.0
140.0
140.0
75.0
0.0
175.0
177.5
140.0
140.0
75.0
0.0
0.0
137.5
140.0
140.0
140.0
75.0
0.0
0.0
0.0
137.5
140.0
140.0
140.0
75.0
0.0
137.5
140.0
140.0
140.0
75.0
0.0
137.5
140.0
140.0
140.0
75.0
0.0
137.5
140.0
140.0
140.0
75.0
0.0
175.0
140.0
140.0
140.0
75.0
0.0
175.0
140.0
140.0
140.0
75.0
0.0
175.0
140.0
140.0
140.0
75.0
0.0
175.0
140.0
140.0
140.0
75.0
0.0
175.0
140.0
142.5
142.5
0.0
175.0
177.5
180.0
80.0
0.0
175.0
140.0
142.5
142.5
0.0
175.0
140.0
140.0
140.0
75.0
0.0
175.0
140.0
140.0
140.0
75.0
0.0
175.0
140.0
140.0
140.0
75.0
0.0
175.0
140.0
140.0
140.0
75.0
0.0
175.0
177.5
175.0
177.5
75.0
0.0
175.0
140.0
140.0
140.0
75.0
0.0
175.0
177.5
175.0
177.5
87.5
0.0
175.0
140.0
140.0
140.0
75.0
0.0
175.0
140.0
140.0
140.0
75.0
0.0
0.0
0.0
0.0
137.5
60.0
230.0
60.0
215.0
0.0
0.0
0.0
0.0
0.0
137.5
60.0
230.0
60.0
215.0
0.0
137.5
0.0
137.5
0.0
0.0
137.5
60.0
0.0
0.0
137.5
60.0
0.0
137.5
60.0
230.0
0.0
137.5
0.0
0.0
0.0
137.5
60.0
0.0
175.0
172.5
0.0
175.0
172.5
0.0
175.0
177.5
175.0
177.5
112.5
0.0
0.0
175.0
177.5
175.0
177.5
112.5
0.0
175.0
177.5
175.0
177.5
112.5
0.0
175.0
177.5
175.0
177.5
112.5
0.0
175.0
177.5
175.0
177.5
112.5
0.0
0.0
0.0
0.0
175.0
177.5
175.0
177.5
112.5
0.0
0.0
0.0
0.0
0.0
0.0
0.0
0.0
0.0
0.0
0.0
0.0
0.0
0.0
0.0
102.5
105.0
105.0
105.0
50.0
0.0
102.5
105.0
105.0
105.0
50.0
0.0
102.5
105.0
105.0
105.0
50.0
0.0
102.5
105.0
105.0
105.0
50.0
0.0
102.5
105.0
105.0
0.0
102.5
105.0
105.0
105.0
50.0
0.0
102.5
105.0
105.0
105.0
50.0
0.0
102.5
105.0
105.0
0.0
102.5
105.0
105.0
105.0
50.0
0.0
0.0
102.5
105.0
105.0
0.0
102.5
105.0
105.0
105.0
50.0
0.0
150.0
190.0
105.0
265.0
75.0
0.0
150.0
190.0
105.0
265.0
75.0
0.0
150.0
190.0
105.0
400.0
225.0
0.0
150.0
190.0
105.0
265.0
75.0
0.0
175.0
97.5
95.0
97.5
87.5
0.0
175.0
97.5
95.0
97.5
87.5
0.0
175.0
97.5
95.0
97.5
87.5
0.0
175.0
97.5
95.0
97.5
87.5
0.0
175.0
177.5
175.0
177.5
50.0
0.0
175.0
177.5
175.0
177.5
50.0
0.0
175.0
177.5
175.0
177.5
50.0
0.0
175.0
177.5
175.0
177.5
50.0
0.0
175.0
177.5
175.0
177.5
50.0
0.0
175.0
177.5
175.0
177.5
50.0
0.0
175.0
177.5
175.0
177.5
50.0
0.0
175.0
177.5
175.0
177.5
50.0
0.0
175.0
177.5
175.0
177.5
50.0
0.0
175.0
177.5
175.0
177.5
87.5
0.0
175.0
177.5
175.0
177.5
87.5
0.0
175.0
177.5
175.0
177.5
87.5
0.0
175.0
177.5
175.0
177.5
112.5
0.0
175.0
177.5
175.0
177.5
87.5
0.0
175.0
177.5
175.0
177.5
87.5
0.0
175.0
177.5
175.0
177.5
87.5
0.0
175.0
177.5
175.0
177.5
87.5
0.0
175.0
177.5
175.0
177.5
87.5
0.0
175.0
177.5
100.0
100.0
0.0
0.0
0.0
175.0
177.5
100.0
30.0
0.0
175.0
177.5
97.5
97.5
0.0
150.0
277.5
217.5
152.5
0.0
175.0
177.5
177.5
177.5
0.0
175.0
177.5
177.5
177.5
0.0
175.0
177.5
177.5
177.5
0.0
175.0
177.5
177.5
177.5
0.0
175.0
177.5
177.5
177.5
0.0
175.0
177.5
177.5
177.5
0.0
175.0
177.5
177.5
177.5
0.0
175.0
177.5
177.5
177.5
0.0
175.0
177.5
177.5
177.5
0.0
175.0
177.5
177.5
177.5
0.0
175.0
177.5
177.5
177.5
0.0
0.0
97.5
0.0
0.0
0.0
175.0
177.5
180.0
80.0
0.0
