0.0
205.0
207.5
210.0
210.0
0.0
205.0
207.5
207.5
207.5
140.0
0.0
217.5
220.0
220.0
220.0
130.0
0.0
217.5
220.0
220.0
220.0
130.0
0.0
217.5
220.0
220.0
220.0
130.0
0.0
205.0
207.5
207.5
207.5
140.0
0.0
205.0
207.5
207.5
207.5
140.0
0.0
205.0
207.5
207.5
207.5
140.0
0.0
205.0
207.5
207.5
207.5
140.0
0.0
170.0
172.5
172.5
172.5
90.0
0.0
0.0
205.0
207.5
207.5
207.5
140.0
0.0
0.0
0.0
205.0
207.5
207.5
207.5
140.0
0.0
205.0
207.5
207.5
207.5
140.0
0.0
205.0
207.5
207.5
207.5
140.0
0.0
205.0
207.5
207.5
207.5
140.0
0.0
217.5
220.0
220.0
220.0
130.0
0.0
217.5
220.0
220.0
220.0
130.0
0.0
217.5
220.0
220.0
220.0
130.0
0.0
217.5
220.0
220.0
220.0
130.0
0.0
217.5
220.0
222.5
222.5
0.0
217.5
220.0
222.5
177.5
0.0
217.5
220.0
222.5
222.5
0.0
217.5
220.0
220.0
220.0
130.0
0.0
170.0
172.5
172.5
172.5
90.0
0.0
170.0
172.5
172.5
172.5
90.0
0.0
170.0
172.5
172.5
172.5
90.0
0.0
170.0
172.5
172.5
172.5
90.0
0.0
217.5
220.0
220.0
220.0
130.0
0.0
242.5
165.0
127.5
127.5
140.0
0.0
217.5
182.5
247.5
167.5
285.0
0.0
217.5
182.5
352.5
272.5
165.0
0.0
0.0
0.0
0.0
205.0
182.5
352.5
182.5
275.0
0.0
0.0
0.0
0.0
0.0
205.0
182.5
352.5
182.5
275.0
0.0
205.0
0.0
205.0
0.0
0.0
205.0
0.0
0.0
205.0
182.5
0.0
205.0
182.5
0.0
205.0
0.0
0.0
0.0
205.0
182.5
0.0
242.5
225.0
0.0
242.5
225.0
0.0
242.5
245.0
245.0
245.0
155.0
0.0
0.0
242.5
245.0
245.0
245.0
155.0
0.0
242.5
245.0
245.0
245.0
155.0
0.0
242.5
245.0
245.0
245.0
155.0
0.0
242.5
245.0
245.0
245.0
155.0
0.0
0.0
0.0
0.0
242.5
245.0
245.0
245.0
155.0
0.0
0.0
0.0
0.0
0.0
0.0
0.0
0.0
0.0
0.0
0.0
0.0
0.0
0.0
0.0
115.0
155.0
230.0
155.0
195.0
0.0
115.0
155.0
230.0
155.0
195.0
0.0
115.0
155.0
230.0
155.0
195.0
0.0
115.0
155.0
230.0
155.0
195.0
0.0
115.0
155.0
230.0
0.0
115.0
155.0
230.0
155.0
195.0
0.0
115.0
155.0
230.0
155.0
0.0
115.0
155.0
230.0
0.0
115.0
155.0
230.0
155.0
195.0
0.0
0.0
115.0
155.0
230.0
0.0
115.0
155.0
230.0
155.0
195.0
0.0
115.0
155.0
225.0
150.0
190.0
0.0
115.0
155.0
225.0
150.0
195.0
0.0
115.0
155.0
225.0
150.0
195.0
0.0
115.0
155.0
450.0
375.0
420.0
0.0
115.0
155.0
220.0
140.0
275.0
0.0
115.0
155.0
225.0
150.0
195.0
0.0
115.0
155.0
225.0
150.0
195.0
0.0
115.0
155.0
225.0
150.0
415.0
0.0
115.0
155.0
225.0
150.0
195.0
0.0
115.0
155.0
225.0
150.0
195.0
0.0
115.0
155.0
225.0
150.0
195.0
0.0
115.0
155.0
225.0
150.0
195.0
0.0
115.0
145.0
305.0
140.0
275.0
0.0
115.0
102.5
655.0
495.0
360.0
0.0
115.0
327.5
687.5
542.5
360.0
0.0
115.0
327.5
687.5
542.5
360.0
0.0
115.0
407.5
262.5
407.5
195.0
0.0
115.0
412.5
262.5
337.5
665.0
0.0
115.0
412.5
262.5
337.5
665.0
0.0
115.0
412.5
262.5
337.5
670.0
0.0
115.0
412.5
262.5
412.5
215.0
0.0
115.0
412.5
262.5
337.5
665.0
0.0
115.0
412.5
262.5
337.5
665.0
0.0
115.0
412.5
262.5
337.5
665.0
0.0
115.0
412.5
262.5
337.5
665.0
0.0
115.0
412.5
262.5
337.5
665.0
0.0
115.0
412.5
262.5
407.5
0.0
0.0
0.0
115.0
412.5
267.5
372.5
0.0
115.0
412.5
267.5
417.5
0.0
212.5
142.5
117.5
292.5
0.0
242.5
245.0
247.5
247.5
0.0
242.5
245.0
247.5
247.5
0.0
242.5
245.0
247.5
247.5
0.0
242.5
245.0
247.5
247.5
0.0
242.5
245.0
247.5
247.5
0.0
242.5
245.0
247.5
247.5
0.0
242.5
245.0
247.5
247.5
0.0
242.5
245.0
247.5
247.5
0.0
242.5
245.0
247.5
247.5
0.0
242.5
245.0
247.5
247.5
0.0
242.5
245.0
247.5
247.5
0.0
0.0
165.0
0.0
0.0
0.0
242.5
245.0
247.5
177.5
0.0
