0.0
195.0
197.5
195.0
195.0
0.0
195.0
195.0
192.5
195.0
192.5
0.0
195.0
195.0
195.0
197.5
195.0
0.0
195.0
195.0
195.0
197.5
195.0
0.0
195.0
195.0
195.0
197.5
195.0
0.0
195.0
195.0
192.5
195.0
192.5
0.0
195.0
195.0
192.5
195.0
192.5
0.0
195.0
195.0
192.5
195.0
192.5
0.0
195.0
195.0
195.0
197.5
195.0
0.0
195.0
195.0
195.0
197.5
195.0
0.0
195.0
0.0
195.0
195.0
192.5
195.0
192.5
0.0
195.0
0.0
195.0
0.0
195.0
195.0
192.5
195.0
192.5
0.0
195.0
195.0
192.5
195.0
192.5
0.0
195.0
195.0
192.5
195.0
192.5
0.0
195.0
195.0
192.5
195.0
192.5
0.0
227.5
227.5
195.0
197.5
195.0
0.0
227.5
227.5
195.0
197.5
195.0
0.0
227.5
227.5
195.0
197.5
195.0
0.0
227.5
227.5
195.0
197.5
195.0
0.0
227.5
227.5
225.0
227.5
0.0
227.5
227.5
227.5
195.0
0.0
227.5
230.0
195.0
195.0
0.0
227.5
227.5
195.0
197.5
195.0
0.0
227.5
227.5
195.0
197.5
195.0
0.0
227.5
227.5
195.0
197.5
195.0
0.0
227.5
227.5
195.0
197.5
195.0
0.0
227.5
227.5
195.0
197.5
195.0
0.0
227.5
227.5
195.0
197.5
195.0
0.0
227.5
227.5
145.0
147.5
145.0
0.0
227.5
227.5
145.0
147.5
145.0
0.0
227.5
227.5
145.0
147.5
145.0
0.0
227.5
0.0
227.5
0.0
227.5
0.0
147.5
150.0
145.0
147.5
145.0
0.0
147.5
0.0
147.5
0.0
147.5
0.0
147.5
0.0
147.5
150.0
145.0
147.5
145.0
0.0
147.5
150.0
0.0
147.5
150.0
0.0
147.5
0.0
147.5
150.0
0.0
147.5
0.0
147.5
150.0
145.0
0.0
147.5
150.0
145.0
0.0
147.5
150.0
0.0
147.5
0.0
147.5
0.0
147.5
150.0
0.0
147.5
145.0
0.0
147.5
145.0
0.0
147.5
150.0
145.0
147.5
145.0
0.0
147.5
0.0
147.5
150.0
145.0
147.5
145.0
0.0
147.5
150.0
145.0
147.5
145.0
0.0
147.5
150.0
145.0
147.5
145.0
0.0
147.5
150.0
145.0
147.5
145.0
0.0
147.5
0.0
147.5
0.0
147.5
0.0
147.5
150.0
145.0
147.5
145.0
0.0
147.5
0.0
147.5
0.0
147.5
0.0
147.5
0.0
147.5
0.0
147.5
0.0
147.5
0.0
147.5
0.0
147.5
0.0
147.5
0.0
147.5
0.0
147.5
0.0
147.5
0.0
147.5
0.0
147.5
150.0
145.0
147.5
145.0
0.0
147.5
150.0
145.0
147.5
145.0
0.0
147.5
150.0
145.0
147.5
145.0
0.0
147.5
150.0
145.0
147.5
145.0
0.0
147.5
150.0
145.0
147.5
0.0
147.5
150.0
145.0
147.5
145.0
0.0
147.5
150.0
145.0
147.5
145.0
0.0
147.5
150.0
145.0
147.5
0.0
147.5
150.0
145.0
147.5
145.0
0.0
147.5
0.0
147.5
150.0
145.0
147.5
0.0
147.5
150.0
145.0
147.5
145.0
0.0
147.5
150.0
145.0
147.5
145.0
0.0
147.5
150.0
145.0
147.5
145.0
0.0
147.5
150.0
145.0
147.5
145.0
0.0
227.5
227.5
145.0
147.5
145.0
0.0
227.5
227.5
145.0
147.5
145.0
0.0
227.5
227.5
145.0
147.5
145.0
0.0
227.5
227.5
145.0
147.5
145.0
0.0
227.5
227.5
145.0
147.5
145.0
0.0
227.5
227.5
145.0
147.5
145.0
0.0
227.5
227.5
145.0
147.5
145.0
0.0
227.5
227.5
145.0
147.5
145.0
0.0
227.5
227.5
145.0
147.5
145.0
0.0
227.5
227.5
145.0
147.5
145.0
0.0
227.5
227.5
145.0
147.5
145.0
0.0
227.5
227.5
145.0
147.5
145.0
0.0
227.5
227.5
145.0
147.5
145.0
0.0
227.5
227.5
145.0
147.5
145.0
0.0
227.5
227.5
145.0
147.5
145.0
0.0
227.5
227.5
145.0
147.5
145.0
0.0
227.5
227.5
145.0
147.5
145.0
0.0
227.5
227.5
225.0
227.5
225.0
0.0
227.5
227.5
145.0
147.5
145.0
0.0
227.5
227.5
145.0
147.5
145.0
0.0
227.5
227.5
145.0
147.5
145.0
0.0
227.5
227.5
145.0
147.5
145.0
0.0
227.5
227.5
145.0
147.5
145.0
0.0
227.5
227.5
145.0
147.5
0.0
60.0
0.0
227.5
227.5
147.5
150.0
0.0
227.5
230.0
227.5
227.5
0.0
195.0
165.0
287.5
227.5
0.0
227.5
230.0
227.5
227.5
0.0
227.5
230.0
227.5
227.5
0.0
227.5
230.0
227.5
227.5
0.0
227.5
230.0
227.5
227.5
0.0
227.5
230.0
227.5
227.5
0.0
227.5
230.0
227.5
227.5
0.0
227.5
230.0
227.5
227.5
0.0
227.5
230.0
227.5
227.5
0.0
227.5
230.0
227.5
227.5
0.0
227.5
230.0
227.5
227.5
0.0
227.5
230.0
227.5
227.5
0.0
0.0
145.0
0.0
227.5
0.0
227.5
227.5
227.5
227.5
0.0
145.0
