0.0
192.5
192.5
192.5
187.5
0.0
0.0
0.0
0.0
0.0
0.0
0.0
0.0
0.0
0.0
0.0
0.0
0.0
0.0
0.0
0.0
0.0
0.0
0.0
0.0
0.0
0.0
0.0
0.0
0.0
0.0
0.0
0.0
0.0
0.0
0.0
0.0
0.0
0.0
0.0
0.0
0.0
0.0
0.0
0.0
0.0
0.0
0.0
0.0
0.0
0.0
0.0
0.0
0.0
0.0
0.0
0.0
0.0
0.0
0.0
0.0
0.0
0.0
0.0
0.0
0.0
0.0
0.0
0.0
0.0
0.0
0.0
0.0
0.0
0.0
0.0
0.0
0.0
0.0
0.0
0.0
0.0
0.0
0.0
0.0
0.0
0.0
0.0
0.0
0.0
0.0
0.0
0.0
0.0
0.0
0.0
0.0
0.0
0.0
0.0
0.0
0.0
0.0
0.0
0.0
0.0
0.0
0.0
0.0
0.0
0.0
0.0
0.0
0.0
0.0
0.0
715.0
715.0
715.0
715.0
0.0
192.5
190.0
190.0
112.5
0.0
192.5
192.5
192.5
187.5
0.0
0.0
0.0
0.0
0.0
0.0
0.0
0.0
0.0
0.0
0.0
0.0
0.0
0.0
0.0
0.0
0.0
0.0
0.0
0.0
0.0
0.0
0.0
0.0
0.0
0.0
0.0
0.0
0.0
0.0
0.0
0.0
0.0
0.0
0.0
0.0
0.0
0.0
0.0
0.0
320.0
160.0
0.0
0.0
0.0
440.0
365.0
190.0
0.0
0.0
0.0
310.0
150.0
150.0
0.0
0.0
0.0
0.0
245.0
165.0
0.0
315.0
145.0
0.0
0.0
0.0
0.0
0.0
245.0
165.0
0.0
315.0
145.0
0.0
245.0
0.0
245.0
0.0
0.0
245.0
0.0
0.0
245.0
165.0
0.0
245.0
165.0
0.0
245.0
0.0
0.0
0.0
245.0
0.0
75.0
75.0
0.0
75.0
75.0
0.0
75.0
75.0
75.0
75.0
75.0
0.0
0.0
75.0
75.0
75.0
75.0
75.0
0.0
60.0
60.0
65.0
65.0
60.0
0.0
60.0
60.0
65.0
65.0
60.0
0.0
60.0
60.0
65.0
65.0
60.0
0.0
0.0
0.0
0.0
60.0
60.0
65.0
65.0
60.0
0.0
0.0
0.0
0.0
0.0
0.0
0.0
0.0
0.0
0.0
0.0
0.0
0.0
0.0
0.0
375.0
205.0
370.0
205.0
290.0
0.0
375.0
205.0
370.0
205.0
290.0
0.0
375.0
205.0
370.0
205.0
0.0
375.0
205.0
370.0
205.0
290.0
0.0
375.0
205.0
370.0
0.0
375.0
205.0
370.0
205.0
0.0
375.0
205.0
370.0
205.0
0.0
375.0
205.0
370.0
0.0
375.0
205.0
370.0
205.0
290.0
0.0
0.0
375.0
205.0
370.0
0.0
375.0
205.0
370.0
205.0
290.0
0.0
0.0
325.0
160.0
330.0
165.0
0.0
0.0
220.0
55.0
225.0
55.0
0.0
0.0
205.0
130.0
55.0
220.0
0.0
0.0
310.0
235.0
75.0
260.0
0.0
0.0
215.0
55.0
225.0
30.0
0.0
0.0
0.0
385.0
220.0
65.0
0.0
0.0
0.0
470.0
310.0
310.0
0.0
0.0
0.0
470.0
310.0
310.0
0.0
0.0
0.0
305.0
145.0
75.0
0.0
0.0
0.0
325.0
170.0
170.0
0.0
0.0
0.0
325.0
170.0
170.0
0.0
0.0
0.0
530.0
375.0
370.0
0.0
0.0
0.0
310.0
150.0
60.0
0.0
0.0
0.0
305.0
235.0
60.0
0.0
0.0
0.0
465.0
310.0
310.0
0.0
0.0
0.0
0.0
465.0
290.0
0.0
0.0
0.0
0.0
445.0
290.0
0.0
0.0
0.0
0.0
740.0
460.0
0.0
0.0
0.0
0.0
740.0
460.0
0.0
0.0
0.0
0.0
465.0
180.0
0.0
0.0
0.0
0.0
0.0
0.0
0.0
0.0
0.0
0.0
740.0
460.0
0.0
0.0
0.0
0.0
740.0
460.0
0.0
0.0
0.0
0.0
740.0
460.0
0.0
0.0
0.0
0.0
740.0
460.0
0.0
0.0
0.0
0.0
740.0
460.0
0.0
490.0
345.0
205.0
205.0
0.0
0.0
0.0
192.5
190.0
190.0
47.5
0.0
192.5
192.5
112.5
107.5
0.0
165.0
215.0
165.0
162.5
0.0
192.5
192.5
192.5
187.5
0.0
192.5
192.5
192.5
187.5
0.0
192.5
192.5
192.5
187.5
0.0
192.5
192.5
192.5
187.5
0.0
192.5
192.5
192.5
187.5
0.0
192.5
192.5
192.5
187.5
0.0
192.5
192.5
192.5
187.5
0.0
192.5
192.5
192.5
187.5
0.0
192.5
192.5
192.5
187.5
0.0
192.5
192.5
192.5
187.5
0.0
192.5
192.5
192.5
187.5
0.0
0.0
0.0
0.0
0.0
192.5
190.0
190.0
112.5
0.0
