0.0
182.5
180.0
182.5
185.0
0.0
0.0
0.0
0.0
0.0
0.0
0.0
0.0
0.0
0.0
0.0
0.0
0.0
0.0
0.0
0.0
0.0
0.0
0.0
0.0
0.0
0.0
0.0
0.0
0.0
0.0
0.0
0.0
0.0
0.0
0.0
0.0
0.0
0.0
0.0
0.0
0.0
0.0
0.0
0.0
0.0
0.0
0.0
0.0
0.0
0.0
0.0
0.0
0.0
0.0
0.0
0.0
0.0
0.0
0.0
0.0
0.0
0.0
0.0
0.0
0.0
0.0
0.0
0.0
0.0
0.0
0.0
0.0
0.0
0.0
0.0
0.0
0.0
0.0
0.0
0.0
0.0
0.0
0.0
0.0
0.0
0.0
0.0
0.0
0.0
0.0
0.0
0.0
0.0
0.0
0.0
0.0
0.0
0.0
0.0
0.0
0.0
0.0
0.0
0.0
0.0
0.0
0.0
0.0
0.0
0.0
0.0
0.0
0.0
0.0
0.0
147.5
147.5
145.0
60.0
0.0
147.5
147.5
145.0
62.5
0.0
147.5
145.0
147.5
147.5
0.0
0.0
0.0
0.0
0.0
0.0
0.0
0.0
0.0
0.0
0.0
0.0
0.0
0.0
0.0
0.0
0.0
0.0
0.0
0.0
0.0
0.0
0.0
0.0
0.0
0.0
0.0
0.0
0.0
0.0
0.0
0.0
0.0
0.0
0.0
0.0
0.0
0.0
0.0
330.0
330.0
0.0
0.0
0.0
0.0
460.0
315.0
165.0
0.0
0.0
300.0
140.0
140.0
50.0
0.0
0.0
0.0
0.0
245.0
165.0
0.0
330.0
155.0
0.0
0.0
0.0
0.0
0.0
245.0
165.0
0.0
330.0
155.0
0.0
245.0
0.0
245.0
0.0
0.0
245.0
0.0
0.0
245.0
165.0
0.0
245.0
165.0
0.0
245.0
0.0
0.0
0.0
245.0
0.0
75.0
75.0
0.0
75.0
75.0
0.0
75.0
75.0
75.0
75.0
70.0
0.0
0.0
75.0
75.0
75.0
75.0
70.0
0.0
160.0
155.0
160.0
155.0
160.0
0.0
160.0
155.0
160.0
155.0
160.0
0.0
160.0
155.0
160.0
155.0
160.0
0.0
0.0
0.0
0.0
160.0
155.0
160.0
155.0
160.0
0.0
0.0
0.0
0.0
0.0
0.0
0.0
0.0
0.0
0.0
0.0
0.0
0.0
0.0
0.0
220.0
50.0
210.0
55.0
210.0
0.0
220.0
50.0
210.0
55.0
210.0
0.0
220.0
50.0
210.0
55.0
0.0
220.0
50.0
210.0
55.0
210.0
0.0
220.0
50.0
210.0
0.0
220.0
50.0
210.0
55.0
0.0
220.0
50.0
210.0
55.0
0.0
220.0
50.0
210.0
0.0
220.0
50.0
210.0
55.0
210.0
0.0
0.0
220.0
50.0
210.0
0.0
220.0
50.0
210.0
55.0
210.0
0.0
220.0
50.0
275.0
115.0
115.0
0.0
730.0
665.0
590.0
590.0
720.0
0.0
500.0
340.0
195.0
270.0
180.0
0.0
220.0
215.0
50.0
220.0
50.0
0.0
0.0
325.0
170.0
170.0
0.0
0.0
0.0
245.0
170.0
170.0
170.0
0.0
0.0
330.0
165.0
165.0
165.0
0.0
0.0
205.0
195.0
125.0
30.0
0.0
0.0
235.0
75.0
300.0
80.0
0.0
0.0
0.0
330.0
170.0
165.0
0.0
0.0
0.0
330.0
170.0
165.0
0.0
0.0
235.0
75.0
305.0
190.0
0.0
0.0
0.0
530.0
450.0
295.0
0.0
0.0
0.0
310.0
145.0
150.0
0.0
0.0
0.0
310.0
145.0
150.0
0.0
0.0
0.0
470.0
310.0
310.0
0.0
0.0
0.0
745.0
600.0
450.0
0.0
0.0
0.0
750.0
610.0
450.0
0.0
0.0
0.0
750.0
610.0
450.0
0.0
0.0
0.0
460.0
305.0
290.0
0.0
0.0
0.0
0.0
0.0
0.0
0.0
0.0
0.0
750.0
610.0
450.0
0.0
0.0
0.0
750.0
610.0
450.0
0.0
0.0
0.0
750.0
610.0
450.0
0.0
0.0
0.0
750.0
610.0
450.0
0.0
0.0
0.0
750.0
610.0
450.0
0.0
220.0
122.5
120.0
60.0
0.0
0.0
0.0
220.0
122.5
120.0
62.5
0.0
220.0
120.0
122.5
122.5
0.0
147.5
120.0
317.5
122.5
0.0
220.0
217.5
220.0
222.5
0.0
220.0
217.5
220.0
222.5
0.0
220.0
217.5
220.0
222.5
0.0
220.0
217.5
220.0
222.5
0.0
220.0
217.5
220.0
222.5
0.0
220.0
217.5
220.0
222.5
0.0
220.0
217.5
220.0
222.5
0.0
220.0
217.5
220.0
222.5
0.0
220.0
217.5
220.0
222.5
0.0
220.0
217.5
220.0
222.5
0.0
220.0
217.5
220.0
222.5
0.0
0.0
0.0
0.0
0.0
220.0
220.0
217.5
130.0
0.0
