0.0
227.5
197.5
192.5
197.5
0.0
227.5
197.5
195.0
195.0
197.5
0.0
227.5
197.5
195.0
195.0
197.5
0.0
227.5
197.5
195.0
195.0
197.5
0.0
227.5
197.5
195.0
195.0
197.5
0.0
227.5
197.5
195.0
195.0
197.5
0.0
227.5
197.5
195.0
195.0
197.5
0.0
227.5
155.0
152.5
152.5
155.0
0.0
227.5
155.0
152.5
152.5
155.0
0.0
227.5
155.0
152.5
152.5
155.0
0.0
227.5
0.0
227.5
197.5
195.0
195.0
197.5
0.0
227.5
0.0
227.5
0.0
227.5
197.5
195.0
195.0
197.5
0.0
227.5
197.5
195.0
195.0
197.5
0.0
227.5
197.5
195.0
195.0
197.5
0.0
227.5
197.5
195.0
195.0
197.5
0.0
227.5
197.5
195.0
195.0
197.5
0.0
227.5
197.5
195.0
195.0
197.5
0.0
227.5
197.5
195.0
195.0
197.5
0.0
227.5
197.5
195.0
195.0
197.5
0.0
227.5
197.5
195.0
197.5
0.0
227.5
197.5
197.5
197.5
0.0
227.5
197.5
192.5
197.5
0.0
227.5
197.5
195.0
195.0
197.5
0.0
227.5
197.5
195.0
195.0
197.5
0.0
227.5
155.0
152.5
152.5
155.0
0.0
227.5
155.0
152.5
152.5
155.0
0.0
227.5
155.0
152.5
152.5
155.0
0.0
227.5
197.5
195.0
195.0
197.5
0.0
300.0
302.5
217.5
217.5
217.5
0.0
227.5
197.5
195.0
195.0
197.5
0.0
267.5
197.5
195.0
195.0
197.5
0.0
267.5
0.0
267.5
0.0
267.5
0.0
217.5
217.5
217.5
217.5
217.5
0.0
217.5
0.0
217.5
0.0
217.5
0.0
217.5
0.0
217.5
217.5
217.5
217.5
217.5
0.0
217.5
217.5
0.0
217.5
217.5
0.0
217.5
0.0
217.5
217.5
0.0
217.5
0.0
217.5
217.5
217.5
0.0
217.5
217.5
217.5
0.0
217.5
217.5
0.0
217.5
0.0
217.5
0.0
217.5
217.5
0.0
217.5
272.5
187.5
0.0
217.5
272.5
187.5
0.0
217.5
272.5
187.5
0.0
217.5
272.5
187.5
0.0
367.5
362.5
337.5
0.0
217.5
272.5
187.5
0.0
600.0
660.0
665.0
645.0
645.0
665.0
660.0
665.0
665.0
660.0
660.0
640.0
640.0
660.0
0.0
600.0
660.0
665.0
645.0
645.0
665.0
660.0
665.0
665.0
660.0
660.0
640.0
640.0
660.0
0.0
600.0
660.0
665.0
645.0
645.0
665.0
660.0
665.0
665.0
660.0
660.0
640.0
640.0
660.0
0.0
600.0
660.0
665.0
645.0
645.0
665.0
660.0
665.0
665.0
660.0
660.0
640.0
640.0
660.0
0.0
600.0
660.0
665.0
645.0
645.0
665.0
660.0
665.0
665.0
660.0
660.0
640.0
640.0
660.0
0.0
150.0
150.0
150.0
145.0
145.0
150.0
150.0
150.0
150.0
150.0
150.0
145.0
145.0
150.0
0.0
150.0
150.0
150.0
145.0
145.0
150.0
150.0
150.0
150.0
150.0
150.0
145.0
145.0
150.0
0.0
150.0
150.0
150.0
145.0
145.0
150.0
150.0
150.0
150.0
150.0
150.0
145.0
145.0
150.0
0.0
150.0
150.0
150.0
145.0
145.0
150.0
150.0
150.0
150.0
150.0
150.0
145.0
145.0
150.0
0.0
217.5
217.5
0.0
217.5
217.5
0.0
217.5
217.5
217.5
217.5
217.5
0.0
217.5
0.0
217.5
217.5
217.5
217.5
217.5
0.0
142.5
0.0
142.5
0.0
142.5
0.0
142.5
0.0
142.5
0.0
142.5
0.0
142.5
0.0
142.5
0.0
217.5
217.5
217.5
217.5
217.5
0.0
217.5
217.5
217.5
217.5
217.5
0.0
142.5
0.0
142.5
0.0
142.5
0.0
142.5
0.0
217.5
212.5
187.5
0.0
217.5
212.5
187.5
0.0
217.5
217.5
217.5
217.5
217.5
0.0
217.5
0.0
217.5
0.0
217.5
0.0
217.5
217.5
217.5
217.5
217.5
0.0
217.5
0.0
217.5
0.0
217.5
0.0
217.5
0.0
217.5
0.0
217.5
0.0
217.5
0.0
217.5
0.0
217.5
0.0
217.5
0.0
217.5
0.0
217.5
0.0
217.5
0.0
217.5
0.0
217.5
512.5
362.5
512.5
347.5
0.0
217.5
512.5
362.5
512.5
347.5
0.0
217.5
512.5
362.5
512.5
347.5
0.0
217.5
512.5
362.5
512.5
347.5
0.0
217.5
512.5
362.5
512.5
0.0
217.5
512.5
362.5
512.5
347.5
0.0
217.5
512.5
362.5
512.5
347.5
0.0
217.5
512.5
362.5
512.5
0.0
217.5
512.5
362.5
512.5
347.5
0.0
217.5
0.0
217.5
512.5
362.5
512.5
0.0
217.5
512.5
362.5
512.5
347.5
0.0
120.0
122.5
120.0
120.0
122.5
0.0
120.0
122.5
120.0
120.0
122.5
0.0
120.0
122.5
120.0
120.0
122.5
0.0
120.0
122.5
120.0
120.0
122.5
0.0
120.0
122.5
120.0
120.0
122.5
0.0
120.0
122.5
120.0
120.0
122.5
0.0
120.0
122.5
120.0
120.0
122.5
0.0
300.0
122.5
120.0
120.0
122.5
0.0
300.0
302.5
217.5
507.5
440.0
0.0
300.0
302.5
217.5
507.5
440.0
0.0
300.0
302.5
217.5
507.5
440.0
0.0
300.0
302.5
217.5
507.5
440.0
0.0
300.0
302.5
217.5
512.5
367.5
0.0
300.0
302.5
217.5
512.5
367.5
0.0
300.0
302.5
120.0
120.0
122.5
0.0
300.0
302.5
120.0
120.0
122.5
0.0
300.0
302.5
120.0
120.0
122.5
0.0
300.0
302.5
120.0
120.0
122.5
0.0
300.0
302.5
120.0
120.0
122.5
0.0
300.0
302.5
120.0
120.0
122.5
0.0
300.0
302.5
120.0
120.0
122.5
0.0
300.0
302.5
120.0
120.0
122.5
0.0
300.0
302.5
120.0
120.0
122.5
0.0
300.0
302.5
120.0
120.0
122.5
0.0
300.0
302.5
120.0
120.0
122.5
0.0
300.0
302.5
120.0
120.0
122.5
0.0
300.0
302.5
120.0
122.5
0.0
300.0
0.0
300.0
122.5
122.5
122.5
0.0
300.0
302.5
297.5
305.0
0.0
267.5
197.5
117.5
122.5
0.0
300.0
302.5
297.5
305.0
0.0
300.0
302.5
297.5
305.0
0.0
300.0
302.5
297.5
305.0
0.0
300.0
302.5
297.5
305.0
0.0
300.0
302.5
297.5
305.0
0.0
300.0
302.5
297.5
305.0
0.0
300.0
302.5
297.5
305.0
0.0
300.0
302.5
297.5
305.0
0.0
300.0
302.5
297.5
305.0
0.0
300.0
302.5
297.5
305.0
0.0
300.0
302.5
297.5
305.0
0.0
0.0
217.5
0.0
0.0
225.0
0.0
225.0
0.0
225.0
0.0
300.0
0.0
300.0
302.5
302.5
305.0
142.5
0.0
217.5
