0.0
210.0
212.5
215.0
215.0
0.0
210.0
212.5
215.0
212.5
137.5
0.0
210.0
212.5
215.0
212.5
137.5
0.0
210.0
212.5
215.0
212.5
137.5
0.0
210.0
212.5
215.0
212.5
137.5
0.0
210.0
212.5
215.0
212.5
137.5
0.0
210.0
212.5
215.0
212.5
137.5
0.0
210.0
212.5
215.0
212.5
137.5
0.0
215.0
142.5
142.5
142.5
65.0
0.0
215.0
142.5
142.5
142.5
65.0
0.0
210.0
0.0
210.0
212.5
215.0
212.5
137.5
0.0
0.0
0.0
210.0
212.5
215.0
212.5
137.5
0.0
210.0
212.5
215.0
212.5
137.5
0.0
210.0
212.5
215.0
212.5
137.5
0.0
210.0
212.5
215.0
212.5
137.5
0.0
172.5
175.0
175.0
172.5
65.0
0.0
172.5
175.0
175.0
172.5
65.0
0.0
172.5
175.0
175.0
172.5
65.0
0.0
172.5
175.0
175.0
172.5
65.0
0.0
172.5
175.0
142.5
145.0
0.0
172.5
175.0
175.0
67.5
0.0
172.5
175.0
175.0
177.5
0.0
172.5
175.0
175.0
172.5
65.0
0.0
172.5
175.0
175.0
172.5
65.0
0.0
172.5
175.0
175.0
172.5
65.0
0.0
172.5
175.0
175.0
172.5
65.0
0.0
172.5
175.0
175.0
172.5
87.5
0.0
172.5
175.0
175.0
172.5
65.0
0.0
247.5
250.0
170.0
167.5
112.5
0.0
172.5
137.5
140.0
137.5
77.5
0.0
247.5
212.5
215.0
212.5
122.5
0.0
0.0
0.0
0.0
210.0
132.5
305.0
132.5
257.5
0.0
210.0
0.0
0.0
210.0
0.0
0.0
210.0
132.5
305.0
132.5
257.5
0.0
210.0
0.0
210.0
0.0
0.0
210.0
132.5
0.0
0.0
210.0
132.5
305.0
0.0
210.0
132.5
305.0
0.0
210.0
132.5
0.0
0.0
0.0
210.0
132.5
0.0
247.5
245.0
0.0
247.5
245.0
0.0
247.5
250.0
250.0
247.5
162.5
0.0
0.0
247.5
250.0
250.0
247.5
162.5
0.0
247.5
250.0
250.0
247.5
162.5
0.0
247.5
250.0
250.0
247.5
162.5
0.0
247.5
250.0
250.0
247.5
162.5
0.0
0.0
0.0
0.0
247.5
250.0
250.0
247.5
162.5
0.0
0.0
0.0
0.0
0.0
0.0
0.0
0.0
0.0
0.0
0.0
0.0
135.0
0.0
135.0
0.0
0.0
135.0
137.5
140.0
137.5
77.5
0.0
135.0
137.5
140.0
137.5
77.5
0.0
135.0
137.5
140.0
137.5
77.5
0.0
135.0
137.5
140.0
137.5
77.5
0.0
135.0
137.5
140.0
0.0
135.0
137.5
140.0
137.5
77.5
0.0
135.0
137.5
140.0
137.5
77.5
0.0
135.0
137.5
140.0
0.0
135.0
137.5
140.0
137.5
77.5
0.0
135.0
0.0
135.0
137.5
140.0
0.0
135.0
137.5
140.0
137.5
77.5
0.0
135.0
137.5
140.0
137.5
222.5
0.0
135.0
137.5
140.0
137.5
77.5
0.0
135.0
137.5
140.0
137.5
77.5
0.0
135.0
137.5
140.0
137.5
197.5
0.0
135.0
137.5
140.0
137.5
107.5
0.0
135.0
137.5
140.0
137.5
197.5
0.0
135.0
137.5
140.0
137.5
77.5
0.0
135.0
137.5
140.0
137.5
97.5
0.0
135.0
137.5
140.0
137.5
97.5
0.0
135.0
137.5
140.0
137.5
87.5
0.0
135.0
137.5
140.0
137.5
87.5
0.0
135.0
137.5
140.0
137.5
197.5
0.0
135.0
137.5
140.0
137.5
87.5
0.0
135.0
137.5
140.0
137.5
87.5
0.0
135.0
137.5
140.0
137.5
237.5
0.0
135.0
137.5
140.0
137.5
237.5
0.0
135.0
137.5
140.0
137.5
452.5
0.0
135.0
137.5
140.0
137.5
322.5
0.0
135.0
137.5
140.0
137.5
322.5
0.0
135.0
137.5
140.0
137.5
62.5
0.0
135.0
137.5
140.0
137.5
62.5
0.0
135.0
137.5
140.0
137.5
322.5
0.0
135.0
137.5
140.0
137.5
322.5
0.0
135.0
137.5
140.0
137.5
322.5
0.0
135.0
137.5
140.0
137.5
322.5
0.0
135.0
137.5
140.0
137.5
322.5
0.0
135.0
137.5
140.0
140.0
0.0
0.0
0.0
135.0
137.5
140.0
80.0
0.0
135.0
137.5
140.0
140.0
0.0
215.0
142.5
115.0
312.5
0.0
247.5
250.0
250.0
252.5
0.0
247.5
250.0
250.0
252.5
0.0
247.5
250.0
250.0
252.5
0.0
247.5
250.0
250.0
252.5
0.0
247.5
250.0
250.0
252.5
0.0
247.5
250.0
250.0
252.5
0.0
247.5
250.0
250.0
252.5
0.0
247.5
250.0
250.0
252.5
0.0
247.5
250.0
250.0
252.5
0.0
247.5
250.0
250.0
252.5
0.0
247.5
250.0
250.0
252.5
0.0
0.0
170.0
0.0
0.0
0.0
247.5
250.0
250.0
165.0
0.0
