0.0
262.5
265.0
262.5
262.5
0.0
205.0
205.0
200.0
200.0
120.0
0.0
190.0
190.0
185.0
185.0
170.0
0.0
0.0
595.0
595.0
600.0
595.0
0.0
0.0
590.0
585.0
600.0
595.0
0.0
205.0
205.0
200.0
200.0
120.0
0.0
205.0
205.0
200.0
200.0
120.0
0.0
205.0
205.0
200.0
200.0
120.0
0.0
0.0
650.0
655.0
655.0
655.0
0.0
0.0
0.0
0.0
0.0
0.0
0.0
0.0
205.0
205.0
200.0
200.0
120.0
0.0
0.0
0.0
205.0
205.0
200.0
200.0
0.0
205.0
205.0
200.0
200.0
120.0
0.0
205.0
205.0
200.0
200.0
120.0
0.0
205.0
205.0
200.0
200.0
120.0
0.0
0.0
0.0
0.0
0.0
0.0
0.0
0.0
0.0
0.0
0.0
0.0
0.0
0.0
0.0
0.0
0.0
0.0
0.0
0.0
0.0
0.0
0.0
0.0
0.0
310.0
237.5
237.5
240.0
0.0
310.0
235.0
237.5
172.5
0.0
310.0
237.5
235.0
237.5
0.0
0.0
0.0
0.0
0.0
0.0
0.0
0.0
0.0
0.0
0.0
0.0
0.0
0.0
0.0
0.0
0.0
0.0
0.0
0.0
0.0
0.0
0.0
0.0
0.0
0.0
0.0
0.0
0.0
0.0
0.0
0.0
0.0
0.0
0.0
0.0
0.0
0.0
160.0
320.0
160.0
270.0
0.0
0.0
340.0
190.0
120.0
115.0
0.0
0.0
330.0
165.0
165.0
165.0
0.0
0.0
0.0
0.0
330.0
160.0
505.0
455.0
290.0
0.0
0.0
0.0
0.0
0.0
330.0
160.0
505.0
455.0
290.0
0.0
330.0
0.0
330.0
0.0
0.0
330.0
0.0
0.0
330.0
160.0
0.0
330.0
160.0
0.0
330.0
0.0
0.0
0.0
330.0
160.0
0.0
75.0
75.0
0.0
75.0
75.0
0.0
75.0
75.0
75.0
70.0
75.0
0.0
0.0
75.0
75.0
75.0
70.0
75.0
0.0
75.0
75.0
75.0
70.0
75.0
0.0
75.0
75.0
75.0
70.0
75.0
0.0
75.0
75.0
75.0
70.0
75.0
0.0
0.0
0.0
0.0
75.0
75.0
75.0
70.0
75.0
0.0
0.0
0.0
0.0
0.0
0.0
0.0
0.0
0.0
0.0
0.0
0.0
0.0
0.0
0.0
380.0
210.0
360.0
290.0
215.0
0.0
380.0
210.0
360.0
290.0
215.0
0.0
380.0
210.0
360.0
290.0
215.0
0.0
380.0
210.0
360.0
290.0
215.0
0.0
380.0
210.0
360.0
0.0
380.0
210.0
360.0
290.0
0.0
380.0
210.0
360.0
290.0
0.0
380.0
210.0
360.0
0.0
380.0
210.0
360.0
290.0
215.0
0.0
0.0
380.0
210.0
360.0
0.0
380.0
210.0
360.0
290.0
215.0
0.0
220.0
165.0
0.0
165.0
0.0
0.0
330.0
155.0
465.0
305.0
310.0
0.0
395.0
345.0
200.0
275.0
100.0
0.0
395.0
345.0
200.0
360.0
210.0
0.0
560.0
495.0
345.0
200.0
275.0
0.0
245.0
165.0
165.0
170.0
170.0
0.0
610.0
460.0
310.0
145.0
320.0
0.0
420.0
345.0
200.0
360.0
160.0
0.0
420.0
345.0
200.0
360.0
160.0
0.0
460.0
315.0
180.0
180.0
30.0
0.0
460.0
315.0
180.0
180.0
30.0
0.0
420.0
345.0
200.0
355.0
160.0
0.0
330.0
185.0
190.0
190.0
30.0
0.0
330.0
185.0
190.0
190.0
80.0
0.0
330.0
185.0
190.0
190.0
80.0
0.0
330.0
185.0
190.0
190.0
80.0
0.0
330.0
185.0
190.0
190.0
80.0
0.0
330.0
185.0
190.0
190.0
80.0
0.0
330.0
185.0
190.0
190.0
80.0
0.0
330.0
185.0
190.0
190.0
80.0
0.0
330.0
185.0
190.0
190.0
80.0
0.0
330.0
185.0
190.0
190.0
80.0
0.0
330.0
185.0
190.0
190.0
80.0
0.0
330.0
185.0
190.0
190.0
80.0
0.0
330.0
185.0
190.0
190.0
80.0
0.0
330.0
185.0
190.0
190.0
80.0
0.0
162.5
165.0
165.0
165.0
0.0
0.0
0.0
162.5
162.5
165.0
105.0
0.0
162.5
165.0
162.5
162.5
0.0
310.0
237.5
162.5
162.5
0.0
342.5
345.0
342.5
342.5
0.0
342.5
345.0
342.5
342.5
0.0
342.5
345.0
342.5
342.5
0.0
342.5
345.0
342.5
342.5
0.0
342.5
345.0
342.5
342.5
0.0
342.5
345.0
342.5
342.5
0.0
342.5
345.0
342.5
342.5
0.0
342.5
345.0
342.5
342.5
0.0
342.5
345.0
342.5
342.5
0.0
342.5
345.0
342.5
342.5
0.0
342.5
345.0
342.5
342.5
0.0
0.0
0.0
0.0
0.0
342.5
342.5
345.0
260.0
0.0
