0.0
182.5
180.0
182.5
180.0
0.0
182.5
182.5
182.5
185.0
182.5
0.0
182.5
182.5
182.5
185.0
182.5
0.0
182.5
182.5
182.5
185.0
182.5
0.0
195.0
195.0
192.5
195.0
192.5
0.0
182.5
182.5
182.5
185.0
182.5
0.0
182.5
182.5
182.5
185.0
182.5
0.0
182.5
182.5
182.5
185.0
182.5
0.0
182.5
182.5
182.5
185.0
182.5
0.0
147.5
147.5
145.0
145.0
142.5
0.0
182.5
0.0
182.5
182.5
182.5
185.0
182.5
0.0
182.5
0.0
182.5
0.0
182.5
182.5
182.5
185.0
182.5
0.0
182.5
182.5
182.5
185.0
182.5
0.0
182.5
182.5
182.5
185.0
182.5
0.0
182.5
182.5
182.5
185.0
182.5
0.0
195.0
195.0
192.5
195.0
192.5
0.0
195.0
195.0
192.5
195.0
192.5
0.0
195.0
195.0
192.5
195.0
192.5
0.0
195.0
195.0
192.5
195.0
192.5
0.0
195.0
195.0
192.5
195.0
0.0
195.0
195.0
192.5
197.5
0.0
195.0
192.5
195.0
192.5
0.0
195.0
195.0
192.5
195.0
192.5
0.0
147.5
147.5
145.0
145.0
142.5
0.0
147.5
147.5
145.0
145.0
142.5
0.0
147.5
147.5
145.0
145.0
142.5
0.0
147.5
147.5
145.0
145.0
142.5
0.0
195.0
195.0
192.5
195.0
192.5
0.0
220.0
220.0
217.5
220.0
217.5
0.0
195.0
157.5
157.5
160.0
157.5
0.0
220.0
182.5
182.5
185.0
182.5
0.0
220.0
0.0
220.0
0.0
220.0
0.0
135.0
257.5
185.0
25.0
190.0
0.0
135.0
0.0
135.0
0.0
135.0
0.0
135.0
0.0
135.0
257.5
185.0
25.0
190.0
0.0
135.0
257.5
0.0
135.0
257.5
0.0
135.0
0.0
135.0
257.5
0.0
135.0
0.0
135.0
257.5
185.0
0.0
135.0
257.5
185.0
0.0
135.0
257.5
0.0
135.0
0.0
135.0
0.0
135.0
257.5
0.0
135.0
130.0
0.0
135.0
130.0
0.0
135.0
135.0
132.5
135.0
135.0
0.0
135.0
0.0
135.0
135.0
132.5
135.0
135.0
0.0
135.0
135.0
132.5
135.0
135.0
0.0
135.0
135.0
132.5
135.0
135.0
0.0
135.0
135.0
132.5
135.0
135.0
0.0
135.0
0.0
135.0
0.0
135.0
0.0
135.0
135.0
132.5
135.0
135.0
0.0
135.0
0.0
135.0
0.0
135.0
0.0
135.0
0.0
0.0
135.0
0.0
135.0
0.0
135.0
0.0
135.0
0.0
135.0
0.0
135.0
0.0
135.0
0.0
135.0
0.0
135.0
0.0
135.0
172.5
95.0
170.0
95.0
0.0
135.0
172.5
95.0
170.0
95.0
0.0
135.0
172.5
95.0
170.0
95.0
0.0
135.0
172.5
95.0
170.0
95.0
0.0
135.0
172.5
95.0
170.0
0.0
135.0
172.5
95.0
170.0
95.0
0.0
135.0
172.5
95.0
170.0
95.0
0.0
135.0
172.5
95.0
170.0
0.0
135.0
172.5
95.0
170.0
95.0
0.0
135.0
0.0
135.0
172.5
95.0
170.0
0.0
135.0
172.5
95.0
170.0
95.0
0.0
135.0
172.5
95.0
165.0
95.0
0.0
122.5
160.0
70.0
300.0
140.0
0.0
122.5
160.0
70.0
295.0
145.0
0.0
122.5
160.0
70.0
300.0
145.0
0.0
122.5
160.0
155.0
155.0
152.5
0.0
122.5
295.0
230.0
525.0
362.5
0.0
122.5
295.0
230.0
525.0
357.5
0.0
122.5
525.0
375.0
230.0
507.5
0.0
122.5
295.0
230.0
525.0
362.5
0.0
122.5
295.0
230.0
380.0
347.5
0.0
122.5
295.0
230.0
380.0
347.5
0.0
122.5
295.0
230.0
375.0
342.5
0.0
122.5
295.0
230.0
230.0
512.5
0.0
122.5
122.5
120.0
120.0
117.5
0.0
122.5
122.5
120.0
120.0
117.5
0.0
122.5
122.5
120.0
120.0
117.5
0.0
122.5
122.5
120.0
120.0
117.5
0.0
122.5
122.5
120.0
120.0
117.5
0.0
122.5
122.5
120.0
120.0
117.5
0.0
122.5
122.5
120.0
120.0
117.5
0.0
122.5
122.5
120.0
120.0
117.5
0.0
122.5
122.5
120.0
120.0
117.5
0.0
122.5
122.5
120.0
120.0
117.5
0.0
122.5
122.5
120.0
120.0
117.5
0.0
122.5
122.5
120.0
120.0
117.5
0.0
122.5
122.5
120.0
120.0
117.5
0.0
122.5
122.5
120.0
120.0
0.0
145.0
0.0
122.5
122.5
120.0
122.5
0.0
122.5
120.0
122.5
120.0
0.0
147.5
120.0
317.5
170.0
0.0
220.0
217.5
220.0
217.5
0.0
220.0
217.5
220.0
217.5
0.0
220.0
217.5
220.0
217.5
0.0
220.0
217.5
220.0
217.5
0.0
220.0
217.5
220.0
217.5
0.0
220.0
217.5
220.0
217.5
0.0
220.0
217.5
220.0
217.5
0.0
220.0
217.5
220.0
217.5
0.0
220.0
217.5
220.0
217.5
0.0
220.0
217.5
220.0
217.5
0.0
220.0
217.5
220.0
217.5
0.0
0.0
135.0
0.0
57.5
0.0
220.0
220.0
217.5
222.5
0.0
135.0
