0.0
137.5
140.0
142.5
140.0
0.0
0.0
0.0
0.0
0.0
0.0
0.0
0.0
0.0
0.0
0.0
0.0
0.0
0.0
0.0
0.0
0.0
0.0
0.0
0.0
0.0
0.0
0.0
0.0
0.0
0.0
0.0
0.0
0.0
0.0
0.0
0.0
0.0
0.0
0.0
0.0
0.0
0.0
0.0
0.0
0.0
0.0
0.0
0.0
0.0
0.0
0.0
0.0
0.0
0.0
0.0
0.0
0.0
0.0
0.0
0.0
0.0
0.0
0.0
0.0
0.0
0.0
0.0
0.0
0.0
0.0
0.0
0.0
0.0
0.0
0.0
0.0
0.0
0.0
0.0
0.0
0.0
0.0
0.0
0.0
0.0
0.0
0.0
0.0
0.0
0.0
0.0
0.0
0.0
0.0
0.0
0.0
0.0
0.0
0.0
0.0
0.0
0.0
0.0
0.0
0.0
0.0
0.0
0.0
0.0
0.0
0.0
0.0
0.0
0.0
0.0
140.0
142.5
140.0
125.0
0.0
140.0
142.5
142.5
67.5
0.0
140.0
142.5
142.5
142.5
0.0
0.0
0.0
0.0
0.0
0.0
0.0
0.0
0.0
0.0
0.0
0.0
0.0
0.0
0.0
0.0
0.0
0.0
0.0
0.0
0.0
0.0
0.0
0.0
0.0
0.0
0.0
0.0
0.0
0.0
0.0
0.0
0.0
0.0
0.0
0.0
0.0
0.0
0.0
320.0
160.0
320.0
0.0
0.0
310.0
230.0
75.0
220.0
0.0
0.0
320.0
170.0
170.0
170.0
0.0
0.0
0.0
0.0
220.0
50.0
225.0
55.0
220.0
0.0
0.0
0.0
0.0
0.0
220.0
50.0
225.0
55.0
220.0
0.0
220.0
0.0
220.0
0.0
0.0
220.0
0.0
0.0
220.0
50.0
0.0
220.0
50.0
0.0
220.0
0.0
0.0
0.0
220.0
0.0
160.0
160.0
0.0
160.0
160.0
0.0
160.0
160.0
160.0
160.0
160.0
0.0
0.0
160.0
160.0
160.0
160.0
160.0
0.0
160.0
160.0
160.0
160.0
160.0
0.0
160.0
160.0
160.0
160.0
160.0
0.0
160.0
160.0
160.0
160.0
160.0
0.0
0.0
0.0
0.0
160.0
160.0
160.0
160.0
160.0
0.0
0.0
0.0
0.0
0.0
0.0
0.0
0.0
0.0
0.0
0.0
0.0
0.0
0.0
0.0
245.0
75.0
245.0
75.0
300.0
0.0
245.0
75.0
245.0
75.0
300.0
0.0
245.0
75.0
245.0
75.0
0.0
245.0
75.0
245.0
75.0
300.0
0.0
245.0
75.0
245.0
0.0
245.0
75.0
245.0
75.0
0.0
245.0
75.0
245.0
75.0
0.0
245.0
75.0
245.0
0.0
245.0
75.0
245.0
75.0
300.0
0.0
0.0
245.0
75.0
245.0
0.0
245.0
75.0
245.0
75.0
300.0
0.0
380.0
210.0
440.0
280.0
60.0
0.0
730.0
665.0
590.0
590.0
740.0
0.0
310.0
230.0
70.0
240.0
165.0
0.0
265.0
190.0
125.0
295.0
170.0
0.0
420.0
345.0
200.0
270.0
160.0
0.0
330.0
255.0
110.0
110.0
50.0
0.0
195.0
355.0
195.0
355.0
180.0
0.0
0.0
325.0
170.0
170.0
165.0
0.0
0.0
215.0
215.0
55.0
225.0
0.0
0.0
330.0
330.0
170.0
170.0
0.0
0.0
330.0
330.0
170.0
170.0
0.0
0.0
105.0
105.0
105.0
105.0
0.0
0.0
310.0
235.0
75.0
280.0
0.0
0.0
465.0
305.0
300.0
290.0
0.0
0.0
320.0
160.0
315.0
160.0
0.0
0.0
235.0
75.0
305.0
125.0
0.0
0.0
235.0
75.0
525.0
360.0
0.0
0.0
0.0
465.0
320.0
160.0
0.0
0.0
0.0
465.0
320.0
160.0
0.0
0.0
0.0
470.0
305.0
305.0
0.0
0.0
0.0
735.0
580.0
735.0
0.0
0.0
0.0
465.0
320.0
160.0
0.0
0.0
0.0
465.0
320.0
160.0
0.0
0.0
0.0
465.0
320.0
160.0
0.0
0.0
0.0
465.0
320.0
160.0
0.0
0.0
0.0
465.0
320.0
160.0
0.0
175.0
177.5
97.5
57.5
0.0
0.0
0.0
175.0
177.5
100.0
25.0
0.0
175.0
177.5
180.0
97.5
0.0
150.0
202.5
155.0
152.5
0.0
175.0
177.5
180.0
177.5
0.0
175.0
177.5
180.0
177.5
0.0
175.0
177.5
180.0
177.5
0.0
175.0
177.5
180.0
177.5
0.0
175.0
177.5
180.0
177.5
0.0
175.0
177.5
180.0
177.5
0.0
175.0
177.5
180.0
177.5
0.0
175.0
177.5
180.0
177.5
0.0
175.0
177.5
180.0
177.5
0.0
175.0
177.5
180.0
177.5
0.0
175.0
177.5
180.0
177.5
0.0
0.0
0.0
0.0
0.0
175.0
177.5
180.0
75.0
0.0
