0.0
182.5
182.5
182.5
182.5
0.0
182.5
180.0
182.5
182.5
187.5
0.0
182.5
180.0
182.5
182.5
187.5
0.0
182.5
180.0
182.5
182.5
187.5
0.0
182.5
180.0
182.5
182.5
187.5
0.0
182.5
180.0
182.5
182.5
187.5
0.0
182.5
180.0
182.5
182.5
187.5
0.0
182.5
180.0
182.5
182.5
187.5
0.0
147.5
145.0
145.0
145.0
147.5
0.0
147.5
145.0
145.0
145.0
147.5
0.0
182.5
0.0
182.5
180.0
182.5
182.5
187.5
0.0
182.5
0.0
182.5
0.0
182.5
180.0
182.5
182.5
187.5
0.0
182.5
180.0
182.5
182.5
187.5
0.0
182.5
180.0
182.5
182.5
187.5
0.0
182.5
180.0
182.5
182.5
187.5
0.0
147.5
145.0
145.0
145.0
147.5
0.0
147.5
145.0
145.0
145.0
147.5
0.0
147.5
145.0
145.0
145.0
147.5
0.0
147.5
145.0
145.0
145.0
147.5
0.0
147.5
145.0
145.0
145.0
0.0
147.5
145.0
147.5
137.5
0.0
147.5
147.5
145.0
147.5
0.0
147.5
145.0
145.0
145.0
147.5
0.0
147.5
145.0
145.0
145.0
147.5
0.0
147.5
145.0
145.0
145.0
147.5
0.0
147.5
145.0
145.0
145.0
147.5
0.0
147.5
145.0
145.0
145.0
147.5
0.0
147.5
145.0
145.0
145.0
147.5
0.0
220.0
217.5
217.5
217.5
222.5
0.0
147.5
107.5
110.0
110.0
112.5
0.0
220.0
180.0
182.5
182.5
187.5
0.0
220.0
0.0
220.0
0.0
0.0
135.0
152.5
122.5
177.5
105.0
0.0
135.0
0.0
135.0
0.0
135.0
0.0
135.0
0.0
135.0
152.5
122.5
177.5
105.0
0.0
135.0
152.5
0.0
135.0
152.5
0.0
135.0
0.0
135.0
152.5
0.0
135.0
0.0
135.0
152.5
122.5
0.0
135.0
152.5
122.5
0.0
135.0
152.5
0.0
135.0
0.0
135.0
0.0
135.0
152.5
0.0
135.0
130.0
0.0
135.0
130.0
0.0
135.0
135.0
132.5
132.5
137.5
0.0
135.0
0.0
135.0
135.0
132.5
132.5
137.5
0.0
135.0
135.0
132.5
132.5
137.5
0.0
135.0
135.0
132.5
132.5
137.5
0.0
135.0
135.0
132.5
132.5
137.5
0.0
135.0
0.0
135.0
0.0
135.0
0.0
135.0
135.0
132.5
132.5
137.5
0.0
135.0
0.0
135.0
0.0
135.0
0.0
135.0
0.0
0.0
135.0
0.0
135.0
0.0
135.0
0.0
135.0
0.0
135.0
0.0
135.0
0.0
135.0
0.0
135.0
0.0
135.0
0.0
135.0
172.5
97.5
257.5
102.5
0.0
135.0
172.5
97.5
257.5
102.5
0.0
135.0
172.5
97.5
257.5
102.5
0.0
135.0
172.5
97.5
257.5
102.5
0.0
135.0
172.5
97.5
257.5
0.0
135.0
172.5
97.5
257.5
102.5
0.0
135.0
172.5
97.5
257.5
102.5
0.0
135.0
172.5
97.5
257.5
0.0
135.0
172.5
97.5
257.5
102.5
0.0
135.0
0.0
135.0
172.5
97.5
257.5
0.0
135.0
172.5
97.5
257.5
102.5
0.0
135.0
252.5
97.5
407.5
252.5
0.0
110.0
107.5
110.0
110.0
112.5
0.0
110.0
107.5
110.0
110.0
112.5
0.0
110.0
107.5
110.0
110.0
112.5
0.0
110.0
107.5
110.0
110.0
112.5
0.0
110.0
107.5
110.0
110.0
112.5
0.0
110.0
107.5
110.0
110.0
112.5
0.0
110.0
107.5
110.0
110.0
112.5
0.0
110.0
107.5
110.0
110.0
112.5
0.0
110.0
107.5
110.0
110.0
112.5
0.0
110.0
107.5
110.0
110.0
112.5
0.0
110.0
107.5
110.0
110.0
112.5
0.0
110.0
107.5
110.0
110.0
112.5
0.0
110.0
107.5
110.0
110.0
112.5
0.0
110.0
107.5
110.0
110.0
112.5
0.0
110.0
107.5
110.0
110.0
112.5
0.0
110.0
107.5
110.0
110.0
112.5
0.0
110.0
107.5
110.0
110.0
112.5
0.0
110.0
107.5
110.0
110.0
112.5
0.0
110.0
107.5
110.0
110.0
112.5
0.0
110.0
107.5
110.0
110.0
112.5
0.0
110.0
107.5
110.0
110.0
112.5
0.0
110.0
107.5
110.0
110.0
112.5
0.0
110.0
107.5
110.0
110.0
112.5
0.0
110.0
107.5
110.0
110.0
112.5
0.0
110.0
107.5
110.0
110.0
112.5
0.0
110.0
107.5
110.0
110.0
0.0
0.0
0.0
110.0
107.5
112.5
105.0
0.0
110.0
110.0
110.0
110.0
0.0
147.5
122.5
320.0
177.5
0.0
220.0
220.0
217.5
220.0
0.0
220.0
220.0
217.5
220.0
0.0
220.0
220.0
217.5
220.0
0.0
220.0
220.0
217.5
220.0
0.0
220.0
220.0
217.5
220.0
0.0
220.0
220.0
217.5
220.0
0.0
220.0
220.0
217.5
220.0
0.0
220.0
220.0
217.5
220.0
0.0
220.0
220.0
217.5
220.0
0.0
220.0
220.0
217.5
220.0
0.0
220.0
220.0
217.5
220.0
0.0
0.0
135.0
0.0
0.0
0.0
220.0
217.5
220.0
210.0
0.0
135.0
