0.0
195.0
197.5
195.0
150.0
0.0
0.0
0.0
0.0
0.0
0.0
0.0
0.0
0.0
0.0
0.0
0.0
0.0
225.0
355.0
325.0
0.0
195.0
197.5
195.0
150.0
0.0
0.0
0.0
0.0
0.0
0.0
0.0
0.0
0.0
0.0
320.0
0.0
0.0
0.0
395.0
250.0
260.0
220.0
0.0
227.5
230.0
145.0
100.0
0.0
195.0
165.0
215.0
120.0
0.0
227.5
230.0
225.0
180.0
0.0
227.5
230.0
225.0
180.0
0.0
227.5
230.0
225.0
180.0
0.0
227.5
230.0
225.0
180.0
0.0
227.5
230.0
225.0
180.0
0.0
227.5
230.0
225.0
180.0
0.0
227.5
230.0
225.0
180.0
0.0
227.5
230.0
225.0
180.0
0.0
227.5
230.0
225.0
180.0
0.0
227.5
230.0
225.0
180.0
0.0
227.5
230.0
225.0
180.0
0.0
0.0
0.0
0.0
0.0
0.0
0.0
0.0
0.0
0.0
