0.0
187.5
187.5
190.0
192.5
0.0
187.5
190.0
192.5
190.0
55.0
0.0
187.5
190.0
192.5
190.0
55.0
0.0
187.5
190.0
192.5
190.0
55.0
0.0
187.5
190.0
192.5
190.0
55.0
0.0
187.5
190.0
192.5
190.0
55.0
0.0
187.5
190.0
192.5
190.0
55.0
0.0
187.5
190.0
192.5
190.0
55.0
0.0
187.5
190.0
192.5
190.0
55.0
0.0
187.5
190.0
192.5
190.0
55.0
0.0
0.0
187.5
190.0
192.5
190.0
55.0
0.0
0.0
0.0
187.5
190.0
192.5
190.0
55.0
0.0
187.5
190.0
192.5
190.0
55.0
0.0
187.5
190.0
192.5
190.0
55.0
0.0
187.5
190.0
192.5
190.0
55.0
0.0
187.5
190.0
192.5
190.0
55.0
0.0
187.5
190.0
192.5
190.0
55.0
0.0
187.5
190.0
192.5
190.0
55.0
0.0
187.5
190.0
192.5
190.0
55.0
0.0
187.5
190.0
185.0
190.0
0.0
187.5
190.0
185.0
120.0
0.0
187.5
187.5
190.0
192.5
0.0
187.5
190.0
192.5
190.0
55.0
0.0
187.5
190.0
192.5
190.0
55.0
0.0
187.5
190.0
192.5
190.0
55.0
0.0
187.5
190.0
192.5
190.0
55.0
0.0
187.5
190.0
192.5
190.0
55.0
0.0
187.5
190.0
192.5
190.0
55.0
0.0
187.5
110.0
112.5
110.0
40.0
0.0
187.5
110.0
112.5
110.0
40.0
0.0
187.5
110.0
112.5
110.0
40.0
0.0
0.0
0.0
0.0
162.5
160.0
75.0
235.0
75.0
0.0
0.0
0.0
0.0
0.0
162.5
160.0
75.0
235.0
75.0
0.0
162.5
0.0
162.5
0.0
0.0
162.5
0.0
0.0
162.5
160.0
0.0
162.5
160.0
75.0
0.0
162.5
0.0
0.0
0.0
162.5
160.0
0.0
187.5
140.0
0.0
187.5
140.0
0.0
187.5
190.0
192.5
190.0
55.0
0.0
0.0
187.5
190.0
192.5
190.0
55.0
0.0
187.5
190.0
192.5
190.0
55.0
0.0
187.5
190.0
192.5
190.0
55.0
0.0
187.5
190.0
192.5
190.0
55.0
0.0
0.0
0.0
0.0
187.5
190.0
192.5
190.0
55.0
0.0
0.0
0.0
0.0
0.0
0.0
0.0
0.0
0.0
0.0
0.0
0.0
0.0
0.0
0.0
162.5
160.0
75.0
240.0
30.0
0.0
162.5
160.0
75.0
240.0
30.0
0.0
162.5
160.0
75.0
240.0
30.0
0.0
162.5
160.0
75.0
240.0
30.0
0.0
162.5
160.0
75.0
0.0
162.5
160.0
75.0
240.0
30.0
0.0
162.5
160.0
75.0
240.0
0.0
162.5
160.0
75.0
0.0
162.5
160.0
75.0
240.0
30.0
0.0
0.0
162.5
160.0
75.0
0.0
162.5
160.0
75.0
240.0
30.0
0.0
110.0
110.0
112.5
110.0
40.0
0.0
110.0
110.0
112.5
110.0
40.0
0.0
187.5
110.0
112.5
110.0
40.0
0.0
187.5
110.0
112.5
110.0
40.0
0.0
187.5
110.0
112.5
110.0
40.0
0.0
187.5
110.0
112.5
110.0
40.0
0.0
187.5
110.0
112.5
110.0
40.0
0.0
187.5
110.0
112.5
110.0
40.0
0.0
187.5
110.0
112.5
110.0
40.0
0.0
187.5
110.0
112.5
110.0
40.0
0.0
187.5
110.0
112.5
110.0
40.0
0.0
187.5
110.0
112.5
110.0
40.0
0.0
187.5
110.0
112.5
110.0
40.0
0.0
187.5
110.0
112.5
110.0
40.0
0.0
187.5
110.0
112.5
110.0
40.0
0.0
187.5
190.0
112.5
110.0
40.0
0.0
187.5
190.0
112.5
110.0
40.0
0.0
187.5
190.0
112.5
110.0
40.0
0.0
187.5
190.0
112.5
110.0
40.0
0.0
187.5
190.0
112.5
110.0
40.0
0.0
187.5
190.0
192.5
190.0
55.0
0.0
187.5
190.0
112.5
110.0
40.0
0.0
187.5
190.0
112.5
110.0
40.0
0.0
187.5
190.0
112.5
110.0
40.0
0.0
187.5
190.0
112.5
110.0
40.0
0.0
187.5
190.0
112.5
110.0
40.0
0.0
187.5
190.0
185.0
112.5
0.0
0.0
0.0
187.5
190.0
185.0
120.0
0.0
187.5
187.5
110.0
112.5
0.0
162.5
212.5
162.5
165.0
0.0
187.5
187.5
190.0
192.5
0.0
187.5
187.5
190.0
192.5
0.0
187.5
187.5
190.0
192.5
0.0
187.5
187.5
190.0
192.5
0.0
187.5
187.5
190.0
192.5
0.0
187.5
187.5
190.0
192.5
0.0
187.5
187.5
190.0
192.5
0.0
187.5
187.5
190.0
192.5
0.0
187.5
187.5
190.0
192.5
0.0
187.5
187.5
190.0
192.5
0.0
187.5
187.5
190.0
192.5
0.0
0.0
102.5
0.0
0.0
0.0
187.5
190.0
185.0
120.0
0.0
