0.0
182.5
182.5
185.0
185.0
0.0
182.5
180.0
185.0
185.0
80.0
0.0
195.0
192.5
192.5
192.5
90.0
0.0
147.5
145.0
147.5
147.5
40.0
0.0
147.5
145.0
147.5
147.5
40.0
0.0
182.5
180.0
185.0
185.0
80.0
0.0
182.5
180.0
185.0
185.0
80.0
0.0
182.5
180.0
185.0
185.0
80.0
0.0
147.5
145.0
147.5
147.5
40.0
0.0
147.5
145.0
147.5
147.5
40.0
0.0
0.0
182.5
180.0
185.0
185.0
80.0
0.0
0.0
0.0
182.5
180.0
185.0
185.0
80.0
0.0
182.5
180.0
185.0
185.0
80.0
0.0
182.5
180.0
185.0
185.0
80.0
0.0
182.5
180.0
185.0
185.0
80.0
0.0
147.5
145.0
147.5
147.5
40.0
0.0
147.5
145.0
147.5
147.5
40.0
0.0
147.5
145.0
147.5
147.5
40.0
0.0
147.5
145.0
147.5
147.5
40.0
0.0
147.5
145.0
147.5
147.5
0.0
147.5
145.0
145.0
75.0
0.0
147.5
147.5
147.5
147.5
0.0
147.5
145.0
147.5
147.5
40.0
0.0
147.5
145.0
147.5
147.5
40.0
0.0
147.5
145.0
147.5
147.5
40.0
0.0
147.5
145.0
147.5
147.5
40.0
0.0
147.5
145.0
147.5
147.5
40.0
0.0
147.5
145.0
147.5
147.5
40.0
0.0
220.0
217.5
135.0
135.0
90.0
0.0
147.5
107.5
112.5
112.5
0.0
0.0
220.0
180.0
185.0
185.0
65.0
0.0
0.0
0.0
0.0
135.0
237.5
170.0
100.0
240.0
0.0
0.0
0.0
0.0
0.0
135.0
237.5
170.0
100.0
240.0
0.0
135.0
0.0
135.0
0.0
0.0
135.0
237.5
0.0
0.0
135.0
237.5
170.0
0.0
135.0
237.5
170.0
0.0
135.0
237.5
0.0
0.0
0.0
135.0
237.5
0.0
220.0
212.5
0.0
220.0
212.5
0.0
220.0
217.5
220.0
220.0
105.0
0.0
0.0
220.0
217.5
220.0
220.0
105.0
0.0
220.0
217.5
220.0
220.0
105.0
0.0
220.0
217.5
220.0
220.0
105.0
0.0
220.0
217.5
220.0
220.0
105.0
0.0
0.0
0.0
0.0
220.0
217.5
220.0
220.0
105.0
0.0
0.0
0.0
0.0
0.0
0.0
0.0
0.0
0.0
0.0
0.0
0.0
0.0
0.0
0.0
135.0
252.5
232.5
392.5
125.0
0.0
135.0
252.5
232.5
392.5
125.0
0.0
135.0
252.5
232.5
392.5
125.0
0.0
135.0
252.5
232.5
392.5
125.0
0.0
135.0
252.5
232.5
0.0
135.0
252.5
232.5
392.5
125.0
0.0
135.0
252.5
232.5
392.5
125.0
0.0
135.0
252.5
232.5
0.0
135.0
252.5
232.5
392.5
125.0
0.0
135.0
0.0
135.0
252.5
232.5
0.0
135.0
252.5
232.5
392.5
125.0
0.0
135.0
172.5
100.0
260.0
80.0
0.0
122.5
157.5
70.0
240.0
75.0
0.0
122.5
237.5
160.0
330.0
60.0
0.0
122.5
157.5
70.0
305.0
145.0
0.0
122.5
242.5
160.0
325.0
50.0
0.0
122.5
242.5
160.0
465.0
200.0
0.0
122.5
242.5
160.0
465.0
200.0
0.0
122.5
242.5
160.0
330.0
165.0
0.0
122.5
137.5
140.0
140.0
30.0
0.0
122.5
157.5
155.0
155.0
0.0
0.0
122.5
157.5
155.0
155.0
0.0
0.0
122.5
137.5
140.0
140.0
30.0
0.0
122.5
120.0
120.0
120.0
25.0
0.0
122.5
120.0
120.0
120.0
25.0
0.0
122.5
120.0
120.0
120.0
25.0
0.0
122.5
120.0
120.0
120.0
25.0
0.0
122.5
120.0
120.0
120.0
25.0
0.0
122.5
120.0
120.0
120.0
25.0
0.0
122.5
120.0
120.0
120.0
25.0
0.0
122.5
120.0
120.0
120.0
25.0
0.0
122.5
120.0
120.0
120.0
25.0
0.0
122.5
120.0
120.0
120.0
25.0
0.0
122.5
120.0
120.0
120.0
25.0
0.0
122.5
120.0
120.0
120.0
25.0
0.0
122.5
120.0
120.0
120.0
25.0
0.0
122.5
120.0
120.0
120.0
25.0
0.0
122.5
120.0
120.0
120.0
0.0
0.0
0.0
122.5
120.0
120.0
65.0
0.0
122.5
122.5
120.0
120.0
0.0
147.5
122.5
315.0
170.0
0.0
220.0
220.0
220.0
220.0
0.0
220.0
220.0
220.0
220.0
0.0
220.0
220.0
220.0
220.0
0.0
220.0
220.0
220.0
220.0
0.0
220.0
220.0
220.0
220.0
0.0
220.0
220.0
220.0
220.0
0.0
220.0
220.0
220.0
220.0
0.0
220.0
220.0
220.0
220.0
0.0
220.0
220.0
220.0
220.0
0.0
220.0
220.0
220.0
220.0
0.0
220.0
220.0
220.0
220.0
0.0
0.0
135.0
0.0
0.0
0.0
220.0
217.5
217.5
147.5
0.0
