0.0
262.5
265.0
265.0
205.0
0.0
0.0
0.0
0.0
0.0
0.0
0.0
0.0
0.0
0.0
0.0
0.0
0.0
0.0
0.0
0.0
0.0
0.0
0.0
0.0
0.0
0.0
0.0
0.0
0.0
0.0
0.0
0.0
0.0
0.0
0.0
0.0
0.0
0.0
0.0
0.0
0.0
0.0
0.0
0.0
0.0
0.0
0.0
0.0
0.0
0.0
0.0
0.0
0.0
0.0
0.0
0.0
0.0
0.0
0.0
0.0
0.0
0.0
0.0
0.0
0.0
0.0
0.0
0.0
0.0
0.0
0.0
0.0
0.0
0.0
0.0
0.0
0.0
0.0
0.0
0.0
0.0
0.0
0.0
0.0
0.0
0.0
0.0
0.0
0.0
0.0
0.0
0.0
0.0
0.0
0.0
0.0
0.0
0.0
0.0
0.0
0.0
0.0
0.0
0.0
0.0
0.0
0.0
0.0
0.0
0.0
0.0
0.0
0.0
0.0
0.0
0.0
0.0
0.0
0.0
0.0
310.0
237.5
235.0
172.5
0.0
310.0
237.5
237.5
182.5
0.0
0.0
0.0
0.0
0.0
0.0
0.0
0.0
0.0
0.0
0.0
0.0
0.0
0.0
0.0
0.0
0.0
0.0
0.0
0.0
0.0
0.0
0.0
0.0
0.0
0.0
0.0
0.0
0.0
0.0
0.0
0.0
0.0
0.0
0.0
0.0
0.0
0.0
0.0
0.0
0.0
0.0
0.0
0.0
0.0
0.0
0.0
0.0
0.0
0.0
0.0
0.0
0.0
90.0
0.0
0.0
0.0
0.0
0.0
240.0
70.0
240.0
70.0
0.0
0.0
0.0
0.0
0.0
0.0
240.0
70.0
240.0
70.0
0.0
0.0
0.0
0.0
0.0
0.0
0.0
0.0
0.0
0.0
240.0
0.0
0.0
240.0
0.0
0.0
0.0
0.0
0.0
0.0
0.0
170.0
160.0
0.0
170.0
160.0
0.0
170.0
170.0
170.0
170.0
165.0
0.0
0.0
170.0
170.0
170.0
170.0
165.0
0.0
50.0
50.0
55.0
55.0
50.0
0.0
50.0
50.0
55.0
55.0
50.0
0.0
50.0
50.0
55.0
55.0
50.0
0.0
0.0
0.0
0.0
50.0
50.0
55.0
55.0
50.0
0.0
0.0
0.0
0.0
0.0
0.0
0.0
0.0
0.0
0.0
0.0
0.0
0.0
0.0
0.0
0.0
0.0
240.0
70.0
305.0
0.0
0.0
0.0
240.0
70.0
305.0
0.0
0.0
0.0
240.0
70.0
0.0
0.0
0.0
240.0
70.0
305.0
0.0
0.0
0.0
240.0
0.0
0.0
0.0
240.0
70.0
0.0
0.0
0.0
240.0
70.0
0.0
0.0
0.0
240.0
0.0
0.0
0.0
240.0
70.0
305.0
0.0
0.0
0.0
0.0
240.0
0.0
0.0
0.0
240.0
70.0
305.0
0.0
0.0
0.0
330.0
165.0
0.0
0.0
0.0
0.0
330.0
160.0
210.0
0.0
0.0
0.0
375.0
310.0
185.0
0.0
0.0
0.0
165.0
0.0
225.0
0.0
0.0
0.0
0.0
0.0
0.0
0.0
0.0
0.0
0.0
0.0
0.0
0.0
0.0
0.0
0.0
0.0
0.0
0.0
0.0
0.0
0.0
0.0
0.0
0.0
0.0
0.0
0.0
0.0
0.0
0.0
0.0
0.0
0.0
0.0
0.0
0.0
0.0
0.0
0.0
0.0
0.0
0.0
0.0
0.0
0.0
0.0
0.0
0.0
0.0
0.0
0.0
0.0
0.0
0.0
0.0
0.0
0.0
0.0
0.0
0.0
0.0
0.0
0.0
0.0
0.0
0.0
0.0
0.0
0.0
0.0
0.0
0.0
0.0
0.0
0.0
0.0
0.0
0.0
0.0
0.0
0.0
0.0
0.0
0.0
0.0
0.0
0.0
0.0
0.0
0.0
0.0
0.0
0.0
0.0
0.0
0.0
0.0
0.0
0.0
0.0
0.0
0.0
0.0
0.0
0.0
0.0
0.0
0.0
0.0
0.0
0.0
0.0
0.0
0.0
0.0
0.0
0.0
0.0
0.0
0.0
0.0
0.0
0.0
0.0
0.0
0.0
0.0
0.0
0.0
0.0
0.0
0.0
495.0
350.0
205.0
155.0
0.0
0.0
0.0
162.5
165.0
162.5
105.0
0.0
162.5
165.0
165.0
115.0
0.0
310.0
237.5
165.0
115.0
0.0
342.5
345.0
345.0
270.0
0.0
342.5
345.0
345.0
270.0
0.0
342.5
345.0
345.0
270.0
0.0
342.5
345.0
345.0
270.0
0.0
342.5
345.0
345.0
270.0
0.0
342.5
345.0
345.0
270.0
0.0
342.5
345.0
345.0
270.0
0.0
342.5
345.0
345.0
270.0
0.0
342.5
345.0
345.0
270.0
0.0
342.5
345.0
345.0
270.0
0.0
342.5
345.0
345.0
270.0
0.0
0.0
0.0
0.0
0.0
342.5
345.0
340.0
257.5
0.0
