0.0
192.5
190.0
190.0
190.0
0.0
192.5
190.0
190.0
192.5
192.5
0.0
192.5
190.0
190.0
192.5
192.5
0.0
192.5
190.0
190.0
192.5
192.5
0.0
192.5
190.0
190.0
192.5
192.5
0.0
192.5
190.0
190.0
192.5
192.5
0.0
192.5
190.0
190.0
192.5
192.5
0.0
192.5
190.0
190.0
192.5
192.5
0.0
192.5
190.0
190.0
192.5
192.5
0.0
192.5
190.0
190.0
192.5
192.5
0.0
192.5
0.0
192.5
190.0
190.0
192.5
192.5
0.0
192.5
0.0
192.5
0.0
192.5
190.0
190.0
192.5
192.5
0.0
192.5
190.0
190.0
192.5
192.5
0.0
192.5
190.0
190.0
192.5
192.5
0.0
192.5
190.0
190.0
192.5
192.5
0.0
192.5
190.0
190.0
192.5
192.5
0.0
192.5
190.0
190.0
192.5
192.5
0.0
192.5
190.0
190.0
192.5
192.5
0.0
192.5
190.0
190.0
192.5
192.5
0.0
192.5
190.0
190.0
192.5
0.0
192.5
190.0
190.0
190.0
0.0
192.5
190.0
190.0
190.0
0.0
192.5
190.0
190.0
192.5
192.5
0.0
192.5
190.0
190.0
192.5
192.5
0.0
192.5
190.0
190.0
192.5
192.5
0.0
192.5
190.0
190.0
192.5
192.5
0.0
192.5
190.0
190.0
192.5
192.5
0.0
192.5
190.0
190.0
192.5
192.5
0.0
192.5
162.5
162.5
165.0
165.0
0.0
192.5
162.5
162.5
165.0
165.0
0.0
192.5
162.5
162.5
165.0
165.0
0.0
192.5
0.0
192.5
0.0
192.5
0.0
107.5
245.0
165.0
0.0
230.0
0.0
107.5
0.0
107.5
0.0
107.5
0.0
107.5
0.0
107.5
245.0
165.0
0.0
230.0
0.0
107.5
245.0
0.0
107.5
245.0
0.0
107.5
0.0
107.5
245.0
0.0
107.5
0.0
107.5
245.0
165.0
0.0
107.5
245.0
165.0
0.0
107.5
245.0
0.0
107.5
0.0
107.5
0.0
107.5
245.0
0.0
107.5
97.5
0.0
107.5
97.5
0.0
107.5
107.5
107.5
107.5
107.5
0.0
107.5
0.0
107.5
107.5
107.5
107.5
107.5
0.0
107.5
107.5
107.5
107.5
107.5
0.0
107.5
107.5
107.5
107.5
107.5
0.0
107.5
107.5
107.5
107.5
107.5
0.0
107.5
0.0
107.5
0.0
107.5
0.0
107.5
107.5
107.5
107.5
107.5
0.0
107.5
0.0
107.5
0.0
107.5
0.0
107.5
0.0
107.5
0.0
107.5
0.0
107.5
0.0
107.5
0.0
107.5
0.0
107.5
0.0
107.5
0.0
107.5
0.0
107.5
0.0
107.5
0.0
107.5
245.0
165.0
0.0
110.0
0.0
107.5
245.0
165.0
0.0
110.0
0.0
107.5
245.0
165.0
0.0
110.0
0.0
107.5
245.0
165.0
0.0
110.0
0.0
107.5
245.0
165.0
0.0
0.0
107.5
245.0
165.0
0.0
110.0
0.0
107.5
245.0
165.0
0.0
110.0
0.0
107.5
245.0
165.0
0.0
0.0
107.5
245.0
165.0
0.0
110.0
0.0
107.5
0.0
107.5
245.0
165.0
0.0
0.0
107.5
245.0
165.0
0.0
110.0
0.0
107.5
245.0
165.0
0.0
230.0
0.0
107.5
240.0
160.0
330.0
155.0
0.0
112.5
242.5
160.0
380.0
225.0
0.0
112.5
242.5
160.0
330.0
160.0
0.0
192.5
162.5
162.5
165.0
165.0
0.0
192.5
162.5
162.5
165.0
165.0
0.0
192.5
162.5
162.5
165.0
165.0
0.0
192.5
162.5
162.5
165.0
165.0
0.0
192.5
162.5
162.5
165.0
165.0
0.0
192.5
190.0
107.5
402.5
307.5
0.0
192.5
190.0
107.5
402.5
307.5
0.0
192.5
162.5
162.5
165.0
165.0
0.0
192.5
190.0
107.5
402.5
307.5
0.0
192.5
190.0
107.5
252.5
387.5
0.0
192.5
190.0
107.5
397.5
327.5
0.0
192.5
190.0
110.0
112.5
112.5
0.0
192.5
190.0
110.0
112.5
112.5
0.0
192.5
190.0
110.0
112.5
112.5
0.0
192.5
190.0
110.0
112.5
112.5
0.0
192.5
190.0
110.0
112.5
112.5
0.0
192.5
190.0
190.0
192.5
192.5
0.0
192.5
190.0
110.0
112.5
112.5
0.0
192.5
190.0
110.0
112.5
112.5
0.0
192.5
190.0
110.0
112.5
112.5
0.0
192.5
190.0
110.0
112.5
112.5
0.0
192.5
190.0
110.0
112.5
112.5
0.0
192.5
190.0
190.0
192.5
0.0
75.0
0.0
192.5
190.0
190.0
110.0
0.0
192.5
190.0
110.0
110.0
0.0
165.0
607.5
465.0
315.0
0.0
192.5
190.0
190.0
190.0
0.0
192.5
190.0
190.0
190.0
0.0
192.5
190.0
190.0
190.0
0.0
192.5
190.0
190.0
190.0
0.0
192.5
190.0
190.0
190.0
0.0
192.5
190.0
190.0
190.0
0.0
192.5
190.0
190.0
190.0
0.0
192.5
190.0
190.0
190.0
0.0
192.5
190.0
190.0
190.0
0.0
192.5
190.0
190.0
190.0
0.0
192.5
190.0
190.0
190.0
0.0
0.0
107.5
0.0
192.5
0.0
192.5
190.0
190.0
190.0
0.0
107.5
