0.0
187.5
187.5
187.5
187.5
0.0
0.0
0.0
0.0
0.0
0.0
0.0
0.0
0.0
0.0
0.0
0.0
0.0
0.0
0.0
0.0
0.0
0.0
0.0
0.0
0.0
0.0
0.0
0.0
0.0
0.0
0.0
0.0
0.0
0.0
0.0
0.0
0.0
0.0
0.0
0.0
0.0
0.0
0.0
0.0
0.0
0.0
0.0
0.0
0.0
0.0
0.0
0.0
0.0
0.0
0.0
0.0
0.0
0.0
0.0
0.0
0.0
0.0
0.0
0.0
0.0
0.0
0.0
0.0
0.0
0.0
0.0
0.0
0.0
0.0
0.0
0.0
0.0
0.0
0.0
0.0
0.0
0.0
0.0
0.0
0.0
0.0
0.0
0.0
0.0
0.0
0.0
0.0
0.0
0.0
0.0
0.0
0.0
0.0
0.0
0.0
0.0
0.0
0.0
0.0
0.0
0.0
0.0
0.0
0.0
0.0
0.0
0.0
0.0
0.0
0.0
187.5
190.0
192.5
112.5
0.0
187.5
190.0
190.0
145.0
0.0
187.5
187.5
187.5
187.5
0.0
0.0
0.0
0.0
0.0
0.0
0.0
0.0
0.0
0.0
0.0
0.0
0.0
0.0
0.0
0.0
0.0
0.0
0.0
0.0
0.0
0.0
0.0
0.0
0.0
0.0
0.0
0.0
0.0
0.0
0.0
0.0
0.0
0.0
0.0
0.0
0.0
0.0
0.0
465.0
310.0
305.0
0.0
0.0
235.0
75.0
380.0
175.0
0.0
0.0
325.0
325.0
160.0
330.0
0.0
0.0
0.0
0.0
225.0
150.0
145.0
145.0
145.0
0.0
0.0
0.0
0.0
0.0
225.0
150.0
145.0
145.0
145.0
0.0
225.0
0.0
225.0
0.0
0.0
225.0
0.0
0.0
225.0
150.0
0.0
225.0
150.0
0.0
225.0
0.0
0.0
0.0
225.0
0.0
170.0
165.0
0.0
170.0
165.0
0.0
170.0
165.0
165.0
170.0
170.0
0.0
0.0
170.0
165.0
165.0
170.0
170.0
0.0
75.0
75.0
70.0
70.0
70.0
0.0
75.0
75.0
70.0
70.0
70.0
0.0
75.0
75.0
70.0
70.0
70.0
0.0
0.0
0.0
0.0
75.0
75.0
70.0
70.0
70.0
0.0
0.0
0.0
0.0
0.0
0.0
0.0
0.0
0.0
0.0
0.0
0.0
0.0
0.0
0.0
240.0
70.0
240.0
75.0
235.0
0.0
240.0
70.0
240.0
75.0
235.0
0.0
240.0
70.0
240.0
75.0
0.0
240.0
70.0
240.0
75.0
235.0
0.0
240.0
70.0
240.0
0.0
240.0
70.0
240.0
75.0
0.0
240.0
70.0
240.0
75.0
0.0
240.0
70.0
240.0
0.0
240.0
70.0
240.0
75.0
235.0
0.0
0.0
240.0
70.0
240.0
0.0
240.0
70.0
240.0
75.0
235.0
0.0
325.0
160.0
325.0
160.0
305.0
0.0
325.0
165.0
165.0
0.0
50.0
0.0
730.0
655.0
510.0
355.0
635.0
0.0
730.0
665.0
590.0
660.0
460.0
0.0
0.0
320.0
160.0
320.0
160.0
0.0
0.0
325.0
170.0
170.0
0.0
0.0
0.0
205.0
125.0
125.0
55.0
0.0
0.0
330.0
320.0
160.0
470.0
0.0
0.0
240.0
245.0
75.0
285.0
0.0
0.0
310.0
145.0
75.0
260.0
0.0
0.0
310.0
145.0
75.0
260.0
0.0
0.0
330.0
165.0
165.0
165.0
0.0
0.0
245.0
165.0
165.0
0.0
0.0
0.0
160.0
325.0
165.0
170.0
0.0
0.0
160.0
465.0
320.0
100.0
0.0
0.0
0.0
465.0
305.0
310.0
0.0
0.0
0.0
470.0
315.0
160.0
0.0
0.0
0.0
470.0
320.0
160.0
0.0
0.0
0.0
470.0
320.0
160.0
0.0
0.0
0.0
465.0
305.0
310.0
0.0
0.0
0.0
0.0
590.0
730.0
0.0
0.0
0.0
470.0
320.0
160.0
0.0
0.0
0.0
470.0
320.0
160.0
0.0
0.0
0.0
470.0
320.0
160.0
0.0
0.0
0.0
470.0
320.0
160.0
0.0
0.0
0.0
470.0
320.0
160.0
0.0
187.5
190.0
192.5
32.5
0.0
0.0
0.0
187.5
190.0
110.0
65.0
0.0
187.5
187.5
107.5
107.5
0.0
162.5
287.5
227.5
162.5
0.0
187.5
187.5
187.5
187.5
0.0
187.5
187.5
187.5
187.5
0.0
187.5
187.5
187.5
187.5
0.0
187.5
187.5
187.5
187.5
0.0
187.5
187.5
187.5
187.5
0.0
187.5
187.5
187.5
187.5
0.0
187.5
187.5
187.5
187.5
0.0
187.5
187.5
187.5
187.5
0.0
187.5
187.5
187.5
187.5
0.0
187.5
187.5
187.5
187.5
0.0
187.5
187.5
187.5
187.5
0.0
0.0
0.0
0.0
0.0
187.5
190.0
190.0
145.0
0.0
