0.0
225.0
152.5
152.5
150.0
0.0
310.0
305.0
300.0
300.0
300.0
0.0
310.0
305.0
300.0
300.0
300.0
0.0
205.0
205.0
200.0
195.0
195.0
0.0
355.0
355.0
355.0
350.0
335.0
0.0
310.0
305.0
300.0
300.0
300.0
0.0
310.0
305.0
300.0
300.0
300.0
0.0
310.0
305.0
300.0
300.0
300.0
0.0
350.0
350.0
345.0
345.0
350.0
0.0
210.0
710.0
715.0
710.0
680.0
0.0
0.0
310.0
305.0
300.0
300.0
300.0
0.0
0.0
0.0
310.0
305.0
300.0
300.0
0.0
310.0
305.0
300.0
300.0
300.0
0.0
310.0
305.0
300.0
300.0
300.0
0.0
310.0
305.0
300.0
300.0
300.0
0.0
0.0
580.0
585.0
590.0
570.0
0.0
0.0
580.0
585.0
590.0
570.0
0.0
0.0
580.0
585.0
590.0
570.0
0.0
0.0
580.0
585.0
590.0
570.0
0.0
185.0
182.5
185.0
152.5
0.0
185.0
150.0
150.0
107.5
0.0
185.0
152.5
152.5
150.0
0.0
0.0
580.0
585.0
590.0
570.0
0.0
0.0
580.0
580.0
590.0
560.0
0.0
0.0
665.0
660.0
675.0
655.0
0.0
0.0
665.0
660.0
675.0
655.0
0.0
0.0
445.0
635.0
635.0
625.0
0.0
0.0
580.0
585.0
590.0
570.0
0.0
0.0
330.0
330.0
170.0
170.0
0.0
460.0
315.0
165.0
165.0
0.0
0.0
730.0
585.0
745.0
585.0
700.0
0.0
0.0
0.0
0.0
330.0
155.0
325.0
170.0
0.0
0.0
0.0
0.0
0.0
0.0
330.0
155.0
325.0
170.0
0.0
0.0
330.0
0.0
330.0
0.0
0.0
330.0
0.0
0.0
330.0
155.0
0.0
330.0
155.0
0.0
330.0
0.0
0.0
0.0
330.0
155.0
0.0
65.0
65.0
0.0
65.0
65.0
0.0
65.0
65.0
65.0
65.0
60.0
0.0
0.0
65.0
65.0
65.0
65.0
60.0
0.0
170.0
165.0
170.0
170.0
165.0
0.0
170.0
165.0
170.0
170.0
165.0
0.0
170.0
165.0
170.0
170.0
165.0
0.0
0.0
0.0
0.0
170.0
165.0
170.0
170.0
165.0
0.0
0.0
0.0
0.0
0.0
0.0
0.0
0.0
0.0
0.0
0.0
0.0
0.0
0.0
0.0
240.0
70.0
310.0
150.0
70.0
0.0
240.0
70.0
310.0
150.0
70.0
0.0
240.0
70.0
310.0
150.0
70.0
0.0
240.0
70.0
310.0
150.0
70.0
0.0
240.0
70.0
310.0
0.0
240.0
70.0
310.0
150.0
0.0
240.0
70.0
310.0
150.0
0.0
240.0
70.0
310.0
0.0
240.0
70.0
310.0
150.0
70.0
0.0
0.0
240.0
70.0
310.0
0.0
240.0
70.0
310.0
150.0
70.0
0.0
325.0
165.0
0.0
245.0
75.0
0.0
375.0
220.0
65.0
65.0
220.0
0.0
325.0
170.0
165.0
0.0
0.0
0.0
325.0
170.0
165.0
0.0
225.0
0.0
390.0
340.0
195.0
505.0
360.0
0.0
560.0
495.0
350.0
200.0
360.0
0.0
390.0
340.0
200.0
275.0
200.0
0.0
220.0
215.0
215.0
220.0
215.0
0.0
220.0
215.0
215.0
220.0
215.0
0.0
560.0
495.0
345.0
200.0
360.0
0.0
560.0
495.0
345.0
200.0
360.0
0.0
220.0
215.0
215.0
220.0
215.0
0.0
560.0
495.0
345.0
195.0
275.0
0.0
560.0
495.0
345.0
195.0
360.0
0.0
560.0
410.0
260.0
115.0
110.0
0.0
560.0
410.0
260.0
115.0
110.0
0.0
560.0
410.0
260.0
115.0
110.0
0.0
560.0
410.0
260.0
115.0
110.0
0.0
560.0
410.0
260.0
115.0
110.0
0.0
560.0
410.0
260.0
115.0
110.0
0.0
560.0
410.0
260.0
115.0
110.0
0.0
560.0
410.0
260.0
115.0
110.0
0.0
560.0
410.0
260.0
115.0
110.0
0.0
560.0
410.0
260.0
115.0
110.0
0.0
560.0
410.0
260.0
115.0
110.0
0.0
560.0
410.0
260.0
115.0
110.0
0.0
257.5
255.0
257.5
257.5
0.0
0.0
0.0
257.5
255.0
255.0
75.0
0.0
257.5
257.5
117.5
265.0
0.0
225.0
195.0
120.0
207.5
0.0
257.5
257.5
257.5
255.0
0.0
257.5
257.5
257.5
255.0
0.0
257.5
257.5
257.5
255.0
0.0
257.5
257.5
257.5
255.0
0.0
257.5
257.5
257.5
255.0
0.0
257.5
257.5
257.5
255.0
0.0
257.5
257.5
257.5
255.0
0.0
257.5
257.5
257.5
255.0
0.0
257.5
257.5
257.5
255.0
0.0
257.5
257.5
257.5
255.0
0.0
257.5
257.5
257.5
255.0
0.0
0.0
0.0
0.0
0.0
257.5
255.0
255.0
197.5
0.0
