0.0
205.0
207.5
210.0
155.0
0.0
0.0
0.0
0.0
0.0
0.0
0.0
0.0
0.0
0.0
0.0
0.0
555.0
555.0
555.0
495.0
0.0
217.5
220.0
222.5
177.5
0.0
0.0
0.0
0.0
0.0
0.0
0.0
0.0
0.0
0.0
470.0
0.0
0.0
0.0
485.0
340.0
200.0
150.0
0.0
115.0
192.5
107.5
257.5
0.0
212.5
142.5
117.5
297.5
0.0
242.5
245.0
247.5
177.5
0.0
242.5
245.0
247.5
177.5
0.0
242.5
245.0
247.5
177.5
0.0
242.5
245.0
247.5
177.5
0.0
242.5
245.0
247.5
177.5
0.0
242.5
245.0
247.5
177.5
0.0
242.5
245.0
247.5
177.5
0.0
242.5
245.0
247.5
177.5
0.0
242.5
245.0
247.5
177.5
0.0
242.5
245.0
247.5
177.5
0.0
242.5
245.0
247.5
177.5
0.0
0.0
0.0
0.0
0.0
0.0
0.0
0.0
0.0
0.0
