0.0
182.5
182.5
182.5
182.5
0.0
215.0
215.0
210.0
210.0
205.0
0.0
360.0
360.0
360.0
355.0
355.0
0.0
325.0
325.0
325.0
320.0
325.0
0.0
325.0
325.0
325.0
320.0
325.0
0.0
215.0
215.0
210.0
210.0
205.0
0.0
215.0
215.0
210.0
210.0
205.0
0.0
215.0
215.0
210.0
210.0
205.0
0.0
350.0
350.0
350.0
345.0
345.0
0.0
435.0
435.0
430.0
435.0
425.0
0.0
0.0
215.0
215.0
210.0
210.0
205.0
0.0
0.0
0.0
215.0
215.0
210.0
210.0
0.0
215.0
215.0
210.0
210.0
205.0
0.0
215.0
215.0
210.0
210.0
205.0
0.0
215.0
215.0
210.0
210.0
205.0
0.0
555.0
555.0
555.0
545.0
560.0
0.0
555.0
555.0
555.0
545.0
560.0
0.0
555.0
555.0
555.0
545.0
560.0
0.0
555.0
555.0
555.0
545.0
560.0
0.0
147.5
145.0
142.5
145.0
0.0
147.5
145.0
147.5
72.5
0.0
147.5
147.5
145.0
145.0
0.0
555.0
555.0
555.0
545.0
560.0
0.0
635.0
635.0
635.0
635.0
640.0
0.0
635.0
635.0
635.0
635.0
640.0
0.0
715.0
715.0
715.0
715.0
725.0
0.0
715.0
715.0
715.0
715.0
725.0
0.0
555.0
555.0
555.0
545.0
560.0
0.0
165.0
170.0
165.0
165.0
0.0
0.0
250.0
100.0
100.0
100.0
100.0
0.0
590.0
445.0
435.0
435.0
360.0
0.0
0.0
0.0
0.0
220.0
50.0
275.0
220.0
45.0
0.0
0.0
0.0
0.0
0.0
220.0
50.0
275.0
220.0
45.0
0.0
220.0
0.0
220.0
0.0
0.0
220.0
0.0
0.0
220.0
50.0
0.0
220.0
50.0
0.0
220.0
0.0
0.0
0.0
220.0
50.0
0.0
150.0
150.0
0.0
150.0
150.0
0.0
150.0
150.0
150.0
150.0
150.0
0.0
0.0
150.0
150.0
150.0
150.0
150.0
0.0
165.0
170.0
165.0
165.0
170.0
0.0
165.0
170.0
165.0
165.0
170.0
0.0
165.0
170.0
165.0
165.0
170.0
0.0
0.0
0.0
0.0
165.0
170.0
165.0
165.0
170.0
0.0
0.0
0.0
0.0
0.0
0.0
0.0
0.0
0.0
0.0
0.0
0.0
0.0
0.0
0.0
375.0
205.0
380.0
210.0
385.0
0.0
375.0
205.0
380.0
210.0
385.0
0.0
375.0
205.0
380.0
210.0
385.0
0.0
375.0
205.0
380.0
210.0
385.0
0.0
375.0
205.0
380.0
0.0
375.0
205.0
380.0
210.0
0.0
375.0
205.0
380.0
210.0
0.0
375.0
205.0
380.0
0.0
375.0
205.0
380.0
210.0
385.0
0.0
0.0
375.0
205.0
380.0
0.0
375.0
205.0
380.0
210.0
385.0
0.0
375.0
205.0
340.0
290.0
220.0
0.0
375.0
205.0
435.0
280.0
275.0
0.0
605.0
455.0
290.0
470.0
315.0
0.0
605.0
455.0
290.0
675.0
510.0
0.0
585.0
440.0
365.0
225.0
380.0
0.0
590.0
515.0
440.0
760.0
605.0
0.0
500.0
435.0
360.0
585.0
515.0
0.0
525.0
365.0
215.0
380.0
230.0
0.0
525.0
365.0
215.0
380.0
230.0
0.0
525.0
365.0
215.0
380.0
215.0
0.0
525.0
365.0
215.0
380.0
215.0
0.0
525.0
365.0
215.0
380.0
230.0
0.0
525.0
365.0
215.0
380.0
215.0
0.0
525.0
365.0
215.0
380.0
215.0
0.0
525.0
365.0
215.0
380.0
215.0
0.0
525.0
365.0
215.0
525.0
365.0
0.0
525.0
365.0
215.0
530.0
365.0
0.0
525.0
380.0
215.0
525.0
365.0
0.0
525.0
380.0
215.0
525.0
365.0
0.0
525.0
380.0
215.0
525.0
365.0
0.0
525.0
380.0
375.0
230.0
230.0
0.0
525.0
380.0
215.0
525.0
365.0
0.0
525.0
380.0
215.0
525.0
365.0
0.0
525.0
380.0
215.0
525.0
365.0
0.0
525.0
380.0
215.0
525.0
365.0
0.0
525.0
380.0
215.0
525.0
365.0
0.0
122.5
120.0
117.5
120.0
0.0
0.0
0.0
122.5
120.0
120.0
65.0
0.0
122.5
122.5
120.0
120.0
0.0
147.5
122.5
315.0
170.0
0.0
220.0
220.0
217.5
217.5
0.0
220.0
220.0
217.5
217.5
0.0
220.0
220.0
217.5
217.5
0.0
220.0
220.0
217.5
217.5
0.0
220.0
220.0
217.5
217.5
0.0
220.0
220.0
217.5
217.5
0.0
220.0
220.0
217.5
217.5
0.0
220.0
220.0
217.5
217.5
0.0
220.0
220.0
217.5
217.5
0.0
220.0
220.0
217.5
217.5
0.0
220.0
220.0
217.5
217.5
0.0
0.0
135.0
0.0
0.0
0.0
220.0
217.5
220.0
145.0
0.0
