0.0
195.0
197.5
195.0
192.5
0.0
195.0
195.0
195.0
192.5
195.0
0.0
195.0
195.0
195.0
192.5
195.0
0.0
195.0
195.0
195.0
192.5
195.0
0.0
195.0
195.0
195.0
192.5
195.0
0.0
195.0
195.0
195.0
192.5
195.0
0.0
195.0
195.0
195.0
192.5
195.0
0.0
195.0
195.0
195.0
192.5
195.0
0.0
195.0
195.0
195.0
192.5
195.0
0.0
195.0
195.0
195.0
192.5
195.0
0.0
195.0
0.0
195.0
195.0
195.0
192.5
195.0
0.0
195.0
0.0
195.0
0.0
195.0
195.0
195.0
192.5
195.0
0.0
195.0
195.0
195.0
192.5
195.0
0.0
195.0
195.0
195.0
192.5
195.0
0.0
195.0
195.0
195.0
192.5
195.0
0.0
227.5
227.5
227.5
225.0
195.0
0.0
227.5
227.5
227.5
225.0
195.0
0.0
227.5
227.5
227.5
225.0
195.0
0.0
227.5
227.5
227.5
225.0
195.0
0.0
227.5
227.5
227.5
227.5
0.0
227.5
227.5
195.0
197.5
0.0
227.5
230.0
227.5
225.0
0.0
227.5
227.5
227.5
225.0
195.0
0.0
227.5
227.5
227.5
225.0
195.0
0.0
227.5
227.5
227.5
225.0
195.0
0.0
227.5
227.5
227.5
225.0
195.0
0.0
227.5
227.5
227.5
225.0
195.0
0.0
227.5
227.5
227.5
225.0
195.0
0.0
227.5
227.5
147.5
147.5
147.5
0.0
227.5
227.5
147.5
147.5
147.5
0.0
227.5
227.5
147.5
147.5
147.5
0.0
227.5
0.0
227.5
0.0
227.5
0.0
147.5
150.0
147.5
147.5
147.5
0.0
147.5
0.0
147.5
0.0
147.5
0.0
147.5
0.0
147.5
150.0
147.5
147.5
147.5
0.0
147.5
150.0
0.0
147.5
150.0
0.0
147.5
0.0
147.5
150.0
0.0
147.5
0.0
147.5
150.0
147.5
0.0
147.5
150.0
147.5
0.0
147.5
150.0
0.0
147.5
0.0
147.5
0.0
147.5
150.0
0.0
147.5
150.0
0.0
147.5
150.0
0.0
147.5
150.0
147.5
147.5
147.5
0.0
147.5
0.0
147.5
150.0
147.5
147.5
147.5
0.0
147.5
150.0
147.5
147.5
147.5
0.0
147.5
150.0
147.5
147.5
147.5
0.0
147.5
150.0
147.5
147.5
147.5
0.0
147.5
0.0
147.5
0.0
147.5
0.0
147.5
150.0
147.5
147.5
147.5
0.0
147.5
0.0
147.5
0.0
147.5
0.0
147.5
0.0
147.5
0.0
147.5
0.0
147.5
0.0
147.5
0.0
147.5
0.0
147.5
0.0
147.5
0.0
147.5
0.0
147.5
0.0
147.5
0.0
147.5
150.0
147.5
147.5
147.5
0.0
147.5
150.0
147.5
147.5
147.5
0.0
147.5
150.0
147.5
147.5
147.5
0.0
147.5
150.0
147.5
147.5
147.5
0.0
147.5
150.0
147.5
147.5
0.0
147.5
150.0
147.5
147.5
147.5
0.0
147.5
150.0
147.5
147.5
147.5
0.0
147.5
150.0
147.5
147.5
0.0
147.5
150.0
147.5
147.5
147.5
0.0
147.5
0.0
147.5
150.0
147.5
147.5
0.0
147.5
150.0
147.5
147.5
147.5
0.0
147.5
150.0
147.5
147.5
147.5
0.0
147.5
150.0
147.5
147.5
147.5
0.0
145.0
142.5
210.0
130.0
335.0
0.0
145.0
142.5
295.0
292.5
145.0
0.0
145.0
287.5
290.0
292.5
280.0
0.0
227.5
150.0
147.5
147.5
147.5
0.0
227.5
150.0
147.5
147.5
147.5
0.0
227.5
150.0
147.5
147.5
147.5
0.0
227.5
227.5
147.5
147.5
147.5
0.0
227.5
227.5
147.5
147.5
147.5
0.0
227.5
227.5
147.5
147.5
147.5
0.0
227.5
227.5
147.5
147.5
147.5
0.0
227.5
227.5
147.5
147.5
147.5
0.0
227.5
227.5
147.5
147.5
147.5
0.0
227.5
227.5
147.5
147.5
147.5
0.0
227.5
227.5
147.5
147.5
147.5
0.0
227.5
227.5
147.5
147.5
147.5
0.0
227.5
227.5
147.5
147.5
147.5
0.0
227.5
227.5
147.5
147.5
147.5
0.0
227.5
227.5
147.5
147.5
147.5
0.0
227.5
227.5
227.5
225.0
227.5
0.0
227.5
227.5
147.5
147.5
147.5
0.0
227.5
227.5
147.5
147.5
147.5
0.0
227.5
227.5
147.5
147.5
147.5
0.0
227.5
227.5
147.5
147.5
147.5
0.0
227.5
227.5
147.5
147.5
147.5
0.0
227.5
227.5
147.5
150.0
0.0
227.5
0.0
227.5
227.5
225.0
147.5
0.0
227.5
230.0
227.5
225.0
0.0
195.0
165.0
215.0
162.5
0.0
227.5
230.0
227.5
225.0
0.0
227.5
230.0
227.5
225.0
0.0
227.5
230.0
227.5
225.0
0.0
227.5
230.0
227.5
225.0
0.0
227.5
230.0
227.5
225.0
0.0
227.5
230.0
227.5
225.0
0.0
227.5
230.0
227.5
225.0
0.0
227.5
230.0
227.5
225.0
0.0
227.5
230.0
227.5
225.0
0.0
227.5
230.0
227.5
225.0
0.0
227.5
230.0
227.5
225.0
0.0
0.0
145.0
0.0
0.0
0.0
0.0
0.0
0.0
0.0
0.0
227.5
0.0
227.5
227.5
225.0
227.5
0.0
0.0
145.0
