0.0
137.5
140.0
142.5
57.5
0.0
0.0
0.0
0.0
0.0
0.0
0.0
0.0
0.0
0.0
0.0
0.0
0.0
0.0
350.0
350.0
0.0
175.0
177.5
142.5
57.5
0.0
0.0
0.0
0.0
0.0
0.0
0.0
0.0
0.0
0.0
290.0
0.0
0.0
0.0
730.0
585.0
435.0
230.0
0.0
175.0
177.5
100.0
30.0
0.0
150.0
367.5
305.0
80.0
0.0
175.0
177.5
180.0
80.0
0.0
175.0
177.5
180.0
80.0
0.0
175.0
177.5
180.0
80.0
0.0
175.0
177.5
180.0
80.0
0.0
175.0
177.5
180.0
80.0
0.0
175.0
177.5
180.0
80.0
0.0
175.0
177.5
180.0
80.0
0.0
175.0
177.5
180.0
80.0
0.0
175.0
177.5
180.0
80.0
0.0
175.0
177.5
180.0
80.0
0.0
175.0
177.5
180.0
80.0
0.0
0.0
0.0
0.0
0.0
0.0
0.0
0.0
0.0
0.0
