0.0
137.5
140.0
142.5
42.5
0.0
0.0
0.0
0.0
0.0
0.0
0.0
0.0
0.0
0.0
0.0
0.0
555.0
555.0
560.0
490.0
0.0
175.0
177.5
180.0
42.5
0.0
0.0
0.0
0.0
0.0
0.0
0.0
0.0
0.0
470.0
300.0
0.0
0.0
0.0
730.0
580.0
430.0
285.0
0.0
175.0
177.5
180.0
65.0
0.0
150.0
202.5
155.0
65.0
0.0
175.0
177.5
180.0
65.0
0.0
175.0
177.5
180.0
65.0
0.0
175.0
177.5
180.0
65.0
0.0
175.0
177.5
180.0
65.0
0.0
175.0
177.5
180.0
65.0
0.0
175.0
177.5
180.0
65.0
0.0
175.0
177.5
180.0
65.0
0.0
175.0
177.5
180.0
65.0
0.0
175.0
177.5
180.0
65.0
0.0
175.0
177.5
180.0
65.0
0.0
175.0
177.5
180.0
65.0
0.0
0.0
0.0
0.0
0.0
0.0
0.0
0.0
0.0
0.0
