0.0
137.5
140.0
140.0
140.0
0.0
0.0
0.0
0.0
0.0
0.0
0.0
0.0
0.0
0.0
0.0
0.0
0.0
0.0
0.0
0.0
0.0
0.0
0.0
0.0
0.0
0.0
0.0
0.0
0.0
0.0
0.0
0.0
0.0
0.0
0.0
0.0
0.0
0.0
0.0
0.0
0.0
0.0
0.0
0.0
0.0
0.0
0.0
0.0
0.0
0.0
0.0
0.0
0.0
0.0
0.0
0.0
0.0
0.0
0.0
0.0
0.0
0.0
0.0
0.0
0.0
0.0
0.0
0.0
0.0
0.0
0.0
0.0
0.0
0.0
0.0
0.0
0.0
0.0
0.0
0.0
0.0
0.0
0.0
0.0
0.0
0.0
0.0
0.0
0.0
0.0
0.0
0.0
0.0
0.0
0.0
0.0
0.0
0.0
0.0
0.0
0.0
0.0
0.0
0.0
0.0
0.0
0.0
0.0
0.0
0.0
0.0
0.0
0.0
0.0
0.0
725.0
725.0
725.0
730.0
0.0
175.0
140.0
140.0
60.0
0.0
175.0
140.0
140.0
140.0
0.0
0.0
0.0
0.0
0.0
0.0
0.0
0.0
0.0
0.0
0.0
0.0
0.0
0.0
0.0
0.0
0.0
0.0
0.0
0.0
0.0
0.0
0.0
0.0
0.0
0.0
0.0
0.0
0.0
0.0
0.0
0.0
0.0
0.0
0.0
0.0
0.0
0.0
0.0
0.0
325.0
170.0
0.0
0.0
0.0
470.0
310.0
310.0
0.0
0.0
0.0
330.0
170.0
165.0
0.0
0.0
0.0
0.0
330.0
155.0
300.0
235.0
60.0
0.0
0.0
0.0
0.0
0.0
330.0
155.0
300.0
235.0
60.0
0.0
330.0
0.0
330.0
0.0
0.0
330.0
0.0
0.0
330.0
155.0
0.0
330.0
155.0
0.0
330.0
0.0
0.0
0.0
330.0
0.0
75.0
75.0
0.0
75.0
75.0
0.0
75.0
75.0
75.0
75.0
75.0
0.0
0.0
75.0
75.0
75.0
75.0
75.0
0.0
50.0
50.0
50.0
55.0
55.0
0.0
50.0
50.0
50.0
55.0
55.0
0.0
50.0
50.0
50.0
55.0
55.0
0.0
0.0
0.0
0.0
50.0
50.0
50.0
55.0
55.0
0.0
0.0
0.0
0.0
0.0
0.0
0.0
0.0
0.0
0.0
0.0
0.0
0.0
0.0
0.0
220.0
50.0
215.0
55.0
180.0
0.0
220.0
50.0
215.0
55.0
180.0
0.0
220.0
50.0
215.0
55.0
0.0
220.0
50.0
215.0
55.0
180.0
0.0
220.0
50.0
215.0
0.0
220.0
50.0
215.0
55.0
0.0
220.0
50.0
215.0
55.0
0.0
220.0
50.0
215.0
0.0
220.0
50.0
215.0
55.0
180.0
0.0
0.0
220.0
50.0
215.0
0.0
220.0
50.0
215.0
55.0
180.0
0.0
50.0
105.0
100.0
50.0
210.0
0.0
0.0
320.0
160.0
325.0
165.0
0.0
0.0
240.0
70.0
145.0
75.0
0.0
0.0
220.0
55.0
55.0
220.0
0.0
0.0
310.0
140.0
70.0
215.0
0.0
0.0
330.0
165.0
165.0
0.0
0.0
0.0
0.0
385.0
225.0
60.0
0.0
0.0
0.0
465.0
305.0
310.0
0.0
0.0
0.0
330.0
160.0
470.0
0.0
0.0
0.0
470.0
310.0
310.0
0.0
0.0
0.0
470.0
310.0
310.0
0.0
0.0
0.0
330.0
160.0
450.0
0.0
0.0
0.0
500.0
425.0
270.0
0.0
0.0
0.0
670.0
520.0
370.0
0.0
0.0
0.0
745.0
605.0
440.0
0.0
0.0
0.0
470.0
320.0
30.0
0.0
0.0
0.0
160.0
470.0
180.0
0.0
0.0
0.0
0.0
460.0
320.0
0.0
0.0
0.0
0.0
460.0
320.0
0.0
0.0
0.0
0.0
460.0
290.0
0.0
0.0
0.0
0.0
0.0
0.0
0.0
0.0
0.0
0.0
460.0
320.0
0.0
0.0
0.0
0.0
460.0
320.0
0.0
0.0
0.0
0.0
460.0
320.0
0.0
0.0
0.0
0.0
460.0
320.0
0.0
0.0
0.0
0.0
460.0
320.0
0.0
400.0
250.0
105.0
105.0
0.0
0.0
0.0
175.0
177.5
97.5
32.5
0.0
175.0
177.5
97.5
97.5
0.0
150.0
202.5
152.5
152.5
0.0
175.0
177.5
177.5
177.5
0.0
175.0
177.5
177.5
177.5
0.0
175.0
177.5
177.5
177.5
0.0
175.0
177.5
177.5
177.5
0.0
175.0
177.5
177.5
177.5
0.0
175.0
177.5
177.5
177.5
0.0
175.0
177.5
177.5
177.5
0.0
175.0
177.5
177.5
177.5
0.0
175.0
177.5
177.5
177.5
0.0
175.0
177.5
177.5
177.5
0.0
175.0
177.5
177.5
177.5
0.0
0.0
0.0
0.0
0.0
175.0
177.5
177.5
82.5
0.0
