0.0
210.0
212.5
210.0
212.5
0.0
210.0
212.5
215.0
215.0
215.0
0.0
210.0
212.5
215.0
215.0
215.0
0.0
210.0
212.5
215.0
215.0
215.0
0.0
210.0
212.5
215.0
215.0
215.0
0.0
210.0
212.5
215.0
215.0
215.0
0.0
210.0
212.5
215.0
215.0
215.0
0.0
210.0
212.5
215.0
215.0
215.0
0.0
215.0
142.5
142.5
142.5
142.5
0.0
215.0
142.5
142.5
142.5
142.5
0.0
210.0
0.0
210.0
212.5
215.0
215.0
215.0
0.0
210.0
0.0
210.0
0.0
210.0
212.5
215.0
215.0
215.0
0.0
210.0
212.5
215.0
215.0
215.0
0.0
210.0
212.5
215.0
215.0
215.0
0.0
210.0
212.5
215.0
215.0
215.0
0.0
172.5
175.0
142.5
142.5
142.5
0.0
172.5
175.0
142.5
142.5
142.5
0.0
172.5
175.0
142.5
142.5
142.5
0.0
172.5
175.0
142.5
142.5
142.5
0.0
172.5
175.0
175.0
170.0
0.0
172.5
175.0
175.0
175.0
0.0
172.5
175.0
170.0
172.5
0.0
172.5
175.0
142.5
142.5
142.5
0.0
172.5
175.0
142.5
142.5
142.5
0.0
172.5
175.0
142.5
142.5
142.5
0.0
172.5
175.0
142.5
142.5
142.5
0.0
172.5
175.0
142.5
142.5
142.5
0.0
172.5
175.0
142.5
142.5
142.5
0.0
247.5
250.0
250.0
170.0
170.0
0.0
172.5
175.0
142.5
142.5
142.5
0.0
247.5
250.0
250.0
170.0
170.0
0.0
247.5
0.0
247.5
0.0
247.5
0.0
210.0
132.5
305.0
272.5
125.0
0.0
210.0
0.0
210.0
0.0
210.0
0.0
210.0
0.0
210.0
132.5
305.0
272.5
125.0
0.0
210.0
132.5
0.0
210.0
132.5
0.0
210.0
0.0
210.0
132.5
0.0
210.0
0.0
210.0
132.5
305.0
0.0
210.0
132.5
305.0
0.0
210.0
132.5
0.0
210.0
0.0
210.0
0.0
210.0
132.5
0.0
0.0
0.0
80.0
0.0
0.0
0.0
80.0
0.0
0.0
0.0
80.0
0.0
0.0
0.0
80.0
0.0
0.0
0.0
0.0
0.0
0.0
0.0
80.0
0.0
210.0
212.5
0.0
210.0
212.5
0.0
210.0
212.5
215.0
215.0
215.0
0.0
210.0
0.0
210.0
212.5
215.0
215.0
215.0
0.0
0.0
0.0
0.0
0.0
0.0
0.0
0.0
0.0
0.0
0.0
0.0
0.0
0.0
0.0
0.0
0.0
102.5
105.0
107.5
107.5
107.5
0.0
102.5
105.0
107.5
107.5
107.5
0.0
0.0
0.0
0.0
0.0
0.0
0.0
0.0
0.0
145.0
145.0
145.0
0.0
145.0
145.0
145.0
0.0
102.5
105.0
107.5
107.5
107.5
0.0
102.5
0.0
102.5
0.0
102.5
0.0
102.5
105.0
107.5
107.5
107.5
0.0
102.5
0.0
102.5
0.0
102.5
0.0
102.5
0.0
102.5
0.0
102.5
0.0
102.5
0.0
102.5
0.0
102.5
0.0
102.5
0.0
102.5
0.0
102.5
0.0
102.5
0.0
102.5
0.0
102.5
105.0
172.5
145.0
195.0
0.0
102.5
105.0
172.5
145.0
195.0
0.0
102.5
105.0
172.5
145.0
195.0
0.0
102.5
105.0
172.5
145.0
195.0
0.0
102.5
105.0
172.5
145.0
0.0
102.5
105.0
172.5
145.0
195.0
0.0
102.5
105.0
172.5
145.0
195.0
0.0
102.5
105.0
172.5
145.0
0.0
102.5
105.0
172.5
145.0
195.0
0.0
102.5
0.0
102.5
105.0
172.5
145.0
0.0
102.5
105.0
172.5
145.0
195.0
0.0
102.5
170.0
92.5
137.5
72.5
0.0
102.5
170.0
92.5
447.5
382.5
0.0
102.5
105.0
172.5
107.5
172.5
0.0
102.5
170.0
172.5
87.5
202.5
0.0
102.5
170.0
107.5
402.5
322.5
0.0
102.5
170.0
172.5
92.5
252.5
0.0
102.5
170.0
172.5
92.5
452.5
0.0
247.5
250.0
170.0
170.0
170.0
0.0
247.5
250.0
250.0
170.0
170.0
0.0
247.5
250.0
250.0
170.0
170.0
0.0
247.5
250.0
250.0
170.0
170.0
0.0
247.5
250.0
250.0
170.0
170.0
0.0
247.5
250.0
250.0
170.0
170.0
0.0
247.5
250.0
250.0
170.0
170.0
0.0
247.5
250.0
250.0
170.0
170.0
0.0
247.5
250.0
250.0
170.0
170.0
0.0
247.5
250.0
250.0
170.0
170.0
0.0
247.5
250.0
250.0
170.0
170.0
0.0
247.5
250.0
250.0
170.0
170.0
0.0
247.5
250.0
250.0
170.0
170.0
0.0
247.5
250.0
250.0
250.0
250.0
0.0
247.5
250.0
250.0
170.0
170.0
0.0
247.5
250.0
250.0
170.0
170.0
0.0
247.5
250.0
250.0
170.0
170.0
0.0
247.5
250.0
250.0
170.0
170.0
0.0
247.5
250.0
250.0
170.0
170.0
0.0
247.5
250.0
147.5
142.5
0.0
247.5
0.0
247.5
250.0
147.5
147.5
0.0
247.5
250.0
167.5
167.5
0.0
215.0
142.5
112.5
115.0
0.0
247.5
250.0
245.0
247.5
0.0
247.5
250.0
245.0
247.5
0.0
247.5
250.0
245.0
247.5
0.0
247.5
250.0
245.0
247.5
0.0
247.5
250.0
245.0
247.5
0.0
247.5
250.0
245.0
247.5
0.0
247.5
250.0
245.0
247.5
0.0
247.5
250.0
245.0
247.5
0.0
247.5
250.0
245.0
247.5
0.0
247.5
250.0
245.0
247.5
0.0
247.5
250.0
245.0
247.5
0.0
0.0
170.0
0.0
0.0
0.0
0.0
0.0
0.0
0.0
0.0
247.5
0.0
247.5
250.0
250.0
250.0
0.0
0.0
170.0
