0.0
225.0
152.5
152.5
155.0
0.0
225.0
150.0
150.0
152.5
145.0
0.0
225.0
150.0
150.0
152.5
145.0
0.0
225.0
150.0
150.0
152.5
145.0
0.0
225.0
150.0
150.0
152.5
145.0
0.0
225.0
150.0
150.0
152.5
145.0
0.0
225.0
150.0
150.0
152.5
145.0
0.0
225.0
150.0
150.0
152.5
145.0
0.0
225.0
150.0
150.0
152.5
145.0
0.0
225.0
150.0
150.0
152.5
145.0
0.0
225.0
0.0
225.0
150.0
150.0
152.5
145.0
0.0
225.0
0.0
225.0
0.0
225.0
150.0
150.0
152.5
145.0
0.0
225.0
150.0
150.0
152.5
145.0
0.0
225.0
150.0
150.0
152.5
145.0
0.0
225.0
150.0
150.0
152.5
145.0
0.0
185.0
152.5
150.0
150.0
150.0
0.0
185.0
152.5
150.0
150.0
150.0
0.0
185.0
152.5
150.0
150.0
150.0
0.0
185.0
152.5
150.0
150.0
150.0
0.0
185.0
152.5
150.0
152.5
0.0
185.0
152.5
150.0
87.5
0.0
185.0
155.0
152.5
155.0
0.0
185.0
152.5
150.0
150.0
150.0
0.0
185.0
152.5
150.0
150.0
150.0
0.0
185.0
182.5
182.5
182.5
175.0
0.0
185.0
182.5
182.5
182.5
175.0
0.0
185.0
182.5
182.5
182.5
175.0
0.0
185.0
152.5
150.0
150.0
150.0
0.0
172.5
172.5
172.5
172.5
165.0
0.0
172.5
172.5
172.5
172.5
165.0
0.0
172.5
317.5
245.0
247.5
235.0
0.0
172.5
0.0
172.5
0.0
0.0
172.5
172.5
172.5
172.5
165.0
0.0
172.5
0.0
0.0
172.5
0.0
172.5
0.0
172.5
172.5
172.5
172.5
165.0
0.0
172.5
172.5
0.0
172.5
172.5
0.0
172.5
0.0
172.5
172.5
0.0
172.5
0.0
172.5
172.5
172.5
0.0
172.5
172.5
172.5
0.0
172.5
172.5
0.0
172.5
0.0
172.5
0.0
172.5
172.5
0.0
172.5
167.5
0.0
172.5
167.5
0.0
172.5
172.5
172.5
172.5
165.0
0.0
172.5
0.0
172.5
172.5
172.5
172.5
165.0
0.0
257.5
255.0
255.0
257.5
250.0
0.0
257.5
255.0
255.0
257.5
250.0
0.0
257.5
255.0
255.0
257.5
250.0
0.0
257.5
0.0
257.5
0.0
0.0
257.5
255.0
255.0
257.5
250.0
0.0
257.5
0.0
0.0
0.0
0.0
0.0
0.0
0.0
0.0
0.0
257.5
0.0
0.0
172.5
0.0
172.5
0.0
172.5
0.0
172.5
172.5
172.5
172.5
295.0
0.0
172.5
172.5
172.5
172.5
295.0
0.0
172.5
172.5
172.5
172.5
295.0
0.0
172.5
172.5
172.5
172.5
295.0
0.0
172.5
172.5
172.5
172.5
0.0
172.5
172.5
172.5
172.5
295.0
0.0
172.5
172.5
172.5
172.5
295.0
0.0
172.5
172.5
172.5
172.5
0.0
172.5
172.5
172.5
172.5
295.0
0.0
172.5
0.0
172.5
172.5
172.5
172.5
0.0
172.5
172.5
172.5
172.5
295.0
0.0
172.5
172.5
317.5
172.5
315.0
0.0
172.5
172.5
322.5
172.5
315.0
0.0
172.5
172.5
317.5
172.5
310.0
0.0
172.5
172.5
322.5
172.5
310.0
0.0
172.5
172.5
317.5
172.5
165.0
0.0
172.5
317.5
245.0
397.5
225.0
0.0
172.5
172.5
317.5
247.5
385.0
0.0
172.5
317.5
245.0
392.5
225.0
0.0
172.5
172.5
317.5
242.5
385.0
0.0
172.5
317.5
245.0
242.5
370.0
0.0
172.5
317.5
245.0
242.5
370.0
0.0
172.5
317.5
245.0
247.5
370.0
0.0
122.5
120.0
117.5
120.0
120.0
0.0
122.5
120.0
117.5
120.0
120.0
0.0
122.5
120.0
117.5
120.0
120.0
0.0
122.5
120.0
117.5
120.0
120.0
0.0
122.5
120.0
117.5
120.0
120.0
0.0
122.5
120.0
117.5
120.0
120.0
0.0
122.5
120.0
117.5
120.0
120.0
0.0
122.5
120.0
117.5
120.0
120.0
0.0
122.5
120.0
117.5
120.0
120.0
0.0
122.5
120.0
117.5
120.0
120.0
0.0
122.5
120.0
117.5
120.0
120.0
0.0
122.5
120.0
117.5
120.0
120.0
0.0
122.5
120.0
117.5
120.0
120.0
0.0
122.5
120.0
117.5
120.0
120.0
0.0
122.5
120.0
117.5
120.0
0.0
0.0
0.0
122.5
120.0
117.5
65.0
0.0
122.5
122.5
120.0
122.5
0.0
225.0
195.0
120.0
172.5
0.0
257.5
257.5
257.5
262.5
0.0
257.5
257.5
257.5
262.5
0.0
257.5
257.5
257.5
262.5
0.0
257.5
257.5
257.5
262.5
0.0
257.5
257.5
257.5
262.5
0.0
257.5
257.5
257.5
262.5
0.0
257.5
257.5
257.5
262.5
0.0
257.5
257.5
257.5
262.5
0.0
257.5
257.5
257.5
262.5
0.0
257.5
257.5
257.5
262.5
0.0
257.5
257.5
257.5
262.5
0.0
0.0
172.5
0.0
0.0
0.0
257.5
255.0
255.0
187.5
0.0
172.5
