0.0
192.5
192.5
190.0
115.0
0.0
0.0
0.0
0.0
0.0
0.0
0.0
0.0
0.0
0.0
0.0
0.0
0.0
0.0
75.0
175.0
0.0
192.5
192.5
190.0
115.0
0.0
0.0
0.0
0.0
0.0
0.0
0.0
0.0
0.0
0.0
0.0
0.0
0.0
0.0
355.0
210.0
205.0
105.0
0.0
192.5
192.5
190.0
60.0
0.0
165.0
215.0
165.0
105.0
0.0
192.5
192.5
190.0
115.0
0.0
192.5
192.5
190.0
115.0
0.0
192.5
192.5
190.0
115.0
0.0
192.5
192.5
190.0
115.0
0.0
192.5
192.5
190.0
115.0
0.0
192.5
192.5
190.0
115.0
0.0
192.5
192.5
190.0
115.0
0.0
192.5
192.5
190.0
115.0
0.0
192.5
192.5
190.0
115.0
0.0
192.5
192.5
190.0
115.0
0.0
192.5
192.5
190.0
115.0
0.0
0.0
0.0
0.0
0.0
0.0
0.0
0.0
0.0
0.0
