0.0
192.5
190.0
190.0
90.0
0.0
0.0
0.0
0.0
0.0
0.0
0.0
0.0
0.0
0.0
0.0
0.0
245.0
245.0
245.0
155.0
0.0
192.5
190.0
190.0
90.0
0.0
0.0
0.0
0.0
0.0
0.0
0.0
0.0
0.0
455.0
260.0
0.0
0.0
0.0
490.0
345.0
200.0
175.0
0.0
192.5
190.0
190.0
40.0
0.0
165.0
517.5
460.0
225.0
0.0
192.5
190.0
190.0
90.0
0.0
192.5
190.0
190.0
90.0
0.0
192.5
190.0
190.0
90.0
0.0
192.5
190.0
190.0
90.0
0.0
192.5
190.0
190.0
90.0
0.0
192.5
190.0
190.0
90.0
0.0
192.5
190.0
190.0
90.0
0.0
192.5
190.0
190.0
90.0
0.0
192.5
190.0
190.0
90.0
0.0
192.5
190.0
190.0
90.0
0.0
192.5
190.0
190.0
90.0
0.0
0.0
0.0
0.0
0.0
0.0
0.0
0.0
0.0
0.0
