0.0
195.0
197.5
195.0
192.5
0.0
0.0
0.0
0.0
0.0
0.0
0.0
0.0
0.0
0.0
0.0
0.0
0.0
0.0
0.0
0.0
0.0
0.0
0.0
0.0
0.0
0.0
0.0
0.0
0.0
0.0
0.0
0.0
0.0
0.0
0.0
0.0
0.0
0.0
0.0
0.0
0.0
0.0
0.0
0.0
0.0
0.0
0.0
0.0
0.0
0.0
0.0
0.0
0.0
0.0
0.0
0.0
0.0
0.0
0.0
0.0
0.0
0.0
0.0
0.0
0.0
0.0
0.0
0.0
0.0
0.0
0.0
0.0
0.0
0.0
0.0
0.0
0.0
0.0
0.0
0.0
0.0
0.0
0.0
0.0
0.0
0.0
0.0
0.0
0.0
0.0
0.0
0.0
0.0
0.0
0.0
0.0
0.0
0.0
0.0
0.0
0.0
0.0
0.0
0.0
0.0
0.0
0.0
0.0
0.0
0.0
0.0
0.0
0.0
0.0
0.0
80.0
437.5
440.0
430.0
0.0
195.0
195.0
195.0
137.5
0.0
195.0
197.5
197.5
195.0
0.0
0.0
0.0
0.0
0.0
0.0
0.0
0.0
0.0
0.0
0.0
0.0
0.0
0.0
0.0
0.0
0.0
0.0
0.0
0.0
0.0
0.0
0.0
0.0
0.0
0.0
0.0
0.0
0.0
0.0
0.0
0.0
0.0
0.0
0.0
0.0
0.0
0.0
0.0
0.0
325.0
160.0
0.0
0.0
0.0
465.0
310.0
305.0
0.0
0.0
50.0
505.0
340.0
195.0
0.0
0.0
0.0
0.0
225.0
150.0
140.0
145.0
125.0
0.0
0.0
0.0
0.0
0.0
225.0
150.0
140.0
145.0
125.0
0.0
225.0
0.0
225.0
0.0
0.0
225.0
0.0
0.0
225.0
150.0
0.0
225.0
150.0
0.0
225.0
0.0
0.0
0.0
225.0
0.0
50.0
50.0
0.0
50.0
50.0
0.0
50.0
50.0
50.0
55.0
55.0
0.0
0.0
50.0
50.0
50.0
55.0
55.0
0.0
170.0
165.0
170.0
170.0
165.0
0.0
170.0
165.0
170.0
170.0
165.0
0.0
170.0
165.0
170.0
170.0
165.0
0.0
0.0
0.0
0.0
170.0
165.0
170.0
170.0
165.0
0.0
0.0
0.0
0.0
0.0
0.0
0.0
0.0
0.0
0.0
0.0
0.0
0.0
0.0
0.0
305.0
145.0
70.0
240.0
50.0
0.0
305.0
145.0
70.0
240.0
50.0
0.0
305.0
145.0
70.0
240.0
0.0
305.0
145.0
70.0
240.0
50.0
0.0
305.0
145.0
70.0
0.0
305.0
145.0
70.0
240.0
0.0
305.0
145.0
70.0
240.0
0.0
305.0
145.0
70.0
0.0
305.0
145.0
70.0
240.0
50.0
0.0
0.0
305.0
145.0
70.0
0.0
305.0
145.0
70.0
240.0
50.0
0.0
375.0
205.0
335.0
260.0
55.0
0.0
50.0
215.0
50.0
220.0
50.0
0.0
0.0
320.0
160.0
320.0
50.0
0.0
0.0
320.0
160.0
325.0
80.0
0.0
0.0
325.0
170.0
0.0
80.0
0.0
0.0
205.0
125.0
125.0
30.0
0.0
0.0
245.0
165.0
165.0
0.0
0.0
0.0
0.0
470.0
310.0
310.0
0.0
0.0
0.0
465.0
310.0
305.0
0.0
0.0
0.0
300.0
140.0
135.0
0.0
0.0
0.0
300.0
140.0
135.0
0.0
0.0
0.0
470.0
310.0
310.0
0.0
0.0
0.0
325.0
170.0
170.0
0.0
0.0
0.0
325.0
170.0
170.0
0.0
0.0
0.0
325.0
170.0
170.0
0.0
0.0
0.0
465.0
305.0
190.0
0.0
0.0
0.0
455.0
310.0
200.0
0.0
0.0
0.0
0.0
295.0
135.0
0.0
0.0
0.0
0.0
295.0
135.0
0.0
0.0
0.0
0.0
520.0
355.0
0.0
0.0
0.0
0.0
0.0
0.0
0.0
0.0
0.0
0.0
295.0
135.0
0.0
0.0
0.0
0.0
295.0
135.0
0.0
0.0
0.0
0.0
295.0
135.0
0.0
0.0
0.0
0.0
295.0
135.0
0.0
0.0
0.0
0.0
295.0
135.0
0.0
162.5
162.5
82.5
200.0
0.0
0.0
0.0
227.5
227.5
145.0
102.5
0.0
227.5
230.0
227.5
225.0
0.0
195.0
165.0
220.0
162.5
0.0
227.5
230.0
227.5
225.0
0.0
227.5
230.0
227.5
225.0
0.0
227.5
230.0
227.5
225.0
0.0
227.5
230.0
227.5
225.0
0.0
227.5
230.0
227.5
225.0
0.0
227.5
230.0
227.5
225.0
0.0
227.5
230.0
227.5
225.0
0.0
227.5
230.0
227.5
225.0
0.0
227.5
230.0
227.5
225.0
0.0
227.5
230.0
227.5
225.0
0.0
227.5
230.0
227.5
225.0
0.0
0.0
0.0
0.0
0.0
227.5
227.5
225.0
167.5
0.0
