0.0
205.0
207.5
210.0
210.0
0.0
205.0
207.5
210.0
207.5
212.5
0.0
205.0
207.5
210.0
207.5
212.5
0.0
170.0
172.5
175.0
172.5
140.0
0.0
170.0
172.5
175.0
172.5
140.0
0.0
205.0
207.5
210.0
207.5
212.5
0.0
205.0
207.5
210.0
207.5
212.5
0.0
205.0
207.5
210.0
207.5
212.5
0.0
205.0
207.5
210.0
207.5
212.5
0.0
170.0
172.5
175.0
172.5
172.5
0.0
205.0
0.0
205.0
207.5
210.0
207.5
212.5
0.0
205.0
0.0
205.0
0.0
205.0
207.5
210.0
207.5
212.5
0.0
205.0
207.5
210.0
207.5
212.5
0.0
205.0
207.5
210.0
207.5
212.5
0.0
205.0
207.5
210.0
207.5
212.5
0.0
170.0
172.5
175.0
172.5
172.5
0.0
170.0
172.5
175.0
172.5
172.5
0.0
170.0
172.5
175.0
172.5
172.5
0.0
170.0
172.5
175.0
172.5
172.5
0.0
170.0
172.5
175.0
172.5
0.0
170.0
172.5
175.0
172.5
0.0
170.0
172.5
175.0
175.0
0.0
170.0
172.5
175.0
172.5
172.5
0.0
170.0
172.5
175.0
172.5
172.5
0.0
170.0
172.5
175.0
172.5
172.5
0.0
170.0
172.5
175.0
172.5
172.5
0.0
170.0
172.5
175.0
172.5
172.5
0.0
170.0
172.5
175.0
172.5
172.5
0.0
242.5
165.0
167.5
167.5
167.5
0.0
170.0
135.0
137.5
135.0
137.5
0.0
242.5
207.5
210.0
207.5
212.5
0.0
242.5
0.0
242.5
0.0
242.5
0.0
205.0
127.5
290.0
217.5
185.0
0.0
205.0
0.0
205.0
0.0
205.0
0.0
205.0
0.0
205.0
127.5
290.0
217.5
185.0
0.0
205.0
127.5
0.0
205.0
127.5
0.0
205.0
0.0
205.0
127.5
0.0
205.0
0.0
205.0
127.5
290.0
0.0
205.0
127.5
290.0
0.0
205.0
127.5
0.0
205.0
0.0
205.0
0.0
205.0
127.5
0.0
205.0
202.5
0.0
205.0
202.5
0.0
205.0
207.5
210.0
207.5
212.5
0.0
205.0
0.0
205.0
207.5
210.0
207.5
212.5
0.0
175.0
177.5
177.5
175.0
180.0
0.0
175.0
177.5
177.5
175.0
180.0
0.0
175.0
177.5
177.5
175.0
180.0
0.0
175.0
0.0
175.0
0.0
175.0
0.0
175.0
177.5
177.5
175.0
180.0
0.0
175.0
0.0
175.0
0.0
175.0
0.0
175.0
0.0
175.0
0.0
175.0
0.0
175.0
0.0
175.0
0.0
175.0
0.0
175.0
0.0
175.0
0.0
175.0
0.0
175.0
0.0
175.0
0.0
175.0
172.5
95.0
165.0
95.0
0.0
175.0
172.5
95.0
165.0
95.0
0.0
175.0
172.5
95.0
165.0
95.0
0.0
175.0
172.5
95.0
165.0
95.0
0.0
175.0
172.5
95.0
165.0
0.0
175.0
172.5
95.0
165.0
95.0
0.0
175.0
172.5
95.0
165.0
95.0
0.0
175.0
172.5
95.0
165.0
0.0
175.0
172.5
95.0
165.0
95.0
0.0
175.0
0.0
175.0
172.5
95.0
165.0
0.0
175.0
172.5
95.0
165.0
95.0
0.0
165.0
202.5
127.5
57.5
112.5
0.0
165.0
202.5
127.5
57.5
187.5
0.0
165.0
202.5
127.5
57.5
217.5
0.0
165.0
202.5
127.5
57.5
217.5
0.0
242.5
165.0
167.5
167.5
167.5
0.0
242.5
165.0
167.5
167.5
167.5
0.0
242.5
165.0
167.5
167.5
167.5
0.0
242.5
165.0
167.5
167.5
167.5
0.0
242.5
165.0
167.5
167.5
167.5
0.0
242.5
165.0
167.5
167.5
167.5
0.0
242.5
165.0
167.5
167.5
167.5
0.0
242.5
165.0
167.5
167.5
167.5
0.0
242.5
165.0
167.5
167.5
167.5
0.0
242.5
165.0
167.5
167.5
167.5
0.0
242.5
165.0
167.5
167.5
167.5
0.0
242.5
165.0
167.5
167.5
167.5
0.0
242.5
245.0
247.5
167.5
167.5
0.0
242.5
245.0
247.5
167.5
167.5
0.0
242.5
245.0
247.5
167.5
167.5
0.0
242.5
245.0
247.5
167.5
167.5
0.0
242.5
245.0
247.5
245.0
247.5
0.0
242.5
245.0
247.5
167.5
167.5
0.0
242.5
245.0
247.5
167.5
167.5
0.0
242.5
245.0
247.5
167.5
167.5
0.0
242.5
245.0
247.5
167.5
167.5
0.0
242.5
245.0
247.5
167.5
167.5
0.0
242.5
245.0
105.0
402.5
0.0
160.0
0.0
242.5
245.0
105.0
400.0
0.0
242.5
245.0
167.5
167.5
0.0
212.5
142.5
117.5
117.5
0.0
242.5
245.0
247.5
247.5
0.0
242.5
245.0
247.5
247.5
0.0
242.5
245.0
247.5
247.5
0.0
242.5
245.0
247.5
247.5
0.0
242.5
245.0
247.5
247.5
0.0
242.5
245.0
247.5
247.5
0.0
242.5
245.0
247.5
247.5
0.0
242.5
245.0
247.5
247.5
0.0
242.5
245.0
247.5
247.5
0.0
242.5
245.0
247.5
247.5
0.0
242.5
245.0
247.5
247.5
0.0
0.0
165.0
0.0
140.0
0.0
242.5
245.0
247.5
245.0
0.0
165.0
