0.0
210.0
212.5
210.0
212.5
0.0
310.0
310.0
305.0
305.0
305.0
0.0
310.0
310.0
305.0
305.0
305.0
0.0
380.0
380.0
375.0
380.0
375.0
0.0
380.0
380.0
375.0
380.0
375.0
0.0
310.0
310.0
305.0
305.0
305.0
0.0
310.0
310.0
305.0
305.0
305.0
0.0
310.0
310.0
305.0
305.0
305.0
0.0
300.0
300.0
300.0
300.0
300.0
0.0
630.0
630.0
630.0
625.0
640.0
0.0
0.0
310.0
310.0
305.0
305.0
305.0
0.0
0.0
0.0
310.0
310.0
305.0
305.0
0.0
310.0
310.0
305.0
305.0
305.0
0.0
310.0
310.0
305.0
305.0
305.0
0.0
310.0
310.0
305.0
305.0
305.0
0.0
335.0
335.0
330.0
330.0
330.0
0.0
335.0
335.0
330.0
330.0
330.0
0.0
335.0
335.0
330.0
330.0
330.0
0.0
335.0
335.0
330.0
330.0
330.0
0.0
222.5
225.0
222.5
217.5
0.0
222.5
225.0
222.5
157.5
0.0
222.5
225.0
220.0
222.5
0.0
335.0
335.0
330.0
330.0
330.0
0.0
725.0
725.0
720.0
715.0
725.0
0.0
725.0
725.0
720.0
715.0
725.0
0.0
655.0
655.0
655.0
650.0
655.0
0.0
715.0
715.0
715.0
705.0
695.0
0.0
335.0
335.0
330.0
330.0
330.0
0.0
170.0
165.0
165.0
170.0
170.0
0.0
335.0
270.0
120.0
120.0
50.0
0.0
725.0
580.0
740.0
590.0
750.0
0.0
0.0
0.0
0.0
180.0
115.0
115.0
65.0
225.0
0.0
0.0
0.0
0.0
0.0
180.0
115.0
115.0
65.0
225.0
0.0
180.0
0.0
180.0
0.0
0.0
180.0
0.0
0.0
180.0
115.0
0.0
180.0
115.0
0.0
180.0
0.0
0.0
0.0
180.0
115.0
0.0
150.0
150.0
0.0
150.0
150.0
0.0
150.0
150.0
150.0
150.0
150.0
0.0
0.0
150.0
150.0
150.0
150.0
150.0
0.0
150.0
150.0
150.0
150.0
150.0
0.0
150.0
150.0
150.0
150.0
150.0
0.0
150.0
150.0
150.0
150.0
150.0
0.0
0.0
0.0
0.0
150.0
150.0
150.0
150.0
150.0
0.0
0.0
0.0
0.0
0.0
0.0
0.0
0.0
0.0
0.0
0.0
0.0
0.0
0.0
0.0
215.0
50.0
215.0
50.0
215.0
0.0
215.0
50.0
215.0
50.0
215.0
0.0
215.0
50.0
215.0
50.0
215.0
0.0
215.0
50.0
215.0
50.0
215.0
0.0
215.0
50.0
215.0
0.0
215.0
50.0
215.0
50.0
0.0
215.0
50.0
215.0
50.0
0.0
215.0
50.0
215.0
0.0
215.0
50.0
215.0
50.0
215.0
0.0
0.0
215.0
50.0
215.0
0.0
215.0
50.0
215.0
50.0
215.0
0.0
500.0
450.0
305.0
305.0
310.0
0.0
500.0
360.0
195.0
195.0
360.0
0.0
225.0
55.0
220.0
50.0
215.0
0.0
225.0
55.0
220.0
50.0
215.0
0.0
225.0
220.0
50.0
420.0
345.0
0.0
470.0
325.0
260.0
115.0
115.0
0.0
470.0
325.0
260.0
115.0
115.0
0.0
490.0
425.0
355.0
665.0
495.0
0.0
490.0
425.0
355.0
670.0
500.0
0.0
490.0
425.0
355.0
520.0
365.0
0.0
490.0
425.0
355.0
520.0
365.0
0.0
490.0
425.0
355.0
520.0
365.0
0.0
490.0
425.0
355.0
520.0
350.0
0.0
490.0
425.0
355.0
520.0
350.0
0.0
490.0
345.0
275.0
275.0
270.0
0.0
490.0
345.0
205.0
130.0
430.0
0.0
490.0
345.0
205.0
200.0
125.0
0.0
490.0
345.0
205.0
200.0
125.0
0.0
490.0
345.0
205.0
200.0
200.0
0.0
490.0
345.0
205.0
200.0
200.0
0.0
490.0
345.0
205.0
200.0
200.0
0.0
490.0
345.0
205.0
200.0
200.0
0.0
490.0
345.0
205.0
200.0
200.0
0.0
490.0
345.0
205.0
200.0
200.0
0.0
490.0
345.0
205.0
200.0
200.0
0.0
490.0
345.0
205.0
200.0
200.0
0.0
115.0
192.5
190.0
110.0
0.0
0.0
0.0
115.0
412.5
265.0
340.0
0.0
115.0
412.5
262.5
410.0
0.0
215.0
142.5
112.5
160.0
0.0
247.5
250.0
245.0
247.5
0.0
247.5
250.0
245.0
247.5
0.0
247.5
250.0
245.0
247.5
0.0
247.5
250.0
245.0
247.5
0.0
247.5
250.0
245.0
247.5
0.0
247.5
250.0
245.0
247.5
0.0
247.5
250.0
245.0
247.5
0.0
247.5
250.0
245.0
247.5
0.0
247.5
250.0
245.0
247.5
0.0
247.5
250.0
245.0
247.5
0.0
247.5
250.0
245.0
247.5
0.0
0.0
170.0
0.0
0.0
0.0
247.5
250.0
250.0
165.0
0.0
