0.0
195.0
197.5
195.0
152.5
0.0
0.0
0.0
0.0
0.0
0.0
0.0
0.0
0.0
0.0
0.0
0.0
415.0
415.0
415.0
335.0
0.0
227.5
230.0
227.5
152.5
0.0
0.0
0.0
0.0
0.0
0.0
0.0
0.0
0.0
470.0
305.0
0.0
0.0
0.0
465.0
320.0
180.0
175.0
0.0
227.5
230.0
147.5
105.0
0.0
195.0
165.0
212.5
120.0
0.0
227.5
230.0
227.5
185.0
0.0
227.5
230.0
227.5
185.0
0.0
227.5
230.0
227.5
185.0
0.0
227.5
230.0
227.5
185.0
0.0
227.5
230.0
227.5
185.0
0.0
227.5
230.0
227.5
185.0
0.0
227.5
230.0
227.5
185.0
0.0
227.5
230.0
227.5
185.0
0.0
227.5
230.0
227.5
185.0
0.0
227.5
230.0
227.5
185.0
0.0
227.5
230.0
227.5
185.0
0.0
0.0
0.0
0.0
0.0
0.0
0.0
0.0
0.0
0.0
