0.0
187.5
187.5
187.5
192.5
0.0
187.5
190.0
190.0
190.0
185.0
0.0
187.5
190.0
190.0
190.0
185.0
0.0
187.5
190.0
190.0
190.0
185.0
0.0
187.5
190.0
190.0
190.0
185.0
0.0
187.5
190.0
190.0
190.0
185.0
0.0
187.5
190.0
190.0
190.0
185.0
0.0
187.5
190.0
190.0
190.0
185.0
0.0
187.5
190.0
190.0
190.0
185.0
0.0
187.5
190.0
190.0
190.0
185.0
0.0
187.5
0.0
187.5
190.0
190.0
190.0
185.0
0.0
187.5
0.0
187.5
0.0
187.5
190.0
190.0
190.0
185.0
0.0
187.5
190.0
190.0
190.0
185.0
0.0
187.5
190.0
190.0
190.0
185.0
0.0
187.5
190.0
190.0
190.0
185.0
0.0
187.5
190.0
190.0
190.0
185.0
0.0
187.5
190.0
190.0
190.0
185.0
0.0
187.5
190.0
190.0
190.0
185.0
0.0
187.5
190.0
190.0
190.0
185.0
0.0
187.5
190.0
190.0
190.0
0.0
187.5
190.0
190.0
190.0
0.0
187.5
187.5
187.5
192.5
0.0
187.5
190.0
190.0
190.0
185.0
0.0
187.5
190.0
190.0
190.0
185.0
0.0
187.5
190.0
190.0
190.0
185.0
0.0
187.5
190.0
190.0
190.0
185.0
0.0
187.5
190.0
190.0
190.0
185.0
0.0
187.5
190.0
190.0
190.0
185.0
0.0
187.5
110.0
110.0
110.0
107.5
0.0
187.5
110.0
110.0
110.0
107.5
0.0
187.5
110.0
110.0
110.0
107.5
0.0
187.5
0.0
187.5
0.0
187.5
0.0
162.5
245.0
160.0
315.0
160.0
0.0
162.5
0.0
162.5
0.0
162.5
0.0
162.5
0.0
162.5
245.0
160.0
315.0
160.0
0.0
162.5
245.0
0.0
162.5
245.0
0.0
162.5
0.0
162.5
245.0
0.0
162.5
0.0
162.5
245.0
160.0
0.0
162.5
245.0
160.0
0.0
162.5
245.0
0.0
162.5
0.0
162.5
0.0
162.5
245.0
0.0
162.5
155.0
0.0
162.5
155.0
0.0
162.5
165.0
162.5
162.5
160.0
0.0
162.5
0.0
162.5
165.0
162.5
162.5
160.0
0.0
162.5
165.0
162.5
162.5
160.0
0.0
162.5
165.0
162.5
162.5
160.0
0.0
162.5
165.0
162.5
162.5
160.0
0.0
162.5
0.0
162.5
0.0
162.5
0.0
162.5
165.0
162.5
162.5
160.0
0.0
162.5
0.0
162.5
0.0
162.5
0.0
162.5
0.0
162.5
0.0
162.5
0.0
162.5
0.0
162.5
0.0
162.5
0.0
162.5
0.0
162.5
0.0
162.5
0.0
162.5
0.0
162.5
0.0
162.5
245.0
160.0
320.0
160.0
0.0
162.5
245.0
160.0
320.0
160.0
0.0
162.5
245.0
160.0
320.0
160.0
0.0
162.5
245.0
160.0
320.0
160.0
0.0
162.5
245.0
160.0
320.0
0.0
162.5
245.0
160.0
320.0
160.0
0.0
162.5
245.0
160.0
320.0
160.0
0.0
162.5
245.0
160.0
320.0
0.0
162.5
245.0
160.0
320.0
160.0
0.0
162.5
0.0
162.5
245.0
160.0
320.0
0.0
162.5
245.0
160.0
320.0
160.0
0.0
110.0
110.0
110.0
110.0
107.5
0.0
110.0
110.0
110.0
110.0
107.5
0.0
187.5
110.0
110.0
110.0
107.5
0.0
187.5
110.0
110.0
110.0
107.5
0.0
187.5
110.0
110.0
110.0
107.5
0.0
187.5
110.0
110.0
110.0
107.5
0.0
187.5
110.0
110.0
110.0
107.5
0.0
187.5
110.0
110.0
110.0
107.5
0.0
187.5
110.0
110.0
110.0
107.5
0.0
187.5
110.0
110.0
110.0
107.5
0.0
187.5
110.0
110.0
110.0
107.5
0.0
187.5
110.0
110.0
110.0
107.5
0.0
187.5
110.0
110.0
110.0
107.5
0.0
187.5
110.0
110.0
110.0
107.5
0.0
187.5
110.0
110.0
110.0
107.5
0.0
187.5
190.0
110.0
110.0
107.5
0.0
187.5
190.0
110.0
110.0
107.5
0.0
187.5
190.0
110.0
110.0
107.5
0.0
187.5
190.0
110.0
110.0
107.5
0.0
187.5
190.0
110.0
110.0
107.5
0.0
187.5
190.0
190.0
190.0
185.0
0.0
187.5
190.0
110.0
110.0
107.5
0.0
187.5
190.0
110.0
110.0
107.5
0.0
187.5
190.0
110.0
110.0
107.5
0.0
187.5
190.0
110.0
110.0
107.5
0.0
187.5
190.0
110.0
110.0
107.5
0.0
187.5
190.0
190.0
110.0
0.0
65.0
0.0
187.5
190.0
190.0
190.0
0.0
187.5
187.5
107.5
112.5
0.0
162.5
287.5
227.5
165.0
0.0
187.5
187.5
187.5
192.5
0.0
187.5
187.5
187.5
192.5
0.0
187.5
187.5
187.5
192.5
0.0
187.5
187.5
187.5
192.5
0.0
187.5
187.5
187.5
192.5
0.0
187.5
187.5
187.5
192.5
0.0
187.5
187.5
187.5
192.5
0.0
187.5
187.5
187.5
192.5
0.0
187.5
187.5
187.5
192.5
0.0
187.5
187.5
187.5
192.5
0.0
187.5
187.5
187.5
192.5
0.0
0.0
102.5
0.0
187.5
0.0
187.5
190.0
190.0
190.0
0.0
102.5
