0.0
182.5
182.5
182.5
182.5
0.0
182.5
180.0
185.0
185.0
185.0
0.0
195.0
192.5
192.5
192.5
197.5
0.0
195.0
192.5
192.5
192.5
197.5
0.0
195.0
192.5
192.5
192.5
197.5
0.0
182.5
180.0
185.0
185.0
185.0
0.0
182.5
180.0
185.0
185.0
185.0
0.0
182.5
180.0
185.0
185.0
185.0
0.0
147.5
145.0
147.5
147.5
147.5
0.0
147.5
145.0
147.5
147.5
147.5
0.0
182.5
0.0
182.5
180.0
185.0
185.0
185.0
0.0
182.5
0.0
182.5
0.0
182.5
180.0
185.0
185.0
185.0
0.0
182.5
180.0
185.0
185.0
185.0
0.0
182.5
180.0
185.0
185.0
185.0
0.0
182.5
180.0
185.0
185.0
185.0
0.0
147.5
145.0
147.5
147.5
147.5
0.0
147.5
145.0
147.5
147.5
147.5
0.0
147.5
145.0
147.5
147.5
147.5
0.0
147.5
145.0
147.5
147.5
147.5
0.0
147.5
145.0
147.5
147.5
0.0
147.5
145.0
142.5
145.0
0.0
147.5
147.5
145.0
147.5
0.0
147.5
145.0
147.5
147.5
147.5
0.0
147.5
145.0
147.5
147.5
147.5
0.0
147.5
145.0
147.5
147.5
147.5
0.0
147.5
145.0
147.5
147.5
147.5
0.0
147.5
145.0
147.5
147.5
147.5
0.0
147.5
145.0
147.5
147.5
147.5
0.0
220.0
217.5
220.0
220.0
222.5
0.0
147.5
107.5
112.5
112.5
110.0
0.0
147.5
107.5
182.5
97.5
270.0
0.0
147.5
0.0
147.5
0.0
147.5
0.0
135.0
152.5
100.0
155.0
100.0
0.0
135.0
0.0
135.0
0.0
135.0
0.0
135.0
0.0
135.0
152.5
100.0
155.0
100.0
0.0
135.0
152.5
0.0
135.0
152.5
0.0
135.0
0.0
135.0
152.5
0.0
135.0
0.0
135.0
152.5
100.0
0.0
135.0
152.5
100.0
0.0
135.0
152.5
0.0
135.0
0.0
135.0
0.0
135.0
152.5
0.0
135.0
130.0
0.0
135.0
130.0
0.0
135.0
135.0
135.0
135.0
137.5
0.0
135.0
0.0
135.0
135.0
135.0
135.0
137.5
0.0
135.0
135.0
135.0
135.0
137.5
0.0
135.0
135.0
135.0
135.0
137.5
0.0
135.0
135.0
135.0
135.0
137.5
0.0
135.0
0.0
135.0
0.0
135.0
0.0
135.0
135.0
135.0
135.0
137.5
0.0
135.0
0.0
135.0
0.0
135.0
0.0
135.0
0.0
135.0
0.0
135.0
0.0
135.0
0.0
135.0
0.0
135.0
0.0
135.0
0.0
135.0
0.0
135.0
0.0
135.0
0.0
135.0
0.0
135.0
252.5
100.0
155.0
100.0
0.0
135.0
252.5
100.0
155.0
100.0
0.0
135.0
252.5
100.0
155.0
100.0
0.0
135.0
252.5
100.0
155.0
100.0
0.0
135.0
252.5
100.0
155.0
0.0
135.0
252.5
100.0
155.0
100.0
0.0
135.0
252.5
100.0
155.0
100.0
0.0
135.0
252.5
100.0
155.0
0.0
135.0
252.5
100.0
155.0
100.0
0.0
135.0
0.0
135.0
252.5
100.0
155.0
0.0
135.0
252.5
100.0
155.0
100.0
0.0
135.0
252.5
100.0
370.0
310.0
0.0
135.0
172.5
102.5
177.5
100.0
0.0
122.5
237.5
160.0
330.0
160.0
0.0
122.5
157.5
160.0
75.0
300.0
0.0
122.5
157.5
160.0
85.0
245.0
0.0
122.5
157.5
160.0
85.0
245.0
0.0
122.5
157.5
160.0
160.0
85.0
0.0
122.5
157.5
160.0
160.0
85.0
0.0
122.5
157.5
160.0
160.0
85.0
0.0
122.5
242.5
85.0
245.0
85.0
0.0
122.5
242.5
85.0
245.0
85.0
0.0
122.5
157.5
160.0
160.0
85.0
0.0
122.5
120.0
120.0
120.0
122.5
0.0
122.5
120.0
120.0
120.0
122.5
0.0
122.5
120.0
120.0
120.0
122.5
0.0
122.5
120.0
120.0
120.0
122.5
0.0
122.5
120.0
120.0
120.0
122.5
0.0
122.5
120.0
120.0
120.0
122.5
0.0
122.5
120.0
120.0
120.0
122.5
0.0
122.5
120.0
120.0
120.0
122.5
0.0
122.5
120.0
120.0
120.0
122.5
0.0
122.5
120.0
120.0
120.0
122.5
0.0
122.5
120.0
120.0
120.0
122.5
0.0
122.5
120.0
120.0
120.0
122.5
0.0
122.5
120.0
120.0
120.0
122.5
0.0
122.5
120.0
120.0
120.0
122.5
0.0
122.5
120.0
120.0
120.0
0.0
55.0
0.0
122.5
120.0
117.5
120.0
0.0
122.5
122.5
120.0
122.5
0.0
147.5
122.5
315.0
172.5
0.0
220.0
220.0
217.5
220.0
0.0
220.0
220.0
217.5
220.0
0.0
220.0
220.0
217.5
220.0
0.0
220.0
220.0
217.5
220.0
0.0
220.0
220.0
217.5
220.0
0.0
220.0
220.0
217.5
220.0
0.0
220.0
220.0
217.5
220.0
0.0
220.0
220.0
217.5
220.0
0.0
220.0
220.0
217.5
220.0
0.0
220.0
220.0
217.5
220.0
0.0
220.0
220.0
217.5
220.0
0.0
0.0
135.0
0.0
220.0
0.0
220.0
217.5
215.0
217.5
0.0
135.0
