0.0
210.0
212.5
210.0
212.5
0.0
75.0
415.0
420.0
420.0
420.0
0.0
0.0
705.0
710.0
720.0
715.0
0.0
0.0
365.0
360.0
375.0
360.0
0.0
0.0
145.0
220.0
290.0
270.0
0.0
75.0
415.0
420.0
420.0
420.0
0.0
75.0
415.0
420.0
420.0
420.0
0.0
75.0
645.0
650.0
655.0
655.0
0.0
0.0
735.0
735.0
750.0
745.0
0.0
0.0
0.0
0.0
0.0
0.0
0.0
0.0
75.0
415.0
420.0
420.0
420.0
0.0
0.0
0.0
75.0
415.0
420.0
420.0
0.0
75.0
415.0
420.0
420.0
420.0
0.0
75.0
415.0
420.0
420.0
420.0
0.0
75.0
415.0
420.0
420.0
420.0
0.0
0.0
0.0
0.0
0.0
0.0
0.0
0.0
0.0
0.0
0.0
0.0
0.0
0.0
0.0
0.0
0.0
0.0
0.0
0.0
0.0
0.0
0.0
0.0
0.0
215.0
217.5
142.5
140.0
0.0
215.0
217.5
142.5
62.5
0.0
215.0
217.5
137.5
142.5
0.0
0.0
0.0
0.0
0.0
0.0
0.0
0.0
0.0
0.0
0.0
0.0
0.0
0.0
0.0
0.0
0.0
0.0
0.0
0.0
0.0
0.0
0.0
0.0
0.0
0.0
0.0
0.0
0.0
0.0
0.0
0.0
0.0
0.0
0.0
0.0
0.0
0.0
0.0
325.0
165.0
170.0
0.0
0.0
245.0
170.0
170.0
170.0
0.0
0.0
295.0
220.0
530.0
370.0
0.0
0.0
0.0
0.0
225.0
150.0
145.0
145.0
145.0
0.0
0.0
0.0
0.0
0.0
225.0
150.0
145.0
145.0
145.0
0.0
225.0
0.0
225.0
0.0
0.0
225.0
0.0
0.0
225.0
150.0
0.0
225.0
150.0
0.0
225.0
0.0
0.0
0.0
225.0
150.0
0.0
75.0
75.0
0.0
75.0
75.0
0.0
75.0
75.0
75.0
70.0
75.0
0.0
0.0
75.0
75.0
75.0
70.0
75.0
0.0
170.0
170.0
165.0
170.0
170.0
0.0
170.0
170.0
165.0
170.0
170.0
0.0
170.0
170.0
165.0
170.0
170.0
0.0
0.0
0.0
0.0
170.0
170.0
165.0
170.0
170.0
0.0
0.0
0.0
0.0
0.0
0.0
0.0
0.0
0.0
0.0
0.0
0.0
0.0
0.0
0.0
220.0
165.0
0.0
170.0
0.0
0.0
220.0
165.0
0.0
170.0
0.0
0.0
220.0
165.0
0.0
170.0
0.0
220.0
165.0
0.0
170.0
0.0
0.0
220.0
165.0
0.0
0.0
220.0
165.0
0.0
170.0
0.0
220.0
165.0
0.0
170.0
0.0
220.0
165.0
0.0
0.0
220.0
165.0
0.0
170.0
0.0
0.0
0.0
220.0
165.0
0.0
0.0
220.0
165.0
0.0
170.0
0.0
0.0
275.0
115.0
50.0
220.0
50.0
0.0
220.0
50.0
330.0
255.0
200.0
0.0
275.0
115.0
50.0
215.0
50.0
0.0
275.0
115.0
50.0
215.0
50.0
0.0
355.0
280.0
135.0
135.0
70.0
0.0
470.0
405.0
260.0
115.0
50.0
0.0
340.0
275.0
120.0
50.0
210.0
0.0
370.0
230.0
230.0
230.0
0.0
0.0
370.0
230.0
230.0
230.0
0.0
0.0
240.0
170.0
165.0
165.0
0.0
0.0
240.0
170.0
165.0
165.0
0.0
0.0
370.0
230.0
230.0
230.0
0.0
0.0
110.0
110.0
110.0
110.0
50.0
0.0
110.0
110.0
110.0
110.0
50.0
0.0
110.0
110.0
110.0
110.0
50.0
0.0
110.0
110.0
110.0
110.0
50.0
0.0
110.0
110.0
110.0
110.0
50.0
0.0
110.0
110.0
110.0
110.0
50.0
0.0
110.0
110.0
110.0
110.0
50.0
0.0
110.0
110.0
110.0
110.0
50.0
0.0
110.0
110.0
110.0
110.0
50.0
0.0
110.0
110.0
110.0
110.0
50.0
0.0
110.0
110.0
110.0
110.0
50.0
0.0
110.0
110.0
110.0
110.0
50.0
0.0
110.0
110.0
110.0
110.0
50.0
0.0
110.0
110.0
110.0
110.0
50.0
0.0
247.5
105.0
402.5
247.5
0.0
0.0
0.0
247.5
250.0
115.0
120.0
0.0
247.5
105.0
397.5
250.0
0.0
215.0
142.5
112.5
307.5
0.0
247.5
250.0
245.0
250.0
0.0
247.5
250.0
245.0
250.0
0.0
247.5
250.0
245.0
250.0
0.0
247.5
250.0
245.0
250.0
0.0
247.5
250.0
245.0
250.0
0.0
247.5
250.0
245.0
250.0
0.0
247.5
250.0
245.0
250.0
0.0
247.5
250.0
245.0
250.0
0.0
247.5
250.0
245.0
250.0
0.0
247.5
250.0
245.0
250.0
0.0
247.5
250.0
245.0
250.0
0.0
0.0
0.0
0.0
0.0
247.5
250.0
250.0
160.0
0.0
