0.0
225.0
152.5
152.5
152.5
0.0
225.0
150.0
150.0
152.5
152.5
0.0
225.0
150.0
150.0
152.5
152.5
0.0
225.0
150.0
150.0
152.5
152.5
0.0
225.0
150.0
150.0
152.5
152.5
0.0
225.0
150.0
150.0
152.5
152.5
0.0
225.0
150.0
150.0
152.5
152.5
0.0
225.0
150.0
150.0
152.5
152.5
0.0
225.0
150.0
150.0
152.5
152.5
0.0
225.0
150.0
150.0
152.5
152.5
0.0
225.0
0.0
225.0
150.0
150.0
152.5
152.5
0.0
225.0
0.0
225.0
0.0
225.0
150.0
150.0
152.5
152.5
0.0
225.0
150.0
150.0
152.5
152.5
0.0
225.0
150.0
150.0
152.5
152.5
0.0
225.0
150.0
150.0
152.5
152.5
0.0
225.0
150.0
150.0
152.5
152.5
0.0
225.0
150.0
150.0
152.5
152.5
0.0
225.0
150.0
150.0
152.5
152.5
0.0
225.0
150.0
150.0
152.5
152.5
0.0
225.0
150.0
150.0
152.5
0.0
225.0
150.0
152.5
152.5
0.0
225.0
152.5
152.5
152.5
0.0
225.0
150.0
150.0
152.5
152.5
0.0
225.0
150.0
150.0
152.5
152.5
0.0
225.0
150.0
150.0
152.5
152.5
0.0
225.0
150.0
150.0
152.5
152.5
0.0
225.0
150.0
150.0
152.5
152.5
0.0
225.0
150.0
150.0
152.5
152.5
0.0
172.5
295.0
225.0
62.5
235.0
0.0
172.5
295.0
225.0
62.5
95.0
0.0
172.5
360.0
207.5
132.5
135.0
0.0
172.5
0.0
172.5
0.0
172.5
0.0
172.5
295.0
260.0
192.5
352.5
0.0
172.5
0.0
172.5
0.0
172.5
0.0
172.5
0.0
172.5
295.0
260.0
192.5
352.5
0.0
172.5
295.0
0.0
172.5
295.0
0.0
172.5
0.0
172.5
295.0
0.0
172.5
0.0
172.5
295.0
260.0
0.0
172.5
295.0
260.0
0.0
172.5
295.0
0.0
172.5
0.0
172.5
0.0
172.5
295.0
0.0
172.5
167.5
0.0
172.5
167.5
0.0
172.5
172.5
172.5
172.5
175.0
0.0
172.5
0.0
172.5
172.5
172.5
172.5
175.0
0.0
172.5
172.5
172.5
172.5
175.0
0.0
172.5
172.5
172.5
172.5
175.0
0.0
172.5
172.5
172.5
172.5
175.0
0.0
172.5
0.0
172.5
0.0
172.5
0.0
172.5
172.5
172.5
172.5
175.0
0.0
172.5
0.0
172.5
0.0
172.5
0.0
172.5
0.0
172.5
0.0
172.5
0.0
172.5
0.0
172.5
0.0
172.5
0.0
172.5
0.0
172.5
0.0
172.5
0.0
172.5
0.0
172.5
0.0
172.5
295.0
265.0
107.5
265.0
0.0
172.5
295.0
265.0
107.5
265.0
0.0
172.5
295.0
265.0
107.5
265.0
0.0
172.5
295.0
265.0
107.5
265.0
0.0
172.5
295.0
265.0
107.5
0.0
172.5
295.0
265.0
107.5
265.0
0.0
172.5
295.0
265.0
107.5
265.0
0.0
172.5
295.0
265.0
107.5
0.0
172.5
295.0
265.0
107.5
265.0
0.0
172.5
0.0
172.5
295.0
265.0
107.5
0.0
172.5
295.0
265.0
107.5
265.0
0.0
172.5
210.0
180.0
257.5
175.0
0.0
172.5
210.0
180.0
252.5
175.0
0.0
172.5
295.0
265.0
107.5
155.0
0.0
172.5
295.0
265.0
107.5
265.0
0.0
172.5
295.0
265.0
192.5
347.5
0.0
172.5
295.0
265.0
192.5
262.5
0.0
172.5
295.0
265.0
192.5
347.5
0.0
172.5
295.0
137.5
297.5
137.5
0.0
172.5
295.0
225.0
62.5
220.0
0.0
172.5
295.0
225.0
62.5
225.0
0.0
172.5
295.0
225.0
62.5
225.0
0.0
172.5
295.0
225.0
62.5
225.0
0.0
122.5
120.0
117.5
120.0
120.0
0.0
122.5
120.0
117.5
120.0
120.0
0.0
122.5
120.0
117.5
120.0
120.0
0.0
122.5
120.0
117.5
120.0
120.0
0.0
122.5
120.0
117.5
120.0
120.0
0.0
122.5
120.0
117.5
120.0
120.0
0.0
122.5
120.0
117.5
120.0
120.0
0.0
122.5
120.0
117.5
120.0
120.0
0.0
122.5
120.0
117.5
120.0
120.0
0.0
122.5
120.0
117.5
120.0
120.0
0.0
122.5
120.0
117.5
120.0
120.0
0.0
122.5
120.0
117.5
120.0
120.0
0.0
122.5
120.0
117.5
120.0
120.0
0.0
122.5
120.0
117.5
120.0
120.0
0.0
122.5
120.0
117.5
120.0
0.0
145.0
0.0
122.5
120.0
120.0
120.0
0.0
122.5
122.5
120.0
120.0
0.0
225.0
195.0
120.0
120.0
0.0
257.5
257.5
257.5
257.5
0.0
257.5
257.5
257.5
257.5
0.0
257.5
257.5
257.5
257.5
0.0
257.5
257.5
257.5
257.5
0.0
257.5
257.5
257.5
257.5
0.0
257.5
257.5
257.5
257.5
0.0
257.5
257.5
257.5
257.5
0.0
257.5
257.5
257.5
257.5
0.0
257.5
257.5
257.5
257.5
0.0
257.5
257.5
257.5
257.5
0.0
257.5
257.5
257.5
257.5
0.0
0.0
172.5
0.0
257.5
0.0
257.5
255.0
257.5
257.5
0.0
172.5
