0.0
225.0
152.5
150.0
150.0
0.0
225.0
150.0
150.0
152.5
50.0
0.0
225.0
150.0
150.0
152.5
50.0
0.0
225.0
150.0
150.0
152.5
50.0
0.0
225.0
150.0
150.0
152.5
50.0
0.0
225.0
150.0
150.0
152.5
50.0
0.0
225.0
150.0
150.0
152.5
50.0
0.0
225.0
150.0
150.0
152.5
50.0
0.0
225.0
150.0
150.0
152.5
50.0
0.0
225.0
150.0
150.0
152.5
50.0
0.0
0.0
225.0
150.0
150.0
152.5
50.0
0.0
0.0
0.0
225.0
150.0
150.0
152.5
50.0
0.0
225.0
150.0
150.0
152.5
50.0
0.0
225.0
150.0
150.0
152.5
50.0
0.0
225.0
150.0
150.0
152.5
50.0
0.0
225.0
150.0
150.0
152.5
50.0
0.0
225.0
150.0
150.0
152.5
50.0
0.0
225.0
150.0
150.0
152.5
50.0
0.0
225.0
150.0
150.0
152.5
50.0
0.0
225.0
150.0
150.0
152.5
0.0
225.0
150.0
150.0
107.5
0.0
225.0
152.5
150.0
150.0
0.0
225.0
150.0
150.0
152.5
50.0
0.0
225.0
150.0
150.0
152.5
50.0
0.0
225.0
150.0
150.0
152.5
50.0
0.0
225.0
150.0
150.0
152.5
50.0
0.0
225.0
150.0
150.0
152.5
50.0
0.0
225.0
150.0
150.0
152.5
50.0
0.0
257.5
255.0
172.5
172.5
115.0
0.0
225.0
185.0
187.5
192.5
92.5
0.0
185.0
145.0
307.5
147.5
207.5
0.0
0.0
0.0
0.0
172.5
335.0
305.0
157.5
50.0
0.0
0.0
0.0
0.0
0.0
172.5
335.0
305.0
157.5
50.0
0.0
172.5
0.0
172.5
0.0
0.0
172.5
0.0
0.0
172.5
335.0
0.0
172.5
335.0
305.0
0.0
172.5
0.0
0.0
0.0
172.5
335.0
0.0
257.5
232.5
0.0
257.5
232.5
0.0
257.5
255.0
255.0
257.5
140.0
0.0
0.0
257.5
255.0
255.0
257.5
140.0
0.0
257.5
255.0
255.0
257.5
140.0
0.0
257.5
255.0
255.0
257.5
140.0
0.0
257.5
255.0
255.0
257.5
140.0
0.0
0.0
0.0
0.0
257.5
255.0
255.0
257.5
140.0
0.0
0.0
0.0
0.0
0.0
0.0
0.0
0.0
0.0
0.0
0.0
0.0
0.0
0.0
0.0
172.5
295.0
265.0
107.5
117.5
0.0
172.5
295.0
265.0
107.5
117.5
0.0
172.5
295.0
265.0
107.5
117.5
0.0
172.5
295.0
265.0
107.5
117.5
0.0
172.5
295.0
265.0
0.0
172.5
295.0
265.0
107.5
117.5
0.0
172.5
295.0
265.0
107.5
0.0
172.5
295.0
265.0
0.0
172.5
295.0
265.0
107.5
117.5
0.0
0.0
172.5
295.0
265.0
0.0
172.5
295.0
265.0
107.5
117.5
0.0
172.5
210.0
180.0
252.5
97.5
0.0
172.5
210.0
180.0
182.5
172.5
0.0
117.5
115.0
180.0
115.0
112.5
0.0
117.5
115.0
260.0
260.0
192.5
0.0
117.5
115.0
260.0
260.0
197.5
0.0
117.5
115.0
265.0
260.0
192.5
0.0
117.5
115.0
260.0
260.0
197.5
0.0
117.5
180.0
180.0
180.0
87.5
0.0
117.5
115.0
260.0
260.0
197.5
0.0
117.5
115.0
260.0
260.0
197.5
0.0
117.5
115.0
260.0
260.0
197.5
0.0
117.5
115.0
260.0
260.0
197.5
0.0
117.5
180.0
180.0
180.0
87.5
0.0
117.5
180.0
180.0
180.0
87.5
0.0
117.5
265.0
265.0
265.0
197.5
0.0
117.5
265.0
265.0
265.0
197.5
0.0
117.5
265.0
265.0
265.0
197.5
0.0
117.5
260.0
260.0
265.0
192.5
0.0
117.5
260.0
260.0
265.0
192.5
0.0
117.5
260.0
260.0
265.0
192.5
0.0
117.5
260.0
260.0
265.0
192.5
0.0
117.5
260.0
260.0
265.0
192.5
0.0
117.5
260.0
260.0
265.0
192.5
0.0
117.5
260.0
260.0
265.0
192.5
0.0
117.5
260.0
260.0
265.0
192.5
0.0
117.5
260.0
260.0
265.0
192.5
0.0
117.5
260.0
260.0
260.0
0.0
0.0
0.0
117.5
265.0
265.0
237.5
0.0
117.5
262.5
260.0
260.0
0.0
225.0
195.0
117.5
167.5
0.0
257.5
257.5
255.0
257.5
0.0
257.5
257.5
255.0
257.5
0.0
257.5
257.5
255.0
257.5
0.0
257.5
257.5
255.0
257.5
0.0
257.5
257.5
255.0
257.5
0.0
257.5
257.5
255.0
257.5
0.0
257.5
257.5
255.0
257.5
0.0
257.5
257.5
255.0
257.5
0.0
257.5
257.5
255.0
257.5
0.0
257.5
257.5
255.0
257.5
0.0
257.5
257.5
255.0
257.5
0.0
0.0
172.5
0.0
0.0
0.0
257.5
255.0
255.0
197.5
0.0
