0.0
215.0
142.5
142.5
142.5
0.0
215.0
142.5
142.5
142.5
142.5
0.0
215.0
142.5
142.5
142.5
142.5
0.0
212.5
212.5
210.0
210.0
207.5
0.0
212.5
212.5
210.0
210.0
207.5
0.0
215.0
142.5
142.5
142.5
142.5
0.0
215.0
142.5
142.5
142.5
142.5
0.0
215.0
142.5
142.5
142.5
142.5
0.0
215.0
142.5
142.5
142.5
142.5
0.0
215.0
142.5
142.5
142.5
142.5
0.0
215.0
0.0
215.0
142.5
142.5
142.5
142.5
0.0
215.0
0.0
215.0
0.0
215.0
142.5
142.5
142.5
142.5
0.0
215.0
142.5
142.5
142.5
142.5
0.0
215.0
142.5
142.5
142.5
142.5
0.0
215.0
142.5
142.5
142.5
142.5
0.0
175.0
175.0
175.0
175.0
172.5
0.0
175.0
175.0
175.0
175.0
172.5
0.0
175.0
175.0
175.0
175.0
172.5
0.0
175.0
175.0
175.0
175.0
172.5
0.0
175.0
175.0
170.0
172.5
0.0
175.0
175.0
140.0
142.5
0.0
175.0
175.0
142.5
142.5
0.0
175.0
175.0
175.0
175.0
172.5
0.0
175.0
175.0
175.0
175.0
172.5
0.0
175.0
175.0
175.0
175.0
172.5
0.0
175.0
175.0
175.0
175.0
172.5
0.0
175.0
175.0
175.0
175.0
172.5
0.0
175.0
175.0
175.0
175.0
172.5
0.0
247.5
247.5
167.5
167.5
165.0
0.0
175.0
175.0
175.0
95.0
92.5
0.0
175.0
175.0
175.0
95.0
122.5
0.0
175.0
0.0
175.0
0.0
175.0
0.0
215.0
180.0
177.5
177.5
247.5
0.0
215.0
0.0
215.0
0.0
215.0
0.0
215.0
0.0
215.0
180.0
177.5
177.5
247.5
0.0
215.0
180.0
0.0
215.0
180.0
0.0
215.0
0.0
215.0
180.0
0.0
215.0
0.0
215.0
180.0
177.5
0.0
215.0
180.0
177.5
0.0
215.0
180.0
0.0
215.0
0.0
215.0
0.0
215.0
180.0
0.0
215.0
170.0
317.5
0.0
215.0
170.0
317.5
0.0
215.0
170.0
317.5
0.0
215.0
170.0
317.5
0.0
215.0
170.0
147.5
0.0
215.0
170.0
317.5
0.0
215.0
215.0
0.0
215.0
215.0
0.0
215.0
215.0
215.0
215.0
215.0
0.0
215.0
0.0
215.0
215.0
215.0
215.0
215.0
0.0
150.0
0.0
150.0
0.0
150.0
0.0
150.0
0.0
150.0
0.0
150.0
0.0
150.0
0.0
50.0
0.0
147.5
147.5
150.0
150.0
147.5
0.0
147.5
147.5
150.0
150.0
147.5
0.0
50.0
0.0
50.0
0.0
50.0
0.0
50.0
0.0
175.0
165.0
85.0
0.0
175.0
165.0
85.0
0.0
147.5
147.5
150.0
150.0
147.5
0.0
147.5
0.0
147.5
0.0
147.5
0.0
147.5
147.5
150.0
150.0
147.5
0.0
147.5
0.0
147.5
0.0
147.5
0.0
147.5
0.0
147.5
0.0
147.5
0.0
147.5
0.0
147.5
0.0
147.5
0.0
147.5
0.0
147.5
0.0
147.5
0.0
147.5
0.0
147.5
0.0
147.5
147.5
150.0
150.0
147.5
0.0
147.5
147.5
150.0
150.0
147.5
0.0
147.5
147.5
150.0
150.0
147.5
0.0
147.5
147.5
150.0
150.0
147.5
0.0
147.5
147.5
150.0
150.0
0.0
147.5
147.5
150.0
150.0
147.5
0.0
147.5
147.5
150.0
150.0
147.5
0.0
147.5
147.5
150.0
150.0
0.0
147.5
147.5
150.0
150.0
147.5
0.0
147.5
0.0
147.5
147.5
150.0
150.0
0.0
147.5
147.5
150.0
150.0
147.5
0.0
147.5
147.5
150.0
150.0
147.5
0.0
147.5
147.5
150.0
150.0
147.5
0.0
147.5
147.5
150.0
150.0
147.5
0.0
147.5
147.5
150.0
150.0
147.5
0.0
147.5
147.5
150.0
150.0
147.5
0.0
147.5
147.5
150.0
150.0
147.5
0.0
147.5
147.5
150.0
150.0
147.5
0.0
147.5
147.5
150.0
150.0
147.5
0.0
147.5
147.5
150.0
150.0
147.5
0.0
147.5
147.5
150.0
150.0
147.5
0.0
147.5
147.5
150.0
150.0
147.5
0.0
147.5
147.5
150.0
150.0
147.5
0.0
147.5
147.5
150.0
150.0
147.5
0.0
147.5
147.5
150.0
150.0
147.5
0.0
147.5
147.5
150.0
150.0
147.5
0.0
147.5
147.5
150.0
150.0
147.5
0.0
147.5
147.5
150.0
150.0
147.5
0.0
147.5
147.5
150.0
150.0
147.5
0.0
147.5
147.5
150.0
150.0
147.5
0.0
147.5
147.5
150.0
150.0
147.5
0.0
147.5
147.5
150.0
150.0
147.5
0.0
147.5
147.5
150.0
150.0
147.5
0.0
147.5
147.5
150.0
150.0
147.5
0.0
147.5
147.5
150.0
150.0
147.5
0.0
147.5
147.5
150.0
150.0
147.5
0.0
147.5
147.5
150.0
150.0
147.5
0.0
147.5
147.5
145.0
147.5
0.0
147.5
0.0
147.5
147.5
147.5
150.0
0.0
147.5
147.5
145.0
147.5
0.0
215.0
142.5
115.0
117.5
0.0
247.5
247.5
245.0
245.0
0.0
247.5
247.5
245.0
245.0
0.0
247.5
247.5
245.0
245.0
0.0
247.5
247.5
245.0
245.0
0.0
247.5
247.5
245.0
245.0
0.0
247.5
247.5
245.0
245.0
0.0
247.5
247.5
245.0
245.0
0.0
247.5
247.5
245.0
245.0
0.0
247.5
247.5
245.0
245.0
0.0
247.5
247.5
245.0
245.0
0.0
247.5
247.5
245.0
245.0
0.0
0.0
167.5
0.0
0.0
0.0
0.0
0.0
0.0
0.0
0.0
247.5
0.0
247.5
247.5
245.0
247.5
160.0
0.0
167.5
