0.0
192.5
192.5
192.5
192.5
0.0
192.5
190.0
187.5
192.5
190.0
0.0
192.5
190.0
187.5
192.5
190.0
0.0
192.5
190.0
187.5
192.5
190.0
0.0
192.5
190.0
187.5
192.5
190.0
0.0
192.5
190.0
187.5
192.5
190.0
0.0
192.5
190.0
187.5
192.5
190.0
0.0
192.5
190.0
187.5
192.5
190.0
0.0
192.5
190.0
187.5
192.5
190.0
0.0
192.5
190.0
187.5
192.5
190.0
0.0
192.5
0.0
192.5
190.0
187.5
192.5
190.0
0.0
192.5
0.0
192.5
0.0
192.5
190.0
187.5
192.5
190.0
0.0
192.5
190.0
187.5
192.5
190.0
0.0
192.5
190.0
187.5
192.5
190.0
0.0
192.5
190.0
187.5
192.5
190.0
0.0
192.5
190.0
187.5
192.5
190.0
0.0
192.5
190.0
187.5
192.5
190.0
0.0
192.5
190.0
187.5
192.5
190.0
0.0
192.5
190.0
187.5
192.5
190.0
0.0
192.5
190.0
187.5
187.5
0.0
192.5
190.0
190.0
112.5
0.0
192.5
192.5
192.5
192.5
0.0
192.5
190.0
187.5
192.5
190.0
0.0
192.5
190.0
187.5
192.5
190.0
0.0
192.5
190.0
187.5
192.5
190.0
0.0
192.5
190.0
187.5
192.5
190.0
0.0
192.5
190.0
187.5
192.5
190.0
0.0
192.5
190.0
187.5
192.5
190.0
0.0
192.5
107.5
102.5
107.5
107.5
0.0
192.5
107.5
102.5
107.5
107.5
0.0
192.5
107.5
397.5
257.5
257.5
0.0
192.5
0.0
192.5
0.0
0.0
107.5
245.0
165.0
170.0
170.0
0.0
107.5
0.0
0.0
107.5
0.0
107.5
0.0
107.5
245.0
165.0
170.0
170.0
0.0
107.5
245.0
0.0
107.5
245.0
0.0
107.5
0.0
107.5
245.0
0.0
107.5
0.0
107.5
245.0
165.0
0.0
107.5
245.0
165.0
0.0
107.5
245.0
0.0
107.5
0.0
107.5
0.0
107.5
245.0
0.0
107.5
97.5
0.0
107.5
97.5
0.0
107.5
107.5
102.5
107.5
107.5
0.0
107.5
0.0
107.5
107.5
102.5
107.5
107.5
0.0
192.5
190.0
187.5
192.5
190.0
0.0
192.5
190.0
187.5
192.5
190.0
0.0
192.5
190.0
187.5
192.5
190.0
0.0
192.5
0.0
192.5
0.0
0.0
192.5
190.0
187.5
192.5
190.0
0.0
192.5
0.0
192.5
0.0
0.0
0.0
0.0
0.0
192.5
0.0
0.0
0.0
192.5
0.0
0.0
107.5
0.0
107.5
0.0
107.5
0.0
107.5
245.0
165.0
0.0
50.0
0.0
107.5
245.0
165.0
0.0
50.0
0.0
107.5
245.0
165.0
0.0
50.0
0.0
107.5
245.0
165.0
0.0
50.0
0.0
107.5
245.0
165.0
0.0
0.0
107.5
245.0
165.0
0.0
50.0
0.0
107.5
245.0
165.0
0.0
50.0
0.0
107.5
245.0
165.0
0.0
0.0
107.5
245.0
165.0
0.0
50.0
0.0
107.5
0.0
107.5
245.0
165.0
0.0
0.0
107.5
245.0
165.0
0.0
50.0
0.0
107.5
245.0
165.0
0.0
220.0
0.0
107.5
240.0
155.0
330.0
160.0
0.0
107.5
240.0
155.0
325.0
160.0
0.0
112.5
242.5
85.0
245.0
82.5
0.0
192.5
107.5
392.5
252.5
402.5
0.0
192.5
107.5
167.5
107.5
402.5
0.0
192.5
107.5
167.5
167.5
172.5
0.0
192.5
107.5
392.5
252.5
402.5
0.0
192.5
107.5
397.5
252.5
402.5
0.0
192.5
107.5
397.5
252.5
397.5
0.0
192.5
107.5
397.5
252.5
397.5
0.0
192.5
107.5
397.5
252.5
397.5
0.0
192.5
107.5
397.5
252.5
402.5
0.0
192.5
110.0
110.0
112.5
110.0
0.0
192.5
110.0
110.0
112.5
110.0
0.0
192.5
110.0
110.0
112.5
110.0
0.0
192.5
110.0
110.0
112.5
110.0
0.0
192.5
190.0
110.0
112.5
110.0
0.0
192.5
190.0
110.0
112.5
110.0
0.0
192.5
190.0
110.0
112.5
110.0
0.0
192.5
190.0
187.5
192.5
190.0
0.0
192.5
190.0
110.0
112.5
110.0
0.0
192.5
190.0
110.0
112.5
110.0
0.0
192.5
190.0
110.0
112.5
110.0
0.0
192.5
190.0
110.0
112.5
110.0
0.0
192.5
190.0
110.0
112.5
110.0
0.0
192.5
190.0
187.5
107.5
0.0
0.0
0.0
192.5
190.0
110.0
47.5
0.0
192.5
192.5
192.5
112.5
0.0
165.0
215.0
165.0
165.0
0.0
192.5
192.5
192.5
192.5
0.0
192.5
192.5
192.5
192.5
0.0
192.5
192.5
192.5
192.5
0.0
192.5
192.5
192.5
192.5
0.0
192.5
192.5
192.5
192.5
0.0
192.5
192.5
192.5
192.5
0.0
192.5
192.5
192.5
192.5
0.0
192.5
192.5
192.5
192.5
0.0
192.5
192.5
192.5
192.5
0.0
192.5
192.5
192.5
192.5
0.0
192.5
192.5
192.5
192.5
0.0
0.0
107.5
0.0
0.0
0.0
192.5
190.0
190.0
112.5
0.0
107.5
