0.0
210.0
212.5
210.0
212.5
0.0
210.0
212.5
215.0
215.0
212.5
0.0
210.0
212.5
215.0
215.0
212.5
0.0
215.0
142.5
142.5
142.5
140.0
0.0
172.5
175.0
175.0
142.5
140.0
0.0
210.0
212.5
215.0
215.0
212.5
0.0
210.0
212.5
215.0
215.0
212.5
0.0
210.0
212.5
215.0
215.0
212.5
0.0
215.0
142.5
142.5
142.5
140.0
0.0
215.0
142.5
142.5
142.5
140.0
0.0
210.0
0.0
210.0
212.5
215.0
215.0
212.5
0.0
210.0
0.0
210.0
0.0
210.0
212.5
215.0
215.0
212.5
0.0
210.0
212.5
215.0
215.0
212.5
0.0
210.0
212.5
215.0
215.0
212.5
0.0
210.0
212.5
215.0
215.0
212.5
0.0
172.5
175.0
175.0
175.0
172.5
0.0
172.5
175.0
175.0
175.0
172.5
0.0
172.5
175.0
175.0
175.0
172.5
0.0
172.5
175.0
175.0
175.0
172.5
0.0
172.5
175.0
175.0
175.0
0.0
172.5
175.0
175.0
172.5
0.0
172.5
175.0
170.0
175.0
0.0
172.5
175.0
175.0
175.0
172.5
0.0
172.5
175.0
175.0
175.0
172.5
0.0
172.5
175.0
175.0
175.0
172.5
0.0
172.5
175.0
175.0
175.0
172.5
0.0
172.5
175.0
175.0
175.0
172.5
0.0
172.5
175.0
175.0
175.0
172.5
0.0
247.5
250.0
250.0
170.0
167.5
0.0
172.5
175.0
175.0
95.0
92.5
0.0
247.5
250.0
175.0
95.0
252.5
0.0
247.5
0.0
247.5
0.0
0.0
210.0
132.5
290.0
267.5
235.0
0.0
210.0
0.0
210.0
0.0
210.0
0.0
210.0
0.0
210.0
132.5
290.0
267.5
235.0
0.0
210.0
132.5
0.0
210.0
132.5
0.0
210.0
0.0
210.0
132.5
0.0
210.0
0.0
210.0
132.5
290.0
0.0
210.0
132.5
290.0
0.0
210.0
132.5
0.0
210.0
0.0
210.0
0.0
210.0
132.5
0.0
210.0
212.5
0.0
210.0
212.5
0.0
210.0
212.5
215.0
215.0
212.5
0.0
210.0
0.0
210.0
212.5
215.0
215.0
212.5
0.0
135.0
137.5
140.0
140.0
137.5
0.0
135.0
137.5
140.0
140.0
137.5
0.0
135.0
137.5
140.0
140.0
137.5
0.0
135.0
0.0
135.0
0.0
135.0
0.0
135.0
137.5
140.0
140.0
137.5
0.0
135.0
0.0
135.0
0.0
135.0
0.0
135.0
0.0
0.0
135.0
0.0
135.0
0.0
135.0
0.0
135.0
0.0
135.0
0.0
135.0
0.0
135.0
0.0
135.0
0.0
135.0
0.0
135.0
137.5
140.0
140.0
137.5
0.0
135.0
137.5
140.0
140.0
137.5
0.0
135.0
137.5
140.0
140.0
137.5
0.0
135.0
137.5
140.0
140.0
137.5
0.0
135.0
137.5
140.0
140.0
0.0
135.0
137.5
140.0
140.0
137.5
0.0
135.0
137.5
140.0
140.0
137.5
0.0
135.0
137.5
140.0
140.0
0.0
135.0
137.5
140.0
140.0
137.5
0.0
135.0
0.0
135.0
137.5
140.0
140.0
0.0
135.0
137.5
140.0
140.0
137.5
0.0
135.0
137.5
140.0
140.0
137.5
0.0
135.0
137.5
140.0
140.0
137.5
0.0
135.0
137.5
140.0
140.0
137.5
0.0
135.0
137.5
140.0
140.0
137.5
0.0
135.0
137.5
140.0
140.0
137.5
0.0
135.0
137.5
140.0
140.0
137.5
0.0
135.0
137.5
140.0
140.0
137.5
0.0
135.0
137.5
140.0
140.0
137.5
0.0
135.0
137.5
140.0
140.0
137.5
0.0
135.0
137.5
140.0
140.0
137.5
0.0
135.0
137.5
140.0
140.0
137.5
0.0
135.0
137.5
140.0
140.0
137.5
0.0
135.0
137.5
140.0
140.0
137.5
0.0
135.0
137.5
140.0
140.0
137.5
0.0
135.0
137.5
140.0
140.0
137.5
0.0
135.0
137.5
140.0
140.0
137.5
0.0
135.0
137.5
140.0
140.0
137.5
0.0
135.0
137.5
140.0
140.0
137.5
0.0
135.0
137.5
140.0
140.0
137.5
0.0
135.0
137.5
140.0
140.0
137.5
0.0
135.0
137.5
140.0
140.0
137.5
0.0
135.0
137.5
140.0
140.0
137.5
0.0
135.0
137.5
140.0
140.0
137.5
0.0
135.0
137.5
140.0
140.0
137.5
0.0
135.0
137.5
140.0
140.0
137.5
0.0
135.0
137.5
140.0
140.0
137.5
0.0
135.0
137.5
140.0
140.0
0.0
0.0
0.0
135.0
137.5
140.0
135.0
0.0
135.0
137.5
135.0
137.5
0.0
215.0
142.5
112.5
242.5
0.0
247.5
250.0
245.0
250.0
0.0
247.5
250.0
245.0
250.0
0.0
247.5
250.0
245.0
250.0
0.0
247.5
250.0
245.0
250.0
0.0
247.5
250.0
245.0
250.0
0.0
247.5
250.0
245.0
250.0
0.0
247.5
250.0
245.0
250.0
0.0
247.5
250.0
245.0
250.0
0.0
247.5
250.0
245.0
250.0
0.0
247.5
250.0
245.0
250.0
0.0
247.5
250.0
245.0
250.0
0.0
0.0
170.0
0.0
0.0
0.0
247.5
250.0
250.0
247.5
0.0
170.0
