0.0
210.0
212.5
210.0
212.5
0.0
0.0
0.0
0.0
0.0
0.0
0.0
0.0
0.0
0.0
0.0
0.0
0.0
0.0
0.0
0.0
0.0
0.0
0.0
0.0
0.0
0.0
0.0
0.0
0.0
0.0
0.0
0.0
0.0
0.0
0.0
0.0
0.0
0.0
0.0
0.0
0.0
0.0
0.0
0.0
0.0
0.0
0.0
0.0
0.0
0.0
0.0
0.0
0.0
0.0
0.0
0.0
0.0
0.0
0.0
0.0
0.0
0.0
0.0
0.0
0.0
0.0
0.0
0.0
0.0
0.0
0.0
0.0
0.0
0.0
0.0
0.0
0.0
0.0
0.0
0.0
0.0
0.0
0.0
0.0
0.0
0.0
0.0
0.0
0.0
0.0
0.0
0.0
0.0
0.0
0.0
0.0
0.0
0.0
0.0
0.0
0.0
0.0
0.0
0.0
0.0
0.0
0.0
0.0
0.0
0.0
0.0
0.0
0.0
0.0
0.0
172.5
175.0
172.5
80.0
0.0
210.0
212.5
215.0
150.0
0.0
210.0
212.5
210.0
212.5
0.0
0.0
0.0
0.0
0.0
0.0
0.0
0.0
0.0
0.0
0.0
0.0
0.0
0.0
0.0
0.0
0.0
0.0
0.0
0.0
0.0
0.0
0.0
0.0
0.0
0.0
0.0
0.0
0.0
0.0
0.0
0.0
0.0
0.0
0.0
0.0
0.0
0.0
0.0
165.0
165.0
0.0
0.0
0.0
0.0
375.0
320.0
170.0
0.0
0.0
130.0
125.0
125.0
30.0
0.0
0.0
0.0
0.0
310.0
235.0
235.0
75.0
230.0
0.0
0.0
0.0
0.0
0.0
310.0
235.0
235.0
75.0
230.0
0.0
310.0
0.0
310.0
0.0
0.0
310.0
0.0
0.0
310.0
235.0
0.0
310.0
235.0
0.0
310.0
0.0
0.0
0.0
310.0
0.0
170.0
165.0
0.0
170.0
165.0
0.0
170.0
165.0
170.0
170.0
165.0
0.0
0.0
170.0
165.0
170.0
170.0
165.0
0.0
75.0
75.0
75.0
75.0
70.0
0.0
75.0
75.0
75.0
75.0
70.0
0.0
75.0
75.0
75.0
75.0
70.0
0.0
0.0
0.0
0.0
75.0
75.0
75.0
75.0
70.0
0.0
0.0
0.0
0.0
0.0
0.0
0.0
0.0
0.0
0.0
0.0
0.0
0.0
0.0
0.0
385.0
215.0
385.0
210.0
365.0
0.0
385.0
215.0
385.0
210.0
365.0
0.0
385.0
215.0
385.0
210.0
0.0
385.0
215.0
385.0
210.0
365.0
0.0
385.0
215.0
385.0
0.0
385.0
215.0
385.0
210.0
0.0
385.0
215.0
385.0
210.0
0.0
385.0
215.0
385.0
0.0
385.0
215.0
385.0
210.0
365.0
0.0
0.0
385.0
215.0
385.0
0.0
385.0
215.0
385.0
210.0
365.0
0.0
330.0
155.0
330.0
160.0
220.0
0.0
220.0
50.0
500.0
345.0
180.0
0.0
110.0
110.0
110.0
110.0
50.0
0.0
50.0
215.0
50.0
215.0
50.0
0.0
0.0
310.0
145.0
75.0
215.0
0.0
0.0
325.0
170.0
0.0
325.0
0.0
0.0
310.0
140.0
70.0
280.0
0.0
0.0
170.0
0.0
325.0
60.0
0.0
0.0
0.0
330.0
170.0
165.0
0.0
0.0
0.0
465.0
310.0
305.0
0.0
0.0
0.0
465.0
310.0
305.0
0.0
0.0
0.0
330.0
170.0
165.0
0.0
0.0
0.0
330.0
160.0
320.0
0.0
0.0
0.0
330.0
170.0
165.0
0.0
0.0
0.0
330.0
170.0
165.0
0.0
0.0
0.0
465.0
310.0
305.0
0.0
0.0
0.0
470.0
310.0
310.0
0.0
0.0
0.0
455.0
310.0
210.0
0.0
0.0
0.0
455.0
310.0
210.0
0.0
0.0
0.0
320.0
160.0
255.0
0.0
0.0
0.0
0.0
0.0
0.0
0.0
0.0
0.0
455.0
310.0
210.0
0.0
0.0
0.0
455.0
310.0
210.0
0.0
0.0
0.0
455.0
310.0
210.0
0.0
0.0
0.0
455.0
310.0
210.0
0.0
0.0
0.0
455.0
310.0
210.0
0.0
172.5
175.0
172.5
80.0
0.0
0.0
0.0
135.0
137.5
140.0
75.0
0.0
135.0
137.5
135.0
137.5
0.0
215.0
142.5
112.5
442.5
0.0
247.5
250.0
245.0
250.0
0.0
247.5
250.0
245.0
250.0
0.0
247.5
250.0
245.0
250.0
0.0
247.5
250.0
245.0
250.0
0.0
247.5
250.0
245.0
250.0
0.0
247.5
250.0
245.0
250.0
0.0
247.5
250.0
245.0
250.0
0.0
247.5
250.0
245.0
250.0
0.0
247.5
250.0
245.0
250.0
0.0
247.5
250.0
245.0
250.0
0.0
247.5
250.0
245.0
250.0
0.0
0.0
0.0
0.0
0.0
247.5
250.0
250.0
160.0
0.0
