0.0
205.0
207.5
210.0
210.0
0.0
205.0
207.5
210.0
210.0
212.5
0.0
205.0
207.5
210.0
210.0
212.5
0.0
205.0
207.5
210.0
210.0
212.5
0.0
205.0
207.5
210.0
210.0
212.5
0.0
205.0
207.5
210.0
210.0
212.5
0.0
205.0
207.5
210.0
210.0
212.5
0.0
205.0
207.5
210.0
210.0
212.5
0.0
205.0
207.5
210.0
210.0
212.5
0.0
170.0
172.5
175.0
172.5
175.0
0.0
205.0
0.0
205.0
207.5
210.0
210.0
212.5
0.0
205.0
0.0
205.0
0.0
205.0
207.5
210.0
210.0
212.5
0.0
205.0
207.5
210.0
210.0
212.5
0.0
205.0
207.5
210.0
210.0
212.5
0.0
205.0
207.5
210.0
210.0
212.5
0.0
205.0
207.5
210.0
210.0
212.5
0.0
205.0
207.5
210.0
210.0
212.5
0.0
205.0
207.5
210.0
210.0
212.5
0.0
205.0
207.5
210.0
210.0
212.5
0.0
205.0
207.5
210.0
210.0
0.0
205.0
207.5
210.0
210.0
0.0
205.0
207.5
210.0
210.0
0.0
205.0
207.5
210.0
210.0
212.5
0.0
205.0
207.5
210.0
210.0
212.5
0.0
205.0
207.5
210.0
210.0
212.5
0.0
205.0
207.5
210.0
210.0
212.5
0.0
170.0
172.5
175.0
172.5
175.0
0.0
205.0
207.5
210.0
210.0
212.5
0.0
242.5
245.0
167.5
165.0
170.0
0.0
205.0
207.5
210.0
210.0
212.5
0.0
170.0
172.5
95.0
252.5
217.5
0.0
170.0
0.0
170.0
0.0
170.0
0.0
205.0
127.5
295.0
270.0
112.5
0.0
205.0
0.0
205.0
0.0
205.0
0.0
205.0
0.0
205.0
127.5
295.0
270.0
112.5
0.0
205.0
127.5
0.0
205.0
127.5
0.0
205.0
0.0
205.0
127.5
0.0
205.0
0.0
205.0
127.5
295.0
0.0
205.0
127.5
295.0
0.0
205.0
127.5
0.0
205.0
0.0
205.0
0.0
205.0
127.5
0.0
245.0
195.0
80.0
0.0
245.0
195.0
80.0
0.0
245.0
195.0
80.0
0.0
245.0
195.0
80.0
0.0
240.0
180.0
80.0
0.0
245.0
195.0
80.0
0.0
205.0
207.5
0.0
205.0
207.5
0.0
205.0
207.5
210.0
210.0
212.5
0.0
205.0
0.0
205.0
207.5
210.0
210.0
212.5
0.0
150.0
0.0
150.0
0.0
150.0
0.0
150.0
0.0
150.0
0.0
150.0
0.0
150.0
0.0
50.0
0.0
102.5
105.0
105.0
105.0
105.0
0.0
102.5
105.0
105.0
105.0
105.0
0.0
50.0
0.0
50.0
0.0
50.0
0.0
50.0
0.0
150.0
150.0
150.0
0.0
150.0
150.0
150.0
0.0
102.5
105.0
105.0
105.0
105.0
0.0
102.5
0.0
102.5
0.0
102.5
0.0
102.5
105.0
105.0
105.0
105.0
0.0
102.5
0.0
102.5
0.0
102.5
0.0
102.5
0.0
102.5
0.0
102.5
0.0
102.5
0.0
102.5
0.0
102.5
0.0
102.5
0.0
102.5
0.0
102.5
0.0
102.5
0.0
102.5
0.0
102.5
165.0
90.0
145.0
85.0
0.0
102.5
165.0
90.0
145.0
85.0
0.0
102.5
165.0
90.0
145.0
85.0
0.0
102.5
165.0
90.0
145.0
85.0
0.0
102.5
165.0
90.0
145.0
0.0
102.5
165.0
90.0
145.0
85.0
0.0
102.5
165.0
90.0
145.0
85.0
0.0
102.5
165.0
90.0
145.0
0.0
102.5
165.0
90.0
145.0
85.0
0.0
102.5
0.0
102.5
165.0
90.0
145.0
0.0
102.5
165.0
90.0
145.0
85.0
0.0
102.5
170.0
105.0
170.0
105.0
0.0
102.5
250.0
400.0
250.0
400.0
0.0
102.5
170.0
90.0
440.0
385.0
0.0
102.5
170.0
90.0
440.0
390.0
0.0
102.5
395.0
315.0
525.0
450.0
0.0
102.5
400.0
250.0
400.0
255.0
0.0
102.5
400.0
250.0
400.0
255.0
0.0
102.5
400.0
250.0
400.0
320.0
0.0
102.5
405.0
255.0
395.0
320.0
0.0
102.5
405.0
255.0
395.0
320.0
0.0
102.5
405.0
255.0
395.0
320.0
0.0
102.5
405.0
255.0
395.0
320.0
0.0
102.5
405.0
255.0
400.0
320.0
0.0
102.5
405.0
255.0
400.0
315.0
0.0
102.5
400.0
250.0
400.0
250.0
0.0
102.5
400.0
250.0
405.0
250.0
0.0
102.5
400.0
250.0
405.0
250.0
0.0
102.5
400.0
250.0
405.0
250.0
0.0
102.5
400.0
250.0
405.0
250.0
0.0
102.5
400.0
250.0
405.0
250.0
0.0
102.5
400.0
250.0
405.0
250.0
0.0
102.5
400.0
250.0
405.0
250.0
0.0
102.5
400.0
250.0
405.0
250.0
0.0
102.5
400.0
250.0
405.0
250.0
0.0
102.5
400.0
250.0
405.0
250.0
0.0
102.5
400.0
250.0
405.0
250.0
0.0
102.5
400.0
250.0
400.0
0.0
102.5
0.0
102.5
400.0
250.0
400.0
0.0
102.5
400.0
250.0
395.0
0.0
212.5
142.5
117.5
117.5
0.0
242.5
245.0
247.5
247.5
0.0
242.5
245.0
247.5
247.5
0.0
242.5
245.0
247.5
247.5
0.0
242.5
245.0
247.5
247.5
0.0
242.5
245.0
247.5
247.5
0.0
242.5
245.0
247.5
247.5
0.0
242.5
245.0
247.5
247.5
0.0
242.5
245.0
247.5
247.5
0.0
242.5
245.0
247.5
247.5
0.0
242.5
245.0
247.5
247.5
0.0
242.5
245.0
247.5
247.5
0.0
0.0
165.0
0.0
0.0
0.0
0.0
0.0
0.0
0.0
0.0
242.5
0.0
242.5
245.0
247.5
247.5
0.0
0.0
165.0
