0.0
182.5
180.0
182.5
147.5
0.0
0.0
0.0
0.0
0.0
0.0
0.0
0.0
0.0
0.0
0.0
0.0
0.0
0.0
0.0
0.0
0.0
0.0
0.0
0.0
0.0
0.0
0.0
0.0
0.0
0.0
0.0
0.0
0.0
0.0
0.0
0.0
0.0
0.0
0.0
0.0
0.0
0.0
0.0
0.0
0.0
0.0
0.0
0.0
0.0
0.0
0.0
0.0
0.0
0.0
0.0
0.0
0.0
0.0
0.0
0.0
0.0
0.0
0.0
0.0
0.0
0.0
0.0
0.0
0.0
0.0
0.0
0.0
0.0
0.0
0.0
0.0
0.0
0.0
0.0
0.0
0.0
0.0
0.0
0.0
0.0
0.0
0.0
0.0
0.0
0.0
0.0
0.0
0.0
0.0
0.0
0.0
0.0
0.0
0.0
0.0
0.0
0.0
0.0
0.0
0.0
0.0
0.0
0.0
0.0
0.0
0.0
0.0
0.0
0.0
0.0
555.0
555.0
555.0
550.0
0.0
147.5
147.5
147.5
47.5
0.0
147.5
145.0
147.5
97.5
0.0
0.0
0.0
0.0
0.0
0.0
0.0
0.0
0.0
0.0
0.0
0.0
0.0
0.0
0.0
0.0
0.0
0.0
0.0
0.0
0.0
0.0
0.0
0.0
0.0
0.0
0.0
0.0
0.0
0.0
0.0
0.0
0.0
0.0
0.0
0.0
0.0
0.0
0.0
0.0
330.0
160.0
0.0
0.0
0.0
0.0
305.0
150.0
0.0
0.0
0.0
230.0
75.0
310.0
0.0
0.0
0.0
0.0
0.0
530.0
455.0
295.0
605.0
0.0
0.0
0.0
0.0
0.0
0.0
530.0
455.0
295.0
605.0
0.0
0.0
0.0
0.0
0.0
0.0
0.0
0.0
0.0
0.0
530.0
0.0
0.0
530.0
0.0
0.0
0.0
0.0
0.0
0.0
0.0
75.0
65.0
0.0
75.0
65.0
0.0
75.0
75.0
70.0
70.0
70.0
0.0
0.0
75.0
75.0
70.0
70.0
70.0
0.0
145.0
145.0
145.0
145.0
150.0
0.0
145.0
145.0
145.0
145.0
150.0
0.0
145.0
145.0
145.0
145.0
150.0
0.0
0.0
0.0
0.0
145.0
145.0
145.0
145.0
150.0
0.0
0.0
0.0
0.0
0.0
0.0
0.0
0.0
0.0
0.0
0.0
0.0
0.0
0.0
0.0
0.0
240.0
70.0
240.0
165.0
0.0
0.0
240.0
70.0
240.0
165.0
0.0
0.0
240.0
70.0
240.0
0.0
0.0
240.0
70.0
240.0
165.0
0.0
0.0
240.0
70.0
0.0
0.0
240.0
70.0
240.0
0.0
0.0
240.0
70.0
240.0
0.0
0.0
240.0
70.0
0.0
0.0
240.0
70.0
240.0
165.0
0.0
0.0
0.0
240.0
70.0
0.0
0.0
240.0
70.0
240.0
165.0
0.0
0.0
225.0
170.0
0.0
160.0
0.0
0.0
225.0
55.0
220.0
30.0
0.0
0.0
205.0
130.0
55.0
200.0
0.0
0.0
0.0
305.0
145.0
150.0
0.0
0.0
0.0
305.0
230.0
75.0
0.0
0.0
0.0
325.0
165.0
165.0
0.0
0.0
0.0
525.0
375.0
210.0
0.0
0.0
0.0
330.0
170.0
0.0
0.0
0.0
0.0
455.0
305.0
160.0
0.0
0.0
0.0
310.0
165.0
0.0
0.0
0.0
0.0
310.0
165.0
0.0
0.0
0.0
0.0
465.0
305.0
160.0
0.0
0.0
0.0
0.0
300.0
210.0
0.0
0.0
0.0
0.0
320.0
60.0
0.0
0.0
0.0
0.0
160.0
370.0
0.0
0.0
0.0
0.0
0.0
470.0
0.0
0.0
0.0
0.0
0.0
320.0
0.0
0.0
0.0
0.0
0.0
320.0
0.0
0.0
0.0
0.0
0.0
320.0
0.0
0.0
0.0
0.0
0.0
315.0
0.0
0.0
0.0
0.0
0.0
0.0
0.0
0.0
0.0
0.0
0.0
320.0
0.0
0.0
0.0
0.0
0.0
320.0
0.0
0.0
0.0
0.0
0.0
320.0
0.0
0.0
0.0
0.0
0.0
320.0
0.0
0.0
0.0
0.0
0.0
320.0
0.0
390.0
245.0
110.0
110.0
0.0
0.0
0.0
220.0
110.0
110.0
30.0
0.0
220.0
217.5
220.0
80.0
0.0
147.5
120.0
317.5
147.5
0.0
220.0
217.5
220.0
165.0
0.0
220.0
217.5
220.0
165.0
0.0
220.0
217.5
220.0
165.0
0.0
220.0
217.5
220.0
165.0
0.0
220.0
217.5
220.0
165.0
0.0
220.0
217.5
220.0
165.0
0.0
220.0
217.5
220.0
165.0
0.0
220.0
217.5
220.0
165.0
0.0
220.0
217.5
220.0
165.0
0.0
220.0
217.5
220.0
165.0
0.0
220.0
217.5
220.0
165.0
0.0
0.0
0.0
0.0
0.0
220.0
220.0
220.0
115.0
0.0
