0.0
187.5
187.5
190.0
192.5
0.0
187.5
190.0
190.0
190.0
187.5
0.0
187.5
190.0
190.0
190.0
187.5
0.0
187.5
190.0
190.0
190.0
187.5
0.0
187.5
190.0
190.0
190.0
187.5
0.0
187.5
190.0
190.0
190.0
187.5
0.0
187.5
190.0
190.0
190.0
187.5
0.0
187.5
190.0
190.0
190.0
187.5
0.0
187.5
190.0
190.0
190.0
187.5
0.0
187.5
190.0
190.0
190.0
187.5
0.0
187.5
0.0
187.5
190.0
190.0
190.0
187.5
0.0
187.5
0.0
187.5
0.0
187.5
190.0
190.0
190.0
187.5
0.0
187.5
190.0
190.0
190.0
187.5
0.0
187.5
190.0
190.0
190.0
187.5
0.0
187.5
190.0
190.0
190.0
187.5
0.0
187.5
190.0
190.0
190.0
187.5
0.0
187.5
190.0
190.0
190.0
187.5
0.0
187.5
190.0
190.0
190.0
187.5
0.0
187.5
190.0
190.0
190.0
187.5
0.0
187.5
190.0
185.0
190.0
0.0
187.5
190.0
185.0
187.5
0.0
187.5
187.5
190.0
192.5
0.0
187.5
190.0
190.0
190.0
187.5
0.0
187.5
190.0
190.0
190.0
187.5
0.0
187.5
190.0
190.0
190.0
187.5
0.0
187.5
190.0
190.0
190.0
187.5
0.0
187.5
190.0
190.0
190.0
187.5
0.0
187.5
190.0
190.0
190.0
187.5
0.0
187.5
190.0
110.0
110.0
107.5
0.0
187.5
190.0
110.0
110.0
107.5
0.0
187.5
190.0
110.0
110.0
107.5
0.0
187.5
0.0
187.5
0.0
187.5
0.0
162.5
165.0
165.0
165.0
162.5
0.0
162.5
0.0
162.5
0.0
162.5
0.0
162.5
0.0
162.5
165.0
165.0
165.0
162.5
0.0
162.5
165.0
0.0
162.5
165.0
0.0
162.5
0.0
162.5
165.0
0.0
162.5
0.0
162.5
165.0
165.0
0.0
162.5
165.0
165.0
0.0
162.5
165.0
0.0
162.5
0.0
162.5
0.0
162.5
165.0
0.0
615.0
470.0
300.0
0.0
615.0
470.0
300.0
0.0
615.0
470.0
300.0
0.0
615.0
470.0
300.0
0.0
465.0
300.0
420.0
0.0
615.0
470.0
300.0
0.0
162.5
165.0
0.0
162.5
165.0
0.0
162.5
165.0
165.0
165.0
162.5
0.0
162.5
0.0
162.5
165.0
165.0
165.0
162.5
0.0
150.0
0.0
150.0
0.0
150.0
0.0
150.0
0.0
150.0
0.0
150.0
0.0
150.0
0.0
165.0
0.0
162.5
165.0
165.0
165.0
162.5
0.0
162.5
165.0
165.0
165.0
162.5
0.0
165.0
0.0
165.0
0.0
165.0
0.0
165.0
0.0
50.0
50.0
30.0
0.0
50.0
50.0
30.0
0.0
162.5
165.0
165.0
165.0
162.5
0.0
162.5
0.0
162.5
0.0
162.5
0.0
162.5
165.0
165.0
165.0
162.5
0.0
162.5
0.0
162.5
0.0
162.5
0.0
162.5
0.0
162.5
0.0
162.5
0.0
162.5
0.0
162.5
0.0
162.5
0.0
162.5
0.0
162.5
0.0
162.5
0.0
162.5
0.0
162.5
0.0
162.5
165.0
165.0
165.0
162.5
0.0
162.5
165.0
165.0
165.0
162.5
0.0
162.5
165.0
165.0
165.0
162.5
0.0
162.5
165.0
165.0
165.0
162.5
0.0
162.5
165.0
165.0
165.0
0.0
162.5
165.0
165.0
165.0
162.5
0.0
162.5
165.0
165.0
165.0
162.5
0.0
162.5
165.0
165.0
165.0
0.0
162.5
165.0
165.0
165.0
162.5
0.0
162.5
0.0
162.5
165.0
165.0
165.0
0.0
162.5
165.0
165.0
165.0
162.5
0.0
110.0
110.0
110.0
110.0
107.5
0.0
110.0
110.0
110.0
110.0
107.5
0.0
187.5
110.0
110.0
110.0
107.5
0.0
187.5
110.0
110.0
110.0
107.5
0.0
187.5
110.0
110.0
110.0
107.5
0.0
187.5
110.0
110.0
110.0
107.5
0.0
187.5
190.0
110.0
110.0
107.5
0.0
187.5
190.0
110.0
110.0
107.5
0.0
187.5
190.0
110.0
110.0
107.5
0.0
187.5
190.0
110.0
110.0
107.5
0.0
187.5
190.0
110.0
110.0
107.5
0.0
187.5
190.0
110.0
110.0
107.5
0.0
187.5
190.0
110.0
110.0
107.5
0.0
187.5
190.0
110.0
110.0
107.5
0.0
187.5
190.0
110.0
110.0
107.5
0.0
187.5
190.0
110.0
110.0
107.5
0.0
187.5
190.0
110.0
110.0
107.5
0.0
187.5
190.0
110.0
110.0
107.5
0.0
187.5
190.0
110.0
110.0
107.5
0.0
187.5
190.0
110.0
110.0
107.5
0.0
187.5
190.0
190.0
190.0
187.5
0.0
187.5
190.0
110.0
110.0
107.5
0.0
187.5
190.0
110.0
110.0
107.5
0.0
187.5
190.0
110.0
110.0
107.5
0.0
187.5
190.0
110.0
110.0
107.5
0.0
187.5
190.0
110.0
110.0
107.5
0.0
187.5
190.0
185.0
110.0
0.0
187.5
0.0
187.5
190.0
107.5
110.0
0.0
187.5
187.5
110.0
112.5
0.0
162.5
212.5
162.5
165.0
0.0
187.5
187.5
190.0
192.5
0.0
187.5
187.5
190.0
192.5
0.0
187.5
187.5
190.0
192.5
0.0
187.5
187.5
190.0
192.5
0.0
187.5
187.5
190.0
192.5
0.0
187.5
187.5
190.0
192.5
0.0
187.5
187.5
190.0
192.5
0.0
187.5
187.5
190.0
192.5
0.0
187.5
187.5
190.0
192.5
0.0
187.5
187.5
190.0
192.5
0.0
187.5
187.5
190.0
192.5
0.0
0.0
102.5
0.0
0.0
0.0
0.0
0.0
0.0
0.0
0.0
187.5
0.0
187.5
190.0
185.0
187.5
100.0
0.0
102.5
