0.0
187.5
187.5
187.5
185.0
0.0
215.0
215.0
210.0
210.0
210.0
0.0
205.0
205.0
205.0
200.0
200.0
0.0
380.0
380.0
380.0
380.0
250.0
0.0
380.0
380.0
375.0
375.0
240.0
0.0
215.0
215.0
210.0
210.0
210.0
0.0
215.0
215.0
210.0
210.0
210.0
0.0
215.0
215.0
210.0
210.0
210.0
0.0
215.0
215.0
215.0
210.0
170.0
0.0
0.0
740.0
740.0
750.0
745.0
0.0
0.0
215.0
215.0
210.0
210.0
210.0
0.0
0.0
0.0
215.0
215.0
210.0
210.0
0.0
215.0
215.0
210.0
210.0
210.0
0.0
215.0
215.0
210.0
210.0
210.0
0.0
215.0
215.0
210.0
210.0
210.0
0.0
0.0
220.0
345.0
350.0
340.0
0.0
0.0
220.0
345.0
350.0
340.0
0.0
0.0
220.0
345.0
350.0
340.0
0.0
0.0
220.0
345.0
350.0
340.0
0.0
187.5
190.0
190.0
190.0
0.0
187.5
190.0
185.0
120.0
0.0
187.5
187.5
187.5
185.0
0.0
0.0
220.0
345.0
350.0
340.0
0.0
0.0
0.0
265.0
260.0
265.0
0.0
0.0
0.0
265.0
260.0
265.0
0.0
0.0
0.0
265.0
260.0
265.0
0.0
0.0
0.0
135.0
135.0
135.0
0.0
0.0
270.0
265.0
275.0
260.0
0.0
0.0
330.0
165.0
165.0
165.0
0.0
50.0
510.0
360.0
520.0
370.0
0.0
615.0
470.0
465.0
465.0
300.0
0.0
0.0
0.0
0.0
245.0
165.0
0.0
330.0
170.0
0.0
0.0
0.0
0.0
0.0
245.0
165.0
0.0
330.0
170.0
0.0
245.0
0.0
245.0
0.0
0.0
245.0
0.0
0.0
245.0
165.0
0.0
245.0
165.0
0.0
245.0
0.0
0.0
0.0
245.0
165.0
0.0
65.0
65.0
0.0
65.0
65.0
0.0
65.0
65.0
65.0
65.0
60.0
0.0
0.0
65.0
65.0
65.0
65.0
60.0
0.0
50.0
50.0
50.0
50.0
50.0
0.0
50.0
50.0
50.0
50.0
50.0
0.0
50.0
50.0
50.0
50.0
50.0
0.0
0.0
0.0
0.0
50.0
50.0
50.0
50.0
50.0
0.0
0.0
0.0
0.0
0.0
0.0
0.0
0.0
0.0
0.0
0.0
0.0
0.0
0.0
0.0
245.0
165.0
0.0
170.0
0.0
0.0
245.0
165.0
0.0
170.0
0.0
0.0
245.0
165.0
0.0
170.0
0.0
0.0
245.0
165.0
0.0
170.0
0.0
0.0
245.0
165.0
0.0
0.0
245.0
165.0
0.0
170.0
0.0
245.0
165.0
0.0
170.0
0.0
245.0
165.0
0.0
0.0
245.0
165.0
0.0
170.0
0.0
0.0
0.0
245.0
165.0
0.0
0.0
245.0
165.0
0.0
170.0
0.0
0.0
220.0
50.0
220.0
55.0
220.0
0.0
220.0
50.0
195.0
125.0
125.0
0.0
220.0
50.0
275.0
120.0
115.0
0.0
220.0
50.0
510.0
350.0
205.0
0.0
560.0
495.0
345.0
200.0
275.0
0.0
390.0
245.0
105.0
105.0
100.0
0.0
220.0
215.0
215.0
220.0
215.0
0.0
495.0
430.0
280.0
135.0
70.0
0.0
495.0
430.0
280.0
135.0
70.0
0.0
355.0
280.0
135.0
135.0
70.0
0.0
355.0
280.0
135.0
135.0
70.0
0.0
495.0
430.0
280.0
135.0
70.0
0.0
355.0
210.0
205.0
205.0
190.0
0.0
355.0
210.0
205.0
205.0
190.0
0.0
355.0
210.0
205.0
205.0
190.0
0.0
355.0
210.0
205.0
205.0
190.0
0.0
355.0
210.0
205.0
205.0
190.0
0.0
355.0
210.0
205.0
205.0
190.0
0.0
355.0
210.0
205.0
205.0
190.0
0.0
355.0
210.0
205.0
205.0
190.0
0.0
355.0
210.0
205.0
205.0
190.0
0.0
355.0
210.0
205.0
205.0
190.0
0.0
355.0
210.0
205.0
205.0
190.0
0.0
355.0
210.0
205.0
205.0
190.0
0.0
355.0
210.0
205.0
205.0
190.0
0.0
355.0
210.0
205.0
205.0
190.0
0.0
187.5
190.0
110.0
110.0
0.0
0.0
0.0
187.5
190.0
107.5
50.0
0.0
187.5
187.5
107.5
107.5
0.0
162.5
212.5
162.5
160.0
0.0
187.5
187.5
187.5
185.0
0.0
187.5
187.5
187.5
185.0
0.0
187.5
187.5
187.5
185.0
0.0
187.5
187.5
187.5
185.0
0.0
187.5
187.5
187.5
185.0
0.0
187.5
187.5
187.5
185.0
0.0
187.5
187.5
187.5
185.0
0.0
187.5
187.5
187.5
185.0
0.0
187.5
187.5
187.5
185.0
0.0
187.5
187.5
187.5
185.0
0.0
187.5
187.5
187.5
185.0
0.0
0.0
0.0
0.0
0.0
187.5
190.0
185.0
120.0
0.0
