0.0
187.5
190.0
185.0
190.0
0.0
187.5
187.5
190.0
190.0
187.5
0.0
187.5
187.5
190.0
190.0
187.5
0.0
187.5
187.5
190.0
190.0
187.5
0.0
187.5
187.5
190.0
190.0
187.5
0.0
187.5
187.5
190.0
190.0
187.5
0.0
187.5
187.5
190.0
190.0
187.5
0.0
187.5
187.5
190.0
190.0
187.5
0.0
187.5
187.5
190.0
190.0
187.5
0.0
187.5
187.5
190.0
190.0
187.5
0.0
187.5
0.0
187.5
187.5
190.0
190.0
187.5
0.0
187.5
0.0
187.5
0.0
187.5
187.5
190.0
190.0
187.5
0.0
187.5
187.5
190.0
190.0
187.5
0.0
187.5
187.5
190.0
190.0
187.5
0.0
187.5
187.5
190.0
190.0
187.5
0.0
187.5
187.5
190.0
190.0
187.5
0.0
187.5
187.5
190.0
190.0
187.5
0.0
187.5
187.5
190.0
190.0
187.5
0.0
187.5
187.5
190.0
190.0
187.5
0.0
187.5
187.5
190.0
190.0
0.0
187.5
187.5
190.0
190.0
0.0
187.5
190.0
185.0
190.0
0.0
187.5
187.5
190.0
190.0
187.5
0.0
187.5
187.5
190.0
190.0
187.5
0.0
187.5
187.5
190.0
190.0
187.5
0.0
187.5
187.5
190.0
190.0
187.5
0.0
187.5
187.5
190.0
190.0
187.5
0.0
187.5
187.5
190.0
190.0
187.5
0.0
187.5
187.5
110.0
110.0
107.5
0.0
187.5
187.5
110.0
110.0
107.5
0.0
187.5
187.5
110.0
110.0
107.5
0.0
187.5
0.0
187.5
0.0
187.5
0.0
162.5
162.5
165.0
165.0
162.5
0.0
162.5
0.0
162.5
0.0
162.5
0.0
162.5
0.0
162.5
162.5
165.0
165.0
162.5
0.0
162.5
162.5
0.0
162.5
162.5
0.0
162.5
0.0
162.5
162.5
0.0
162.5
0.0
162.5
162.5
165.0
0.0
162.5
162.5
165.0
0.0
162.5
162.5
0.0
162.5
0.0
162.5
0.0
162.5
162.5
0.0
162.5
162.5
70.0
0.0
162.5
162.5
70.0
0.0
162.5
162.5
70.0
0.0
162.5
162.5
70.0
0.0
162.5
162.5
70.0
0.0
162.5
162.5
70.0
0.0
162.5
162.5
0.0
162.5
162.5
0.0
162.5
162.5
165.0
165.0
162.5
0.0
162.5
0.0
162.5
162.5
165.0
165.0
162.5
0.0
127.5
0.0
127.5
0.0
127.5
0.0
127.5
0.0
127.5
0.0
127.5
0.0
127.5
0.0
127.5
0.0
162.5
162.5
165.0
165.0
162.5
0.0
162.5
162.5
165.0
165.0
162.5
0.0
127.5
0.0
127.5
0.0
127.5
0.0
127.5
0.0
162.5
162.5
70.0
0.0
162.5
162.5
70.0
0.0
162.5
162.5
165.0
165.0
162.5
0.0
162.5
0.0
162.5
0.0
162.5
0.0
162.5
162.5
165.0
165.0
162.5
0.0
162.5
0.0
162.5
0.0
162.5
0.0
162.5
0.0
162.5
0.0
162.5
0.0
162.5
0.0
162.5
0.0
162.5
0.0
162.5
0.0
162.5
0.0
162.5
0.0
162.5
0.0
162.5
0.0
162.5
162.5
165.0
165.0
162.5
0.0
162.5
162.5
165.0
165.0
162.5
0.0
162.5
162.5
165.0
165.0
162.5
0.0
162.5
162.5
165.0
165.0
162.5
0.0
162.5
162.5
165.0
165.0
0.0
162.5
162.5
165.0
165.0
162.5
0.0
162.5
162.5
165.0
165.0
162.5
0.0
162.5
162.5
165.0
165.0
0.0
162.5
162.5
165.0
165.0
162.5
0.0
162.5
0.0
162.5
162.5
165.0
165.0
0.0
162.5
162.5
165.0
165.0
162.5
0.0
162.5
162.5
165.0
165.0
162.5
0.0
110.0
107.5
110.0
110.0
107.5
0.0
102.5
400.0
250.0
400.0
255.0
0.0
102.5
400.0
250.0
395.0
320.0
0.0
187.5
107.5
110.0
110.0
107.5
0.0
187.5
107.5
110.0
110.0
107.5
0.0
187.5
107.5
110.0
110.0
107.5
0.0
187.5
187.5
110.0
110.0
107.5
0.0
187.5
187.5
110.0
110.0
107.5
0.0
187.5
187.5
110.0
110.0
107.5
0.0
187.5
187.5
110.0
110.0
107.5
0.0
187.5
187.5
110.0
110.0
107.5
0.0
187.5
187.5
110.0
110.0
107.5
0.0
187.5
187.5
110.0
110.0
107.5
0.0
187.5
187.5
110.0
110.0
107.5
0.0
187.5
187.5
110.0
110.0
107.5
0.0
187.5
187.5
110.0
110.0
107.5
0.0
187.5
187.5
110.0
110.0
107.5
0.0
187.5
187.5
110.0
110.0
107.5
0.0
187.5
187.5
190.0
190.0
107.5
0.0
187.5
187.5
190.0
190.0
187.5
0.0
187.5
187.5
110.0
110.0
107.5
0.0
187.5
187.5
110.0
110.0
107.5
0.0
187.5
187.5
110.0
110.0
107.5
0.0
187.5
187.5
110.0
110.0
107.5
0.0
187.5
187.5
110.0
110.0
107.5
0.0
187.5
187.5
110.0
110.0
0.0
187.5
0.0
187.5
187.5
110.0
110.0
0.0
187.5
190.0
107.5
110.0
0.0
162.5
215.0
160.0
165.0
0.0
187.5
190.0
185.0
190.0
0.0
187.5
190.0
185.0
190.0
0.0
187.5
190.0
185.0
190.0
0.0
187.5
190.0
185.0
190.0
0.0
187.5
190.0
185.0
190.0
0.0
187.5
190.0
185.0
190.0
0.0
187.5
190.0
185.0
190.0
0.0
187.5
190.0
185.0
190.0
0.0
187.5
190.0
185.0
190.0
0.0
187.5
190.0
185.0
190.0
0.0
187.5
190.0
185.0
190.0
0.0
0.0
102.5
0.0
0.0
152.5
0.0
152.5
0.0
152.5
0.0
187.5
0.0
187.5
187.5
190.0
190.0
102.5
0.0
102.5
