0.0
187.5
187.5
187.5
120.0
0.0
0.0
0.0
0.0
0.0
0.0
0.0
0.0
0.0
0.0
0.0
0.0
0.0
0.0
0.0
0.0
0.0
0.0
0.0
0.0
0.0
0.0
0.0
0.0
0.0
0.0
0.0
0.0
0.0
0.0
0.0
0.0
0.0
0.0
0.0
0.0
0.0
0.0
0.0
0.0
0.0
0.0
0.0
0.0
0.0
0.0
0.0
0.0
0.0
0.0
0.0
0.0
0.0
0.0
0.0
0.0
0.0
0.0
0.0
0.0
0.0
0.0
0.0
0.0
0.0
0.0
0.0
0.0
0.0
0.0
0.0
0.0
0.0
0.0
0.0
0.0
0.0
0.0
0.0
0.0
0.0
0.0
0.0
0.0
0.0
0.0
0.0
0.0
0.0
0.0
0.0
0.0
0.0
0.0
0.0
0.0
0.0
0.0
0.0
0.0
0.0
0.0
0.0
0.0
0.0
0.0
0.0
0.0
0.0
0.0
0.0
0.0
0.0
0.0
0.0
0.0
610.0
610.0
612.5
602.5
0.0
187.5
187.5
187.5
120.0
0.0
0.0
0.0
0.0
0.0
0.0
0.0
0.0
0.0
0.0
0.0
0.0
0.0
0.0
0.0
0.0
0.0
0.0
0.0
0.0
0.0
0.0
0.0
0.0
0.0
0.0
0.0
0.0
0.0
0.0
0.0
0.0
0.0
0.0
0.0
0.0
0.0
0.0
0.0
0.0
0.0
0.0
0.0
0.0
0.0
0.0
0.0
0.0
0.0
0.0
0.0
0.0
0.0
0.0
0.0
0.0
0.0
0.0
0.0
170.0
0.0
380.0
210.0
0.0
0.0
0.0
0.0
0.0
0.0
170.0
0.0
380.0
210.0
0.0
0.0
0.0
0.0
0.0
0.0
0.0
0.0
0.0
0.0
170.0
0.0
0.0
170.0
0.0
0.0
0.0
0.0
0.0
0.0
0.0
75.0
65.0
0.0
75.0
65.0
0.0
75.0
75.0
75.0
75.0
75.0
0.0
0.0
75.0
75.0
75.0
75.0
75.0
0.0
150.0
150.0
150.0
150.0
150.0
0.0
150.0
150.0
150.0
150.0
150.0
0.0
150.0
150.0
150.0
150.0
150.0
0.0
0.0
0.0
0.0
150.0
150.0
150.0
150.0
150.0
0.0
0.0
0.0
0.0
0.0
0.0
0.0
0.0
0.0
0.0
0.0
0.0
0.0
0.0
0.0
0.0
0.0
165.0
0.0
50.0
0.0
0.0
0.0
165.0
0.0
50.0
0.0
0.0
0.0
165.0
0.0
0.0
0.0
0.0
165.0
0.0
50.0
0.0
0.0
0.0
165.0
0.0
0.0
0.0
165.0
0.0
0.0
0.0
0.0
165.0
0.0
0.0
0.0
0.0
165.0
0.0
0.0
0.0
165.0
0.0
50.0
0.0
0.0
0.0
0.0
165.0
0.0
0.0
0.0
165.0
0.0
50.0
0.0
0.0
0.0
0.0
0.0
50.0
0.0
0.0
0.0
0.0
0.0
0.0
0.0
0.0
0.0
0.0
0.0
0.0
0.0
0.0
0.0
0.0
0.0
0.0
0.0
0.0
0.0
0.0
0.0
0.0
0.0
0.0
0.0
0.0
0.0
0.0
0.0
0.0
0.0
0.0
0.0
0.0
0.0
0.0
0.0
0.0
0.0
0.0
0.0
0.0
0.0
0.0
0.0
0.0
0.0
0.0
0.0
0.0
0.0
0.0
0.0
0.0
0.0
0.0
0.0
0.0
0.0
0.0
0.0
0.0
0.0
0.0
0.0
0.0
0.0
0.0
0.0
0.0
0.0
0.0
0.0
0.0
0.0
0.0
0.0
0.0
0.0
0.0
0.0
0.0
0.0
0.0
0.0
0.0
0.0
0.0
0.0
0.0
0.0
0.0
0.0
0.0
0.0
0.0
0.0
0.0
0.0
0.0
0.0
0.0
0.0
0.0
0.0
0.0
0.0
0.0
0.0
0.0
0.0
0.0
0.0
0.0
0.0
0.0
0.0
0.0
0.0
0.0
0.0
0.0
0.0
0.0
0.0
0.0
0.0
0.0
0.0
0.0
0.0
0.0
0.0
0.0
0.0
0.0
0.0
0.0
0.0
0.0
0.0
0.0
0.0
0.0
0.0
0.0
0.0
0.0
0.0
0.0
0.0
470.0
310.0
0.0
0.0
0.0
370.0
220.0
77.5
57.5
0.0
187.5
187.5
187.5
50.0
0.0
162.5
522.5
457.5
255.0
0.0
187.5
187.5
187.5
120.0
0.0
187.5
187.5
187.5
120.0
0.0
187.5
187.5
187.5
120.0
0.0
187.5
187.5
187.5
120.0
0.0
187.5
187.5
187.5
120.0
0.0
187.5
187.5
187.5
120.0
0.0
187.5
187.5
187.5
120.0
0.0
187.5
187.5
187.5
120.0
0.0
187.5
187.5
187.5
120.0
0.0
187.5
187.5
187.5
120.0
0.0
187.5
187.5
187.5
120.0
0.0
0.0
0.0
0.0
0.0
25.0
25.0
27.5
7.5
0.0
