0.0
262.5
265.0
265.0
260.0
0.0
270.0
270.0
270.0
255.0
265.0
0.0
270.0
270.0
270.0
260.0
265.0
0.0
210.0
210.0
215.0
205.0
215.0
0.0
210.0
210.0
215.0
205.0
215.0
0.0
270.0
270.0
270.0
255.0
265.0
0.0
270.0
270.0
270.0
255.0
265.0
0.0
270.0
270.0
270.0
255.0
265.0
0.0
270.0
270.0
270.0
260.0
260.0
0.0
435.0
435.0
435.0
430.0
435.0
0.0
0.0
270.0
270.0
270.0
255.0
265.0
0.0
0.0
0.0
270.0
270.0
270.0
255.0
0.0
270.0
270.0
270.0
255.0
265.0
0.0
270.0
270.0
270.0
255.0
265.0
0.0
270.0
270.0
270.0
255.0
265.0
0.0
725.0
725.0
725.0
730.0
730.0
0.0
725.0
725.0
725.0
730.0
730.0
0.0
725.0
725.0
725.0
730.0
730.0
0.0
725.0
725.0
725.0
730.0
730.0
0.0
267.5
195.0
197.5
195.0
0.0
267.5
197.5
197.5
127.5
0.0
267.5
197.5
197.5
195.0
0.0
725.0
725.0
725.0
730.0
730.0
0.0
725.0
725.0
725.0
730.0
730.0
0.0
725.0
725.0
725.0
730.0
730.0
0.0
725.0
725.0
725.0
730.0
730.0
0.0
650.0
650.0
650.0
660.0
660.0
0.0
725.0
725.0
725.0
730.0
730.0
0.0
170.0
165.0
165.0
170.0
165.0
0.0
725.0
580.0
505.0
365.0
665.0
0.0
725.0
580.0
740.0
580.0
745.0
0.0
0.0
0.0
0.0
315.0
170.0
0.0
325.0
160.0
0.0
0.0
0.0
0.0
0.0
315.0
170.0
0.0
325.0
160.0
0.0
315.0
0.0
315.0
0.0
0.0
315.0
0.0
0.0
315.0
170.0
0.0
315.0
170.0
0.0
315.0
0.0
0.0
0.0
315.0
170.0
0.0
150.0
150.0
0.0
150.0
150.0
0.0
150.0
150.0
150.0
150.0
150.0
0.0
0.0
150.0
150.0
150.0
150.0
150.0
0.0
50.0
50.0
55.0
55.0
55.0
0.0
50.0
50.0
55.0
55.0
55.0
0.0
50.0
50.0
55.0
55.0
55.0
0.0
0.0
0.0
0.0
50.0
50.0
55.0
55.0
55.0
0.0
0.0
0.0
0.0
0.0
0.0
0.0
0.0
0.0
0.0
0.0
0.0
0.0
0.0
0.0
400.0
250.0
195.0
355.0
305.0
0.0
400.0
250.0
195.0
355.0
305.0
0.0
400.0
250.0
195.0
355.0
305.0
0.0
400.0
250.0
195.0
355.0
305.0
0.0
400.0
250.0
195.0
0.0
400.0
250.0
195.0
355.0
0.0
400.0
250.0
195.0
355.0
0.0
400.0
250.0
195.0
0.0
400.0
250.0
195.0
355.0
305.0
0.0
0.0
400.0
250.0
195.0
0.0
400.0
250.0
195.0
355.0
305.0
0.0
395.0
245.0
195.0
355.0
210.0
0.0
665.0
520.0
375.0
310.0
310.0
0.0
715.0
565.0
425.0
360.0
670.0
0.0
715.0
565.0
425.0
360.0
520.0
0.0
715.0
565.0
425.0
360.0
520.0
0.0
715.0
565.0
425.0
360.0
515.0
0.0
715.0
565.0
425.0
360.0
645.0
0.0
555.0
405.0
260.0
115.0
115.0
0.0
555.0
405.0
260.0
115.0
115.0
0.0
555.0
405.0
260.0
115.0
115.0
0.0
555.0
405.0
260.0
115.0
115.0
0.0
555.0
405.0
260.0
115.0
115.0
0.0
555.0
405.0
260.0
115.0
115.0
0.0
555.0
405.0
260.0
115.0
115.0
0.0
555.0
405.0
260.0
115.0
115.0
0.0
555.0
405.0
260.0
115.0
115.0
0.0
555.0
405.0
260.0
115.0
115.0
0.0
555.0
405.0
260.0
115.0
115.0
0.0
555.0
405.0
260.0
115.0
115.0
0.0
555.0
405.0
260.0
115.0
115.0
0.0
555.0
405.0
260.0
115.0
115.0
0.0
555.0
405.0
260.0
115.0
115.0
0.0
555.0
405.0
260.0
115.0
115.0
0.0
555.0
405.0
260.0
115.0
115.0
0.0
555.0
405.0
260.0
115.0
115.0
0.0
555.0
405.0
260.0
115.0
115.0
0.0
162.5
162.5
165.0
162.5
0.0
0.0
0.0
162.5
165.0
165.0
105.0
0.0
162.5
165.0
165.0
162.5
0.0
310.0
237.5
165.0
162.5
0.0
342.5
345.0
345.0
340.0
0.0
342.5
345.0
345.0
340.0
0.0
342.5
345.0
345.0
340.0
0.0
342.5
345.0
345.0
340.0
0.0
342.5
345.0
345.0
340.0
0.0
342.5
345.0
345.0
340.0
0.0
342.5
345.0
345.0
340.0
0.0
342.5
345.0
345.0
340.0
0.0
342.5
345.0
345.0
340.0
0.0
342.5
345.0
345.0
340.0
0.0
342.5
345.0
345.0
340.0
0.0
0.0
260.0
0.0
0.0
0.0
342.5
345.0
345.0
260.0
0.0
