0.0
195.0
197.5
197.5
127.5
0.0
0.0
0.0
0.0
0.0
0.0
0.0
0.0
0.0
0.0
0.0
0.0
0.0
0.0
0.0
0.0
0.0
195.0
197.5
197.5
127.5
0.0
0.0
0.0
0.0
0.0
0.0
0.0
0.0
0.0
0.0
0.0
0.0
0.0
0.0
0.0
630.0
485.0
300.0
0.0
195.0
197.5
117.5
197.5
0.0
162.5
605.0
455.0
250.0
0.0
195.0
197.5
197.5
127.5
0.0
195.0
197.5
197.5
127.5
0.0
195.0
197.5
197.5
127.5
0.0
195.0
197.5
197.5
127.5
0.0
195.0
197.5
197.5
127.5
0.0
195.0
197.5
197.5
127.5
0.0
195.0
197.5
197.5
127.5
0.0
195.0
197.5
197.5
127.5
0.0
195.0
197.5
197.5
127.5
0.0
195.0
197.5
197.5
127.5
0.0
195.0
197.5
197.5
127.5
0.0
0.0
0.0
0.0
0.0
0.0
0.0
0.0
0.0
0.0
