0.0
225.0
152.5
152.5
152.5
0.0
225.0
150.0
152.5
152.5
150.0
0.0
225.0
150.0
152.5
152.5
150.0
0.0
225.0
150.0
152.5
152.5
150.0
0.0
225.0
150.0
152.5
152.5
150.0
0.0
225.0
150.0
152.5
152.5
150.0
0.0
225.0
150.0
152.5
152.5
150.0
0.0
225.0
150.0
152.5
152.5
150.0
0.0
225.0
150.0
152.5
152.5
150.0
0.0
225.0
150.0
152.5
152.5
150.0
0.0
225.0
0.0
225.0
150.0
152.5
152.5
150.0
0.0
225.0
0.0
225.0
0.0
225.0
150.0
152.5
152.5
150.0
0.0
225.0
150.0
152.5
152.5
150.0
0.0
225.0
150.0
152.5
152.5
150.0
0.0
225.0
150.0
152.5
152.5
150.0
0.0
225.0
150.0
152.5
152.5
150.0
0.0
225.0
150.0
152.5
152.5
150.0
0.0
225.0
150.0
152.5
152.5
150.0
0.0
225.0
150.0
152.5
152.5
150.0
0.0
225.0
150.0
152.5
152.5
0.0
225.0
150.0
150.0
150.0
0.0
225.0
152.5
152.5
152.5
0.0
225.0
150.0
152.5
152.5
150.0
0.0
225.0
150.0
152.5
152.5
150.0
0.0
225.0
150.0
152.5
152.5
150.0
0.0
225.0
150.0
152.5
152.5
150.0
0.0
225.0
150.0
152.5
152.5
150.0
0.0
225.0
150.0
152.5
152.5
150.0
0.0
257.5
255.0
172.5
172.5
175.0
0.0
225.0
150.0
152.5
117.5
112.5
0.0
257.5
255.0
172.5
172.5
175.0
0.0
257.5
0.0
257.5
0.0
257.5
0.0
172.5
172.5
172.5
172.5
175.0
0.0
172.5
0.0
172.5
0.0
172.5
0.0
172.5
0.0
172.5
172.5
172.5
172.5
175.0
0.0
172.5
172.5
0.0
172.5
172.5
0.0
172.5
0.0
172.5
172.5
0.0
172.5
0.0
172.5
172.5
172.5
0.0
172.5
172.5
172.5
0.0
172.5
172.5
0.0
172.5
0.0
172.5
0.0
172.5
172.5
0.0
172.5
172.5
0.0
172.5
172.5
0.0
172.5
172.5
172.5
172.5
175.0
0.0
172.5
0.0
172.5
172.5
172.5
172.5
175.0
0.0
172.5
172.5
172.5
172.5
175.0
0.0
172.5
172.5
172.5
172.5
175.0
0.0
172.5
172.5
172.5
172.5
175.0
0.0
172.5
0.0
172.5
0.0
172.5
0.0
172.5
172.5
172.5
172.5
175.0
0.0
172.5
0.0
172.5
0.0
172.5
0.0
172.5
0.0
172.5
0.0
172.5
0.0
172.5
0.0
172.5
0.0
172.5
0.0
172.5
0.0
172.5
0.0
172.5
0.0
172.5
0.0
172.5
0.0
172.5
172.5
172.5
322.5
292.5
0.0
172.5
172.5
172.5
322.5
292.5
0.0
172.5
172.5
172.5
322.5
292.5
0.0
172.5
172.5
172.5
322.5
292.5
0.0
172.5
172.5
172.5
322.5
0.0
172.5
172.5
172.5
322.5
292.5
0.0
172.5
172.5
172.5
322.5
292.5
0.0
172.5
172.5
172.5
322.5
0.0
172.5
172.5
172.5
322.5
292.5
0.0
172.5
0.0
172.5
172.5
172.5
322.5
0.0
172.5
172.5
172.5
322.5
292.5
0.0
172.5
172.5
317.5
287.5
587.5
0.0
172.5
172.5
317.5
172.5
320.0
0.0
172.5
172.5
322.5
287.5
362.5
0.0
172.5
172.5
317.5
282.5
357.5
0.0
257.5
172.5
317.5
282.5
492.5
0.0
257.5
172.5
322.5
287.5
502.5
0.0
257.5
172.5
322.5
287.5
362.5
0.0
257.5
172.5
322.5
322.5
175.0
0.0
257.5
255.0
172.5
322.5
175.0
0.0
257.5
255.0
172.5
317.5
325.0
0.0
257.5
255.0
172.5
317.5
325.0
0.0
257.5
255.0
172.5
317.5
175.0
0.0
257.5
255.0
172.5
322.5
175.0
0.0
257.5
255.0
172.5
322.5
325.0
0.0
257.5
255.0
172.5
322.5
325.0
0.0
257.5
255.0
257.5
115.0
265.0
0.0
257.5
255.0
257.5
115.0
265.0
0.0
257.5
255.0
257.5
115.0
265.0
0.0
257.5
255.0
257.5
115.0
265.0
0.0
257.5
255.0
257.5
115.0
265.0
0.0
257.5
255.0
257.5
115.0
265.0
0.0
257.5
255.0
257.5
115.0
265.0
0.0
257.5
255.0
257.5
115.0
265.0
0.0
257.5
255.0
257.5
115.0
265.0
0.0
257.5
255.0
257.5
115.0
265.0
0.0
257.5
255.0
257.5
115.0
265.0
0.0
257.5
255.0
257.5
120.0
0.0
252.5
0.0
257.5
255.0
255.0
255.0
0.0
257.5
257.5
257.5
257.5
0.0
225.0
195.0
120.0
120.0
0.0
257.5
257.5
257.5
257.5
0.0
257.5
257.5
257.5
257.5
0.0
257.5
257.5
257.5
257.5
0.0
257.5
257.5
257.5
257.5
0.0
257.5
257.5
257.5
257.5
0.0
257.5
257.5
257.5
257.5
0.0
257.5
257.5
257.5
257.5
0.0
257.5
257.5
257.5
257.5
0.0
257.5
257.5
257.5
257.5
0.0
257.5
257.5
257.5
257.5
0.0
257.5
257.5
257.5
257.5
0.0
0.0
172.5
0.0
0.0
0.0
0.0
0.0
0.0
0.0
0.0
257.5
0.0
257.5
255.0
255.0
255.0
0.0
0.0
172.5
