0.0
225.0
152.5
152.5
152.5
0.0
225.0
150.0
152.5
152.5
150.0
0.0
225.0
150.0
152.5
152.5
150.0
0.0
225.0
150.0
152.5
152.5
150.0
0.0
225.0
150.0
152.5
152.5
150.0
0.0
225.0
150.0
152.5
152.5
150.0
0.0
225.0
150.0
152.5
152.5
150.0
0.0
225.0
150.0
152.5
152.5
150.0
0.0
225.0
150.0
152.5
152.5
150.0
0.0
225.0
150.0
152.5
152.5
150.0
0.0
225.0
0.0
225.0
150.0
152.5
152.5
150.0
0.0
225.0
0.0
225.0
0.0
225.0
150.0
152.5
152.5
150.0
0.0
225.0
150.0
152.5
152.5
150.0
0.0
225.0
150.0
152.5
152.5
150.0
0.0
225.0
150.0
152.5
152.5
150.0
0.0
185.0
182.5
152.5
152.5
150.0
0.0
185.0
182.5
152.5
152.5
150.0
0.0
185.0
182.5
152.5
152.5
150.0
0.0
185.0
182.5
152.5
152.5
150.0
0.0
185.0
182.5
182.5
182.5
0.0
185.0
182.5
150.0
150.0
0.0
185.0
185.0
185.0
185.0
0.0
185.0
182.5
152.5
152.5
150.0
0.0
185.0
182.5
152.5
152.5
150.0
0.0
185.0
182.5
152.5
152.5
150.0
0.0
185.0
182.5
152.5
152.5
150.0
0.0
185.0
182.5
152.5
152.5
150.0
0.0
185.0
182.5
152.5
152.5
150.0
0.0
257.5
255.0
172.5
172.5
175.0
0.0
185.0
182.5
100.0
97.5
100.0
0.0
257.5
255.0
172.5
172.5
175.0
0.0
257.5
0.0
257.5
0.0
257.5
0.0
172.5
172.5
172.5
172.5
175.0
0.0
172.5
0.0
172.5
0.0
172.5
0.0
172.5
0.0
172.5
172.5
172.5
172.5
175.0
0.0
172.5
172.5
0.0
172.5
172.5
0.0
172.5
0.0
172.5
172.5
0.0
172.5
0.0
172.5
172.5
172.5
0.0
172.5
172.5
172.5
0.0
172.5
172.5
0.0
172.5
0.0
172.5
0.0
172.5
172.5
0.0
235.0
365.0
150.0
0.0
235.0
365.0
150.0
0.0
235.0
365.0
150.0
0.0
235.0
365.0
150.0
0.0
235.0
275.0
150.0
0.0
235.0
365.0
150.0
0.0
172.5
172.5
0.0
172.5
172.5
0.0
172.5
172.5
172.5
172.5
175.0
0.0
172.5
0.0
172.5
172.5
172.5
172.5
175.0
0.0
150.0
0.0
150.0
0.0
150.0
0.0
150.0
0.0
150.0
0.0
150.0
0.0
150.0
0.0
150.0
0.0
172.5
172.5
172.5
172.5
175.0
0.0
172.5
172.5
172.5
172.5
175.0
0.0
150.0
0.0
150.0
0.0
150.0
0.0
150.0
0.0
117.5
97.5
25.0
0.0
117.5
97.5
25.0
0.0
172.5
172.5
172.5
172.5
175.0
0.0
172.5
0.0
172.5
0.0
172.5
0.0
172.5
172.5
172.5
172.5
175.0
0.0
172.5
0.0
172.5
0.0
172.5
0.0
172.5
0.0
172.5
0.0
172.5
0.0
172.5
0.0
172.5
0.0
172.5
0.0
172.5
0.0
172.5
0.0
172.5
0.0
172.5
0.0
172.5
0.0
172.5
172.5
322.5
172.5
325.0
0.0
172.5
172.5
322.5
172.5
325.0
0.0
172.5
172.5
322.5
172.5
325.0
0.0
172.5
172.5
322.5
172.5
325.0
0.0
172.5
172.5
322.5
172.5
0.0
172.5
172.5
322.5
172.5
325.0
0.0
172.5
172.5
322.5
172.5
325.0
0.0
172.5
172.5
322.5
172.5
0.0
172.5
172.5
322.5
172.5
325.0
0.0
172.5
0.0
172.5
172.5
322.5
172.5
0.0
172.5
172.5
322.5
172.5
325.0
0.0
172.5
322.5
172.5
322.5
175.0
0.0
172.5
322.5
172.5
322.5
175.0
0.0
172.5
317.5
285.0
357.5
287.5
0.0
172.5
317.5
285.0
357.5
287.5
0.0
172.5
322.5
250.0
397.5
250.0
0.0
122.5
120.0
120.0
120.0
120.0
0.0
122.5
120.0
120.0
120.0
120.0
0.0
257.5
255.0
172.5
317.5
175.0
0.0
257.5
255.0
172.5
317.5
250.0
0.0
257.5
255.0
172.5
317.5
250.0
0.0
257.5
255.0
172.5
317.5
250.0
0.0
257.5
255.0
172.5
317.5
250.0
0.0
257.5
255.0
172.5
317.5
250.0
0.0
257.5
255.0
172.5
317.5
250.0
0.0
257.5
255.0
172.5
322.5
175.0
0.0
257.5
255.0
257.5
257.5
120.0
0.0
257.5
255.0
257.5
257.5
120.0
0.0
257.5
255.0
257.5
257.5
120.0
0.0
257.5
255.0
257.5
257.5
120.0
0.0
257.5
255.0
257.5
257.5
120.0
0.0
257.5
255.0
257.5
257.5
120.0
0.0
257.5
255.0
257.5
257.5
120.0
0.0
257.5
255.0
257.5
257.5
120.0
0.0
257.5
255.0
257.5
257.5
120.0
0.0
257.5
255.0
257.5
257.5
120.0
0.0
257.5
255.0
257.5
257.5
120.0
0.0
257.5
255.0
115.0
265.0
0.0
257.5
0.0
257.5
255.0
117.5
117.5
0.0
257.5
257.5
117.5
267.5
0.0
225.0
195.0
120.0
120.0
0.0
257.5
257.5
257.5
260.0
0.0
257.5
257.5
257.5
260.0
0.0
257.5
257.5
257.5
260.0
0.0
257.5
257.5
257.5
260.0
0.0
257.5
257.5
257.5
260.0
0.0
257.5
257.5
257.5
260.0
0.0
257.5
257.5
257.5
260.0
0.0
257.5
257.5
257.5
260.0
0.0
257.5
257.5
257.5
260.0
0.0
257.5
257.5
257.5
260.0
0.0
257.5
257.5
257.5
260.0
0.0
0.0
172.5
0.0
0.0
0.0
0.0
0.0
0.0
0.0
0.0
257.5
0.0
257.5
255.0
255.0
257.5
165.0
0.0
172.5
