0.0
192.5
192.5
190.0
190.0
0.0
192.5
190.0
190.0
192.5
190.0
0.0
192.5
190.0
190.0
192.5
190.0
0.0
192.5
190.0
190.0
192.5
190.0
0.0
192.5
190.0
190.0
192.5
190.0
0.0
192.5
190.0
190.0
192.5
190.0
0.0
192.5
190.0
190.0
192.5
190.0
0.0
192.5
190.0
190.0
192.5
190.0
0.0
192.5
190.0
190.0
192.5
190.0
0.0
192.5
190.0
190.0
192.5
190.0
0.0
192.5
0.0
192.5
190.0
190.0
192.5
190.0
0.0
192.5
0.0
192.5
0.0
192.5
190.0
190.0
192.5
190.0
0.0
192.5
190.0
190.0
192.5
190.0
0.0
192.5
190.0
190.0
192.5
190.0
0.0
192.5
190.0
190.0
192.5
190.0
0.0
192.5
190.0
190.0
192.5
190.0
0.0
192.5
190.0
190.0
192.5
190.0
0.0
192.5
190.0
190.0
192.5
190.0
0.0
192.5
190.0
190.0
192.5
190.0
0.0
192.5
190.0
190.0
192.5
0.0
192.5
190.0
187.5
190.0
0.0
192.5
192.5
190.0
190.0
0.0
192.5
190.0
190.0
192.5
190.0
0.0
192.5
190.0
190.0
192.5
190.0
0.0
192.5
190.0
190.0
192.5
190.0
0.0
192.5
190.0
190.0
192.5
190.0
0.0
192.5
190.0
190.0
192.5
190.0
0.0
192.5
190.0
190.0
192.5
190.0
0.0
192.5
190.0
110.0
112.5
110.0
0.0
192.5
190.0
110.0
112.5
110.0
0.0
192.5
190.0
110.0
112.5
110.0
0.0
192.5
0.0
192.5
0.0
192.5
0.0
107.5
107.5
105.0
107.5
107.5
0.0
107.5
0.0
107.5
0.0
107.5
0.0
107.5
0.0
107.5
107.5
105.0
107.5
107.5
0.0
107.5
107.5
0.0
107.5
107.5
0.0
107.5
0.0
107.5
107.5
0.0
107.5
0.0
107.5
107.5
105.0
0.0
107.5
107.5
105.0
0.0
107.5
107.5
0.0
107.5
0.0
107.5
0.0
107.5
107.5
0.0
107.5
107.5
0.0
107.5
107.5
0.0
107.5
107.5
105.0
107.5
107.5
0.0
107.5
0.0
107.5
107.5
105.0
107.5
107.5
0.0
107.5
107.5
105.0
107.5
107.5
0.0
107.5
107.5
105.0
107.5
107.5
0.0
107.5
107.5
105.0
107.5
107.5
0.0
107.5
0.0
107.5
0.0
107.5
0.0
107.5
107.5
105.0
107.5
107.5
0.0
107.5
0.0
107.5
0.0
107.5
0.0
107.5
0.0
107.5
0.0
107.5
0.0
107.5
0.0
107.5
0.0
107.5
0.0
107.5
0.0
107.5
0.0
107.5
0.0
107.5
0.0
107.5
0.0
107.5
107.5
395.0
375.0
450.0
0.0
107.5
107.5
395.0
375.0
450.0
0.0
107.5
107.5
395.0
375.0
450.0
0.0
107.5
107.5
395.0
375.0
450.0
0.0
107.5
107.5
395.0
375.0
0.0
107.5
107.5
395.0
375.0
450.0
0.0
107.5
107.5
395.0
375.0
450.0
0.0
107.5
107.5
395.0
375.0
0.0
107.5
107.5
395.0
375.0
450.0
0.0
107.5
0.0
107.5
107.5
395.0
375.0
0.0
107.5
107.5
395.0
375.0
450.0
0.0
107.5
107.5
400.0
252.5
402.5
0.0
112.5
110.0
110.0
112.5
110.0
0.0
112.5
110.0
110.0
112.5
110.0
0.0
112.5
110.0
110.0
112.5
110.0
0.0
112.5
110.0
110.0
112.5
110.0
0.0
192.5
190.0
105.0
172.5
92.5
0.0
192.5
190.0
110.0
112.5
110.0
0.0
192.5
190.0
110.0
112.5
110.0
0.0
192.5
190.0
110.0
112.5
110.0
0.0
192.5
190.0
110.0
112.5
110.0
0.0
192.5
190.0
110.0
112.5
110.0
0.0
192.5
190.0
110.0
112.5
110.0
0.0
192.5
190.0
110.0
112.5
110.0
0.0
192.5
190.0
110.0
112.5
110.0
0.0
192.5
190.0
110.0
112.5
110.0
0.0
192.5
190.0
110.0
112.5
110.0
0.0
192.5
190.0
110.0
112.5
110.0
0.0
192.5
190.0
110.0
112.5
110.0
0.0
192.5
190.0
110.0
112.5
110.0
0.0
192.5
190.0
110.0
112.5
110.0
0.0
192.5
190.0
190.0
192.5
190.0
0.0
192.5
190.0
110.0
112.5
110.0
0.0
192.5
190.0
110.0
112.5
110.0
0.0
192.5
190.0
110.0
112.5
110.0
0.0
192.5
190.0
110.0
112.5
110.0
0.0
192.5
190.0
110.0
112.5
110.0
0.0
192.5
190.0
190.0
112.5
0.0
192.5
0.0
192.5
190.0
110.0
110.0
0.0
192.5
192.5
190.0
110.0
0.0
165.0
290.0
230.0
165.0
0.0
192.5
192.5
190.0
190.0
0.0
192.5
192.5
190.0
190.0
0.0
192.5
192.5
190.0
190.0
0.0
192.5
192.5
190.0
190.0
0.0
192.5
192.5
190.0
190.0
0.0
192.5
192.5
190.0
190.0
0.0
192.5
192.5
190.0
190.0
0.0
192.5
192.5
190.0
190.0
0.0
192.5
192.5
190.0
190.0
0.0
192.5
192.5
190.0
190.0
0.0
192.5
192.5
190.0
190.0
0.0
0.0
107.5
0.0
0.0
0.0
0.0
0.0
0.0
0.0
0.0
192.5
0.0
192.5
190.0
187.5
190.0
0.0
0.0
107.5
