0.0
225.0
152.5
152.5
97.5
0.0
0.0
0.0
0.0
0.0
0.0
0.0
0.0
0.0
0.0
0.0
0.0
590.0
590.0
585.0
455.0
0.0
220.0
220.0
222.5
177.5
0.0
0.0
0.0
0.0
0.0
0.0
0.0
0.0
0.0
0.0
275.0
0.0
0.0
0.0
470.0
320.0
180.0
110.0
0.0
117.5
262.5
262.5
222.5
0.0
225.0
195.0
120.0
260.0
0.0
257.5
257.5
257.5
187.5
0.0
257.5
257.5
257.5
187.5
0.0
257.5
257.5
257.5
187.5
0.0
257.5
257.5
257.5
187.5
0.0
257.5
257.5
257.5
187.5
0.0
257.5
257.5
257.5
187.5
0.0
257.5
257.5
257.5
187.5
0.0
257.5
257.5
257.5
187.5
0.0
257.5
257.5
257.5
187.5
0.0
257.5
257.5
257.5
187.5
0.0
257.5
257.5
257.5
187.5
0.0
0.0
0.0
0.0
0.0
0.0
0.0
0.0
0.0
0.0
