0.0
137.5
140.0
142.5
57.5
0.0
0.0
0.0
0.0
0.0
0.0
0.0
0.0
0.0
0.0
0.0
0.0
0.0
0.0
0.0
0.0
0.0
0.0
0.0
0.0
0.0
0.0
0.0
0.0
0.0
0.0
0.0
0.0
0.0
0.0
0.0
0.0
0.0
0.0
0.0
0.0
0.0
0.0
0.0
0.0
0.0
0.0
0.0
0.0
0.0
0.0
0.0
0.0
0.0
0.0
0.0
0.0
0.0
0.0
0.0
0.0
0.0
0.0
0.0
0.0
0.0
0.0
0.0
0.0
0.0
0.0
0.0
0.0
0.0
0.0
0.0
0.0
0.0
0.0
0.0
0.0
0.0
0.0
0.0
0.0
0.0
0.0
0.0
0.0
0.0
0.0
0.0
0.0
0.0
0.0
0.0
0.0
0.0
0.0
0.0
0.0
0.0
0.0
0.0
0.0
0.0
0.0
0.0
0.0
0.0
0.0
0.0
0.0
0.0
0.0
0.0
0.0
0.0
0.0
0.0
0.0
175.0
140.0
142.5
57.5
0.0
175.0
140.0
142.5
57.5
0.0
0.0
0.0
0.0
0.0
0.0
0.0
0.0
0.0
0.0
0.0
0.0
0.0
0.0
0.0
0.0
0.0
0.0
0.0
0.0
0.0
0.0
0.0
0.0
0.0
0.0
0.0
0.0
0.0
0.0
0.0
0.0
0.0
0.0
0.0
0.0
0.0
0.0
0.0
0.0
0.0
0.0
0.0
0.0
0.0
0.0
0.0
0.0
0.0
0.0
0.0
0.0
0.0
0.0
0.0
0.0
0.0
0.0
0.0
315.0
150.0
320.0
150.0
0.0
0.0
0.0
0.0
0.0
0.0
315.0
150.0
320.0
150.0
0.0
0.0
0.0
0.0
0.0
0.0
0.0
0.0
0.0
0.0
315.0
0.0
0.0
315.0
0.0
0.0
0.0
0.0
0.0
0.0
0.0
75.0
65.0
0.0
75.0
65.0
0.0
75.0
75.0
70.0
70.0
70.0
0.0
0.0
75.0
75.0
70.0
70.0
70.0
0.0
145.0
145.0
145.0
145.0
150.0
0.0
145.0
145.0
145.0
145.0
150.0
0.0
145.0
145.0
145.0
145.0
150.0
0.0
0.0
0.0
0.0
145.0
145.0
145.0
145.0
150.0
0.0
0.0
0.0
0.0
0.0
0.0
0.0
0.0
0.0
0.0
0.0
0.0
0.0
0.0
0.0
0.0
0.0
225.0
55.0
165.0
0.0
0.0
0.0
225.0
55.0
165.0
0.0
0.0
0.0
225.0
55.0
0.0
0.0
0.0
225.0
55.0
165.0
0.0
0.0
0.0
225.0
0.0
0.0
0.0
225.0
55.0
0.0
0.0
0.0
225.0
55.0
0.0
0.0
0.0
225.0
0.0
0.0
0.0
225.0
55.0
165.0
0.0
0.0
0.0
0.0
225.0
0.0
0.0
0.0
225.0
55.0
165.0
0.0
0.0
0.0
165.0
0.0
50.0
0.0
0.0
0.0
0.0
0.0
0.0
0.0
0.0
0.0
0.0
0.0
0.0
0.0
0.0
0.0
0.0
0.0
0.0
0.0
0.0
0.0
0.0
0.0
0.0
0.0
0.0
0.0
0.0
0.0
0.0
0.0
0.0
0.0
0.0
0.0
0.0
0.0
0.0
0.0
0.0
0.0
0.0
0.0
0.0
0.0
0.0
0.0
0.0
0.0
0.0
0.0
0.0
0.0
0.0
0.0
0.0
0.0
0.0
0.0
0.0
0.0
0.0
0.0
0.0
0.0
0.0
0.0
0.0
0.0
0.0
0.0
0.0
0.0
0.0
0.0
0.0
0.0
0.0
0.0
0.0
0.0
0.0
0.0
0.0
0.0
0.0
0.0
0.0
0.0
0.0
0.0
0.0
0.0
0.0
0.0
0.0
0.0
0.0
0.0
0.0
0.0
0.0
0.0
0.0
0.0
0.0
0.0
0.0
0.0
0.0
0.0
0.0
0.0
0.0
0.0
0.0
0.0
0.0
0.0
0.0
0.0
0.0
0.0
0.0
0.0
0.0
0.0
0.0
0.0
0.0
0.0
0.0
0.0
0.0
0.0
0.0
0.0
0.0
0.0
0.0
0.0
0.0
0.0
0.0
0.0
0.0
0.0
0.0
0.0
0.0
0.0
0.0
0.0
525.0
370.0
0.0
0.0
0.0
175.0
177.5
100.0
30.0
0.0
175.0
177.5
180.0
30.0
0.0
150.0
362.5
305.0
80.0
0.0
175.0
177.5
180.0
80.0
0.0
175.0
177.5
180.0
80.0
0.0
175.0
177.5
180.0
80.0
0.0
175.0
177.5
180.0
80.0
0.0
175.0
177.5
180.0
80.0
0.0
175.0
177.5
180.0
80.0
0.0
175.0
177.5
180.0
80.0
0.0
175.0
177.5
180.0
80.0
0.0
175.0
177.5
180.0
80.0
0.0
175.0
177.5
180.0
80.0
0.0
175.0
177.5
180.0
80.0
0.0
0.0
0.0
0.0
0.0
175.0
177.5
180.0
80.0
0.0
