0.0
225.0
152.5
152.5
82.5
0.0
0.0
0.0
0.0
0.0
0.0
0.0
0.0
0.0
0.0
0.0
0.0
0.0
0.0
0.0
0.0
0.0
0.0
0.0
0.0
0.0
0.0
0.0
0.0
0.0
0.0
0.0
0.0
0.0
0.0
0.0
0.0
0.0
0.0
0.0
0.0
0.0
0.0
0.0
0.0
0.0
0.0
0.0
0.0
0.0
0.0
0.0
0.0
0.0
0.0
0.0
0.0
0.0
0.0
0.0
0.0
0.0
0.0
0.0
0.0
0.0
0.0
0.0
0.0
0.0
0.0
0.0
0.0
0.0
0.0
0.0
0.0
0.0
0.0
0.0
0.0
0.0
0.0
0.0
0.0
0.0
0.0
0.0
0.0
0.0
0.0
0.0
0.0
0.0
0.0
0.0
0.0
0.0
0.0
0.0
0.0
0.0
0.0
0.0
0.0
0.0
0.0
0.0
0.0
0.0
0.0
0.0
0.0
0.0
0.0
0.0
0.0
0.0
0.0
0.0
0.0
155.0
152.5
150.0
87.5
0.0
185.0
185.0
185.0
105.0
0.0
0.0
0.0
0.0
0.0
0.0
0.0
0.0
0.0
0.0
0.0
0.0
0.0
0.0
0.0
0.0
0.0
0.0
0.0
0.0
0.0
0.0
0.0
0.0
0.0
0.0
0.0
0.0
0.0
0.0
0.0
0.0
0.0
0.0
0.0
0.0
0.0
0.0
0.0
0.0
0.0
0.0
0.0
0.0
0.0
0.0
0.0
0.0
0.0
0.0
0.0
0.0
0.0
0.0
0.0
0.0
0.0
0.0
0.0
240.0
70.0
330.0
160.0
0.0
0.0
0.0
0.0
0.0
0.0
240.0
70.0
330.0
160.0
0.0
0.0
0.0
0.0
0.0
0.0
0.0
0.0
0.0
0.0
240.0
0.0
0.0
240.0
0.0
0.0
0.0
0.0
0.0
0.0
0.0
160.0
155.0
0.0
160.0
155.0
0.0
160.0
155.0
160.0
160.0
160.0
0.0
0.0
160.0
155.0
160.0
160.0
160.0
0.0
65.0
65.0
65.0
65.0
60.0
0.0
65.0
65.0
65.0
65.0
60.0
0.0
65.0
65.0
65.0
65.0
60.0
0.0
0.0
0.0
0.0
65.0
65.0
65.0
65.0
60.0
0.0
0.0
0.0
0.0
0.0
0.0
0.0
0.0
0.0
0.0
0.0
0.0
0.0
0.0
0.0
0.0
0.0
330.0
160.0
220.0
0.0
0.0
0.0
330.0
160.0
220.0
0.0
0.0
0.0
330.0
160.0
0.0
0.0
0.0
330.0
160.0
220.0
0.0
0.0
0.0
330.0
0.0
0.0
0.0
330.0
160.0
0.0
0.0
0.0
330.0
160.0
0.0
0.0
0.0
330.0
0.0
0.0
0.0
330.0
160.0
220.0
0.0
0.0
0.0
0.0
330.0
0.0
0.0
0.0
330.0
160.0
220.0
0.0
0.0
0.0
0.0
0.0
50.0
0.0
0.0
0.0
0.0
0.0
0.0
0.0
0.0
0.0
0.0
0.0
0.0
0.0
0.0
0.0
0.0
0.0
0.0
0.0
0.0
0.0
0.0
0.0
0.0
0.0
0.0
0.0
0.0
0.0
0.0
0.0
0.0
0.0
0.0
0.0
0.0
0.0
0.0
0.0
0.0
0.0
0.0
0.0
0.0
0.0
0.0
0.0
0.0
0.0
0.0
0.0
0.0
0.0
0.0
0.0
0.0
0.0
0.0
0.0
0.0
0.0
0.0
0.0
0.0
0.0
0.0
0.0
0.0
0.0
0.0
0.0
0.0
0.0
0.0
0.0
0.0
0.0
0.0
0.0
0.0
0.0
0.0
0.0
0.0
0.0
0.0
0.0
0.0
0.0
0.0
0.0
0.0
0.0
0.0
0.0
0.0
0.0
0.0
0.0
0.0
0.0
0.0
0.0
0.0
0.0
0.0
0.0
0.0
0.0
0.0
0.0
0.0
0.0
0.0
0.0
0.0
0.0
0.0
0.0
0.0
0.0
0.0
0.0
0.0
0.0
0.0
0.0
0.0
0.0
0.0
0.0
0.0
0.0
0.0
0.0
0.0
0.0
0.0
0.0
0.0
0.0
0.0
0.0
0.0
0.0
0.0
0.0
0.0
0.0
0.0
0.0
0.0
0.0
470.0
310.0
0.0
0.0
0.0
155.0
152.5
150.0
87.5
0.0
122.5
122.5
120.0
50.0
0.0
225.0
195.0
120.0
490.0
0.0
257.5
257.5
257.5
172.5
0.0
257.5
257.5
257.5
172.5
0.0
257.5
257.5
257.5
172.5
0.0
257.5
257.5
257.5
172.5
0.0
257.5
257.5
257.5
172.5
0.0
257.5
257.5
257.5
172.5
0.0
257.5
257.5
257.5
172.5
0.0
257.5
257.5
257.5
172.5
0.0
257.5
257.5
257.5
172.5
0.0
257.5
257.5
257.5
172.5
0.0
257.5
257.5
257.5
172.5
0.0
0.0
0.0
0.0
0.0
155.0
152.5
150.0
87.5
0.0
