0.0
205.0
207.5
210.0
210.0
0.0
205.0
207.5
210.0
210.0
170.0
0.0
205.0
207.5
210.0
210.0
170.0
0.0
205.0
207.5
210.0
210.0
170.0
0.0
205.0
207.5
210.0
210.0
170.0
0.0
205.0
207.5
210.0
210.0
170.0
0.0
205.0
207.5
210.0
210.0
170.0
0.0
205.0
207.5
210.0
210.0
170.0
0.0
205.0
207.5
210.0
210.0
170.0
0.0
170.0
172.5
175.0
175.0
135.0
0.0
205.0
0.0
205.0
207.5
210.0
210.0
170.0
0.0
205.0
0.0
205.0
0.0
205.0
207.5
210.0
210.0
170.0
0.0
205.0
207.5
210.0
210.0
170.0
0.0
205.0
207.5
210.0
210.0
170.0
0.0
205.0
207.5
210.0
210.0
170.0
0.0
170.0
172.5
175.0
175.0
135.0
0.0
170.0
172.5
175.0
175.0
135.0
0.0
170.0
172.5
175.0
175.0
135.0
0.0
170.0
172.5
175.0
175.0
135.0
0.0
170.0
172.5
142.5
142.5
0.0
170.0
172.5
175.0
90.0
0.0
170.0
172.5
175.0
175.0
0.0
170.0
172.5
175.0
175.0
135.0
0.0
170.0
172.5
175.0
175.0
135.0
0.0
170.0
172.5
175.0
175.0
135.0
0.0
170.0
172.5
175.0
175.0
135.0
0.0
170.0
172.5
175.0
175.0
135.0
0.0
170.0
172.5
175.0
175.0
135.0
0.0
242.5
165.0
167.5
167.5
120.0
0.0
170.0
172.5
137.5
137.5
105.0
0.0
170.0
172.5
137.5
292.5
105.0
0.0
0.0
170.0
0.0
0.0
205.0
127.5
295.0
130.0
260.0
0.0
205.0
0.0
0.0
205.0
0.0
205.0
0.0
205.0
127.5
295.0
130.0
260.0
0.0
205.0
127.5
0.0
205.0
127.5
0.0
205.0
0.0
205.0
127.5
0.0
205.0
0.0
205.0
127.5
295.0
0.0
205.0
127.5
295.0
0.0
205.0
127.5
0.0
205.0
0.0
205.0
0.0
205.0
127.5
0.0
242.5
240.0
0.0
242.5
240.0
0.0
242.5
245.0
247.5
247.5
200.0
0.0
0.0
242.5
245.0
247.5
247.5
200.0
0.0
242.5
245.0
247.5
247.5
200.0
0.0
242.5
245.0
247.5
247.5
200.0
0.0
242.5
245.0
247.5
247.5
200.0
0.0
242.5
0.0
0.0
0.0
242.5
245.0
247.5
247.5
200.0
0.0
242.5
0.0
0.0
0.0
0.0
0.0
0.0
0.0
0.0
0.0
242.5
0.0
0.0
115.0
0.0
115.0
0.0
115.0
0.0
115.0
192.5
117.5
117.5
175.0
0.0
115.0
192.5
117.5
117.5
175.0
0.0
115.0
192.5
117.5
117.5
175.0
0.0
115.0
192.5
117.5
117.5
175.0
0.0
115.0
192.5
117.5
117.5
0.0
115.0
192.5
117.5
117.5
175.0
0.0
115.0
192.5
117.5
117.5
175.0
0.0
115.0
192.5
117.5
117.5
0.0
115.0
192.5
117.5
117.5
175.0
0.0
115.0
0.0
115.0
192.5
117.5
117.5
0.0
115.0
192.5
117.5
117.5
175.0
0.0
115.0
192.5
117.5
187.5
110.0
0.0
115.0
192.5
117.5
177.5
75.0
0.0
115.0
192.5
150.0
225.0
150.0
0.0
115.0
192.5
150.0
225.0
150.0
0.0
115.0
192.5
150.0
220.0
150.0
0.0
115.0
192.5
150.0
220.0
150.0
0.0
115.0
182.5
145.0
215.0
145.0
0.0
115.0
192.5
155.0
445.0
285.0
0.0
115.0
182.5
145.0
305.0
145.0
0.0
115.0
182.5
145.0
305.0
145.0
0.0
115.0
182.5
145.0
305.0
145.0
0.0
115.0
182.5
145.0
305.0
145.0
0.0
115.0
182.5
145.0
305.0
145.0
0.0
115.0
182.5
145.0
305.0
145.0
0.0
115.0
412.5
262.5
412.5
240.0
0.0
115.0
412.5
262.5
417.5
255.0
0.0
115.0
412.5
262.5
412.5
255.0
0.0
115.0
417.5
267.5
412.5
260.0
0.0
115.0
417.5
267.5
412.5
260.0
0.0
115.0
417.5
267.5
412.5
260.0
0.0
115.0
417.5
267.5
412.5
260.0
0.0
115.0
417.5
267.5
412.5
260.0
0.0
115.0
417.5
267.5
412.5
260.0
0.0
115.0
417.5
267.5
412.5
260.0
0.0
115.0
417.5
267.5
412.5
260.0
0.0
115.0
417.5
267.5
412.5
260.0
0.0
115.0
417.5
267.5
412.5
0.0
0.0
0.0
115.0
407.5
262.5
342.5
0.0
115.0
417.5
267.5
417.5
0.0
212.5
142.5
117.5
312.5
0.0
242.5
245.0
247.5
247.5
0.0
242.5
245.0
247.5
247.5
0.0
242.5
245.0
247.5
247.5
0.0
242.5
245.0
247.5
247.5
0.0
242.5
245.0
247.5
247.5
0.0
242.5
245.0
247.5
247.5
0.0
242.5
245.0
247.5
247.5
0.0
242.5
245.0
247.5
247.5
0.0
242.5
245.0
247.5
247.5
0.0
242.5
245.0
247.5
247.5
0.0
242.5
245.0
247.5
247.5
0.0
0.0
165.0
0.0
0.0
0.0
242.5
245.0
247.5
162.5
0.0
165.0
