0.0
182.5
182.5
182.5
137.5
0.0
0.0
0.0
0.0
0.0
0.0
0.0
0.0
0.0
0.0
0.0
0.0
635.0
635.0
635.0
585.0
0.0
147.5
147.5
145.0
75.0
0.0
0.0
0.0
0.0
0.0
0.0
0.0
0.0
0.0
740.0
600.0
0.0
0.0
0.0
395.0
245.0
105.0
105.0
0.0
122.5
122.5
120.0
65.0
0.0
147.5
122.5
315.0
65.0
0.0
220.0
220.0
217.5
147.5
0.0
220.0
220.0
217.5
147.5
0.0
220.0
220.0
217.5
147.5
0.0
220.0
220.0
217.5
147.5
0.0
220.0
220.0
217.5
147.5
0.0
220.0
220.0
217.5
147.5
0.0
220.0
220.0
217.5
147.5
0.0
220.0
220.0
217.5
147.5
0.0
220.0
220.0
217.5
147.5
0.0
220.0
220.0
217.5
147.5
0.0
220.0
220.0
217.5
147.5
0.0
0.0
0.0
0.0
0.0
0.0
0.0
0.0
0.0
0.0
