0.0
205.0
207.5
210.0
210.0
0.0
0.0
0.0
0.0
0.0
0.0
0.0
0.0
0.0
0.0
0.0
0.0
0.0
0.0
0.0
0.0
0.0
0.0
0.0
0.0
0.0
0.0
0.0
0.0
0.0
0.0
0.0
0.0
0.0
0.0
0.0
0.0
0.0
0.0
0.0
0.0
0.0
0.0
0.0
0.0
0.0
0.0
0.0
0.0
0.0
0.0
0.0
0.0
0.0
0.0
0.0
0.0
0.0
0.0
0.0
0.0
0.0
0.0
0.0
0.0
0.0
0.0
0.0
0.0
0.0
0.0
0.0
0.0
0.0
0.0
0.0
0.0
0.0
0.0
0.0
0.0
0.0
0.0
0.0
0.0
0.0
0.0
0.0
0.0
0.0
0.0
0.0
0.0
0.0
0.0
0.0
0.0
0.0
0.0
0.0
0.0
0.0
0.0
0.0
0.0
0.0
0.0
0.0
0.0
0.0
0.0
0.0
0.0
0.0
0.0
0.0
710.0
710.0
710.0
715.0
0.0
217.5
220.0
220.0
155.0
0.0
217.5
220.0
222.5
222.5
0.0
0.0
0.0
0.0
0.0
0.0
0.0
0.0
0.0
0.0
0.0
0.0
0.0
0.0
0.0
0.0
0.0
0.0
0.0
0.0
0.0
0.0
0.0
0.0
0.0
0.0
0.0
0.0
0.0
0.0
0.0
0.0
0.0
0.0
0.0
0.0
0.0
0.0
0.0
0.0
315.0
160.0
0.0
0.0
0.0
0.0
380.0
210.0
0.0
0.0
0.0
530.0
385.0
210.0
0.0
0.0
0.0
0.0
0.0
235.0
170.0
0.0
495.0
0.0
0.0
0.0
0.0
0.0
0.0
235.0
170.0
0.0
495.0
0.0
0.0
0.0
0.0
0.0
0.0
0.0
0.0
0.0
0.0
235.0
0.0
0.0
235.0
0.0
0.0
0.0
0.0
0.0
0.0
0.0
160.0
150.0
0.0
160.0
150.0
0.0
160.0
160.0
160.0
160.0
160.0
0.0
0.0
160.0
160.0
160.0
160.0
160.0
0.0
170.0
170.0
165.0
165.0
165.0
0.0
170.0
170.0
165.0
165.0
165.0
0.0
170.0
170.0
165.0
165.0
165.0
0.0
0.0
0.0
0.0
170.0
170.0
165.0
165.0
165.0
0.0
0.0
0.0
0.0
0.0
0.0
0.0
0.0
0.0
0.0
0.0
0.0
0.0
0.0
0.0
0.0
240.0
70.0
230.0
160.0
0.0
0.0
240.0
70.0
230.0
160.0
0.0
0.0
240.0
70.0
230.0
0.0
0.0
240.0
70.0
230.0
160.0
0.0
0.0
240.0
70.0
0.0
0.0
240.0
70.0
230.0
0.0
0.0
240.0
70.0
230.0
0.0
0.0
240.0
70.0
0.0
0.0
240.0
70.0
230.0
160.0
0.0
0.0
0.0
240.0
70.0
0.0
0.0
240.0
70.0
230.0
160.0
0.0
0.0
240.0
165.0
0.0
170.0
0.0
0.0
325.0
160.0
330.0
0.0
0.0
0.0
310.0
230.0
70.0
215.0
0.0
0.0
225.0
55.0
55.0
190.0
0.0
0.0
0.0
470.0
310.0
310.0
0.0
0.0
0.0
385.0
225.0
220.0
0.0
0.0
0.0
470.0
310.0
310.0
0.0
0.0
0.0
380.0
220.0
350.0
0.0
0.0
0.0
470.0
310.0
210.0
0.0
0.0
0.0
470.0
320.0
30.0
0.0
0.0
0.0
470.0
320.0
30.0
0.0
0.0
0.0
535.0
375.0
210.0
0.0
0.0
0.0
0.0
315.0
160.0
0.0
0.0
0.0
0.0
320.0
160.0
0.0
0.0
0.0
0.0
320.0
60.0
0.0
0.0
0.0
0.0
0.0
495.0
0.0
0.0
0.0
0.0
0.0
320.0
0.0
0.0
0.0
0.0
0.0
320.0
0.0
0.0
0.0
0.0
0.0
320.0
0.0
0.0
0.0
0.0
0.0
320.0
0.0
0.0
0.0
0.0
0.0
0.0
0.0
0.0
0.0
0.0
0.0
320.0
0.0
0.0
0.0
0.0
0.0
320.0
0.0
0.0
0.0
0.0
0.0
320.0
0.0
0.0
0.0
0.0
0.0
320.0
0.0
0.0
0.0
0.0
0.0
320.0
0.0
470.0
320.0
180.0
180.0
0.0
0.0
0.0
115.0
407.5
260.0
320.0
0.0
115.0
192.5
107.5
272.5
0.0
212.5
142.5
117.5
612.5
0.0
242.5
245.0
247.5
247.5
0.0
242.5
245.0
247.5
247.5
0.0
242.5
245.0
247.5
247.5
0.0
242.5
245.0
247.5
247.5
0.0
242.5
245.0
247.5
247.5
0.0
242.5
245.0
247.5
247.5
0.0
242.5
245.0
247.5
247.5
0.0
242.5
245.0
247.5
247.5
0.0
242.5
245.0
247.5
247.5
0.0
242.5
245.0
247.5
247.5
0.0
242.5
245.0
247.5
247.5
0.0
0.0
0.0
0.0
0.0
242.5
245.0
245.0
155.0
0.0
