0.0
195.0
197.5
195.0
150.0
0.0
0.0
0.0
0.0
0.0
0.0
0.0
0.0
0.0
0.0
0.0
0.0
0.0
0.0
0.0
0.0
0.0
0.0
0.0
0.0
0.0
0.0
0.0
0.0
0.0
0.0
0.0
0.0
0.0
0.0
0.0
0.0
0.0
0.0
0.0
0.0
0.0
0.0
0.0
0.0
0.0
0.0
0.0
0.0
0.0
0.0
0.0
0.0
0.0
0.0
0.0
0.0
0.0
0.0
0.0
0.0
0.0
0.0
0.0
0.0
0.0
0.0
0.0
0.0
0.0
0.0
0.0
0.0
0.0
0.0
0.0
0.0
0.0
0.0
0.0
0.0
0.0
0.0
0.0
0.0
0.0
0.0
0.0
0.0
0.0
0.0
0.0
0.0
0.0
0.0
0.0
0.0
0.0
0.0
0.0
0.0
0.0
0.0
0.0
0.0
0.0
0.0
0.0
0.0
0.0
0.0
0.0
0.0
0.0
0.0
0.0
0.0
0.0
0.0
0.0
0.0
195.0
195.0
195.0
137.5
0.0
195.0
197.5
195.0
150.0
0.0
0.0
0.0
0.0
0.0
0.0
0.0
0.0
0.0
0.0
0.0
0.0
0.0
0.0
0.0
0.0
0.0
0.0
0.0
0.0
0.0
0.0
0.0
0.0
0.0
0.0
0.0
0.0
0.0
0.0
0.0
0.0
0.0
0.0
0.0
0.0
0.0
0.0
0.0
0.0
0.0
0.0
0.0
0.0
0.0
0.0
0.0
0.0
0.0
0.0
0.0
0.0
0.0
0.0
0.0
0.0
0.0
0.0
0.0
310.0
230.0
160.0
420.0
0.0
0.0
0.0
0.0
0.0
0.0
310.0
230.0
160.0
420.0
0.0
0.0
0.0
0.0
0.0
0.0
0.0
0.0
0.0
0.0
310.0
0.0
0.0
310.0
0.0
0.0
0.0
0.0
0.0
0.0
0.0
75.0
65.0
0.0
75.0
65.0
0.0
75.0
75.0
70.0
70.0
70.0
0.0
0.0
75.0
75.0
70.0
70.0
70.0
0.0
170.0
170.0
170.0
170.0
165.0
0.0
170.0
170.0
170.0
170.0
165.0
0.0
170.0
170.0
170.0
170.0
165.0
0.0
0.0
0.0
0.0
170.0
170.0
170.0
170.0
165.0
0.0
0.0
0.0
0.0
0.0
0.0
0.0
0.0
0.0
0.0
0.0
0.0
0.0
0.0
0.0
0.0
0.0
325.0
160.0
200.0
0.0
0.0
0.0
325.0
160.0
200.0
0.0
0.0
0.0
325.0
160.0
0.0
0.0
0.0
325.0
160.0
200.0
0.0
0.0
0.0
325.0
0.0
0.0
0.0
325.0
160.0
0.0
0.0
0.0
325.0
160.0
0.0
0.0
0.0
325.0
0.0
0.0
0.0
325.0
160.0
200.0
0.0
0.0
0.0
0.0
325.0
0.0
0.0
0.0
325.0
160.0
200.0
0.0
0.0
0.0
325.0
160.0
190.0
0.0
0.0
0.0
0.0
0.0
0.0
0.0
0.0
0.0
0.0
0.0
0.0
0.0
0.0
0.0
0.0
0.0
0.0
0.0
0.0
0.0
0.0
0.0
0.0
0.0
0.0
0.0
0.0
0.0
0.0
0.0
0.0
0.0
0.0
0.0
0.0
0.0
0.0
0.0
0.0
0.0
0.0
0.0
0.0
0.0
0.0
0.0
0.0
0.0
0.0
0.0
0.0
0.0
0.0
0.0
0.0
0.0
0.0
0.0
0.0
0.0
0.0
0.0
0.0
0.0
0.0
0.0
0.0
0.0
0.0
0.0
0.0
0.0
0.0
0.0
0.0
0.0
0.0
0.0
0.0
0.0
0.0
0.0
0.0
0.0
0.0
0.0
0.0
0.0
0.0
0.0
0.0
0.0
0.0
0.0
0.0
0.0
0.0
0.0
0.0
0.0
0.0
0.0
0.0
0.0
0.0
0.0
0.0
0.0
0.0
0.0
0.0
0.0
0.0
0.0
0.0
0.0
0.0
0.0
0.0
0.0
0.0
0.0
0.0
0.0
0.0
0.0
0.0
0.0
0.0
0.0
0.0
0.0
0.0
0.0
0.0
0.0
0.0
0.0
0.0
0.0
0.0
0.0
0.0
0.0
0.0
0.0
0.0
0.0
0.0
0.0
0.0
50.0
475.0
280.0
0.0
0.0
0.0
227.5
227.5
145.0
102.5
0.0
227.5
230.0
147.5
102.5
0.0
195.0
165.0
215.0
120.0
0.0
227.5
230.0
227.5
182.5
0.0
227.5
230.0
227.5
182.5
0.0
227.5
230.0
227.5
182.5
0.0
227.5
230.0
227.5
182.5
0.0
227.5
230.0
227.5
182.5
0.0
227.5
230.0
227.5
182.5
0.0
227.5
230.0
227.5
182.5
0.0
227.5
230.0
227.5
182.5
0.0
227.5
230.0
227.5
182.5
0.0
227.5
230.0
227.5
182.5
0.0
227.5
230.0
227.5
182.5
0.0
0.0
0.0
0.0
0.0
227.5
227.5
225.0
167.5
0.0
