0.0
225.0
152.5
150.0
92.5
0.0
0.0
0.0
0.0
0.0
0.0
0.0
0.0
0.0
0.0
0.0
0.0
0.0
0.0
0.0
0.0
0.0
0.0
0.0
0.0
0.0
0.0
0.0
0.0
0.0
0.0
0.0
0.0
0.0
0.0
0.0
0.0
0.0
0.0
0.0
0.0
0.0
0.0
0.0
0.0
0.0
0.0
0.0
0.0
0.0
0.0
0.0
0.0
0.0
0.0
0.0
0.0
0.0
0.0
0.0
0.0
0.0
0.0
0.0
0.0
0.0
0.0
0.0
0.0
0.0
0.0
0.0
0.0
0.0
0.0
0.0
0.0
0.0
0.0
0.0
0.0
0.0
0.0
0.0
0.0
0.0
0.0
0.0
0.0
0.0
0.0
0.0
0.0
0.0
0.0
0.0
0.0
0.0
0.0
0.0
0.0
0.0
0.0
0.0
0.0
0.0
0.0
0.0
0.0
0.0
0.0
0.0
0.0
0.0
0.0
0.0
0.0
515.0
515.0
525.0
0.0
185.0
182.5
180.0
95.0
0.0
185.0
185.0
150.0
92.5
0.0
0.0
0.0
0.0
0.0
0.0
0.0
0.0
0.0
0.0
0.0
0.0
0.0
0.0
0.0
0.0
0.0
0.0
0.0
0.0
0.0
0.0
0.0
0.0
0.0
0.0
0.0
0.0
0.0
0.0
0.0
0.0
0.0
0.0
0.0
0.0
0.0
0.0
0.0
0.0
0.0
80.0
0.0
0.0
0.0
0.0
0.0
0.0
0.0
0.0
0.0
0.0
315.0
170.0
0.0
0.0
0.0
0.0
0.0
200.0
125.0
50.0
220.0
0.0
0.0
0.0
0.0
0.0
0.0
200.0
125.0
50.0
220.0
0.0
0.0
0.0
0.0
0.0
0.0
0.0
0.0
0.0
0.0
200.0
0.0
0.0
200.0
0.0
0.0
0.0
0.0
0.0
0.0
0.0
170.0
165.0
0.0
170.0
165.0
0.0
170.0
165.0
165.0
170.0
165.0
0.0
0.0
170.0
165.0
165.0
170.0
165.0
0.0
70.0
70.0
70.0
70.0
70.0
0.0
70.0
70.0
70.0
70.0
70.0
0.0
70.0
70.0
70.0
70.0
70.0
0.0
0.0
0.0
0.0
70.0
70.0
70.0
70.0
70.0
0.0
0.0
0.0
0.0
0.0
0.0
0.0
0.0
0.0
0.0
0.0
0.0
0.0
0.0
0.0
0.0
165.0
0.0
170.0
0.0
0.0
0.0
165.0
0.0
170.0
0.0
0.0
0.0
165.0
0.0
170.0
0.0
0.0
165.0
0.0
170.0
0.0
0.0
0.0
165.0
0.0
0.0
0.0
165.0
0.0
170.0
0.0
0.0
165.0
0.0
170.0
0.0
0.0
165.0
0.0
0.0
0.0
165.0
0.0
170.0
0.0
0.0
0.0
0.0
165.0
0.0
0.0
0.0
165.0
0.0
170.0
0.0
0.0
0.0
0.0
330.0
170.0
0.0
0.0
0.0
0.0
330.0
160.0
320.0
0.0
0.0
0.0
665.0
505.0
325.0
0.0
0.0
0.0
455.0
310.0
295.0
0.0
0.0
0.0
0.0
320.0
60.0
0.0
0.0
0.0
0.0
0.0
190.0
0.0
0.0
0.0
0.0
0.0
230.0
0.0
0.0
0.0
0.0
0.0
50.0
0.0
0.0
0.0
0.0
0.0
80.0
0.0
0.0
0.0
0.0
0.0
100.0
0.0
0.0
0.0
0.0
0.0
100.0
0.0
0.0
0.0
0.0
0.0
125.0
0.0
0.0
0.0
0.0
0.0
80.0
0.0
0.0
0.0
0.0
0.0
100.0
0.0
0.0
0.0
0.0
0.0
0.0
0.0
0.0
0.0
0.0
0.0
0.0
0.0
0.0
0.0
0.0
0.0
0.0
0.0
0.0
0.0
0.0
0.0
0.0
0.0
0.0
0.0
0.0
0.0
0.0
0.0
0.0
0.0
0.0
0.0
0.0
0.0
0.0
0.0
0.0
0.0
0.0
0.0
0.0
0.0
0.0
0.0
0.0
0.0
0.0
0.0
0.0
0.0
0.0
0.0
0.0
0.0
0.0
0.0
0.0
0.0
0.0
0.0
0.0
0.0
0.0
0.0
0.0
0.0
0.0
0.0
0.0
0.0
730.0
580.0
430.0
280.0
0.0
0.0
0.0
257.5
255.0
115.0
120.0
0.0
257.5
117.5
180.0
137.5
0.0
225.0
195.0
117.5
255.0
0.0
257.5
257.5
255.0
182.5
0.0
257.5
257.5
255.0
182.5
0.0
257.5
257.5
255.0
182.5
0.0
257.5
257.5
255.0
182.5
0.0
257.5
257.5
255.0
182.5
0.0
257.5
257.5
255.0
182.5
0.0
257.5
257.5
255.0
182.5
0.0
257.5
257.5
255.0
182.5
0.0
257.5
257.5
255.0
182.5
0.0
257.5
257.5
255.0
182.5
0.0
257.5
257.5
255.0
182.5
0.0
0.0
0.0
0.0
0.0
257.5
255.0
252.5
182.5
0.0
