0.0
137.5
140.0
142.5
142.5
0.0
137.5
140.0
142.5
142.5
140.0
0.0
137.5
140.0
142.5
142.5
140.0
0.0
175.0
177.5
142.5
142.5
140.0
0.0
175.0
177.5
142.5
142.5
140.0
0.0
137.5
140.0
142.5
142.5
140.0
0.0
137.5
140.0
142.5
142.5
140.0
0.0
137.5
140.0
142.5
142.5
140.0
0.0
137.5
140.0
142.5
142.5
140.0
0.0
175.0
177.5
142.5
142.5
140.0
0.0
137.5
0.0
137.5
140.0
142.5
142.5
140.0
0.0
137.5
0.0
137.5
0.0
137.5
140.0
142.5
142.5
140.0
0.0
137.5
140.0
142.5
142.5
140.0
0.0
137.5
140.0
142.5
142.5
140.0
0.0
137.5
140.0
142.5
142.5
140.0
0.0
175.0
177.5
180.0
142.5
140.0
0.0
175.0
177.5
180.0
142.5
140.0
0.0
175.0
177.5
180.0
142.5
140.0
0.0
175.0
177.5
180.0
142.5
140.0
0.0
175.0
177.5
180.0
180.0
0.0
175.0
177.5
142.5
142.5
0.0
175.0
177.5
142.5
142.5
0.0
175.0
177.5
180.0
142.5
140.0
0.0
175.0
177.5
180.0
142.5
140.0
0.0
175.0
177.5
180.0
142.5
140.0
0.0
175.0
177.5
180.0
142.5
140.0
0.0
175.0
177.5
180.0
142.5
140.0
0.0
175.0
177.5
180.0
142.5
140.0
0.0
175.0
97.5
100.0
100.0
95.0
0.0
175.0
97.5
100.0
100.0
95.0
0.0
175.0
97.5
100.0
100.0
95.0
0.0
175.0
0.0
175.0
0.0
175.0
0.0
137.5
60.0
227.5
207.5
50.0
0.0
137.5
0.0
137.5
0.0
137.5
0.0
137.5
0.0
137.5
60.0
227.5
207.5
50.0
0.0
137.5
60.0
0.0
137.5
60.0
0.0
137.5
0.0
137.5
60.0
0.0
137.5
0.0
137.5
60.0
227.5
0.0
137.5
60.0
227.5
0.0
137.5
60.0
0.0
137.5
0.0
137.5
0.0
137.5
60.0
0.0
137.5
140.0
0.0
137.5
140.0
0.0
137.5
140.0
142.5
142.5
140.0
0.0
137.5
0.0
137.5
140.0
142.5
142.5
140.0
0.0
102.5
105.0
105.0
105.0
105.0
0.0
102.5
105.0
105.0
105.0
105.0
0.0
102.5
105.0
105.0
105.0
105.0
0.0
102.5
0.0
102.5
0.0
102.5
0.0
102.5
105.0
105.0
105.0
105.0
0.0
102.5
0.0
102.5
0.0
102.5
0.0
102.5
0.0
102.5
0.0
102.5
0.0
102.5
0.0
102.5
0.0
102.5
0.0
102.5
0.0
102.5
0.0
102.5
0.0
102.5
0.0
102.5
0.0
102.5
105.0
170.0
85.0
250.0
0.0
102.5
105.0
170.0
85.0
250.0
0.0
102.5
105.0
170.0
85.0
250.0
0.0
102.5
105.0
170.0
85.0
250.0
0.0
102.5
105.0
170.0
85.0
0.0
102.5
105.0
170.0
85.0
250.0
0.0
102.5
105.0
170.0
85.0
250.0
0.0
102.5
105.0
170.0
85.0
0.0
102.5
105.0
170.0
85.0
250.0
0.0
102.5
0.0
102.5
105.0
170.0
85.0
0.0
102.5
105.0
170.0
85.0
250.0
0.0
97.5
97.5
100.0
100.0
95.0
0.0
97.5
97.5
100.0
100.0
95.0
0.0
97.5
97.5
100.0
100.0
95.0
0.0
97.5
97.5
100.0
100.0
95.0
0.0
175.0
97.5
100.0
100.0
95.0
0.0
175.0
97.5
100.0
100.0
95.0
0.0
175.0
97.5
100.0
100.0
95.0
0.0
175.0
97.5
100.0
100.0
95.0
0.0
175.0
97.5
100.0
100.0
95.0
0.0
175.0
97.5
100.0
100.0
95.0
0.0
175.0
97.5
100.0
100.0
95.0
0.0
175.0
97.5
100.0
100.0
95.0
0.0
175.0
97.5
100.0
100.0
95.0
0.0
175.0
97.5
100.0
100.0
95.0
0.0
175.0
97.5
100.0
100.0
95.0
0.0
175.0
97.5
100.0
100.0
95.0
0.0
175.0
97.5
100.0
100.0
95.0
0.0
175.0
177.5
100.0
100.0
95.0
0.0
175.0
177.5
100.0
100.0
95.0
0.0
175.0
177.5
180.0
180.0
95.0
0.0
175.0
177.5
180.0
180.0
175.0
0.0
175.0
177.5
100.0
100.0
95.0
0.0
175.0
177.5
100.0
100.0
95.0
0.0
175.0
177.5
100.0
100.0
95.0
0.0
175.0
177.5
100.0
100.0
95.0
0.0
175.0
177.5
100.0
100.0
95.0
0.0
175.0
177.5
100.0
100.0
0.0
175.0
0.0
175.0
177.5
180.0
100.0
0.0
175.0
177.5
100.0
100.0
0.0
150.0
597.5
455.0
305.0
0.0
175.0
177.5
180.0
180.0
0.0
175.0
177.5
180.0
180.0
0.0
175.0
177.5
180.0
180.0
0.0
175.0
177.5
180.0
180.0
0.0
175.0
177.5
180.0
180.0
0.0
175.0
177.5
180.0
180.0
0.0
175.0
177.5
180.0
180.0
0.0
175.0
177.5
180.0
180.0
0.0
175.0
177.5
180.0
180.0
0.0
175.0
177.5
180.0
180.0
0.0
175.0
177.5
180.0
180.0
0.0
0.0
97.5
0.0
0.0
0.0
0.0
0.0
0.0
0.0
0.0
175.0
0.0
175.0
177.5
180.0
180.0
0.0
0.0
97.5
