0.0
205.0
207.5
210.0
155.0
0.0
0.0
0.0
0.0
0.0
0.0
0.0
0.0
0.0
0.0
0.0
0.0
0.0
0.0
0.0
0.0
0.0
0.0
0.0
0.0
0.0
0.0
0.0
0.0
0.0
0.0
0.0
0.0
0.0
0.0
0.0
0.0
0.0
0.0
0.0
0.0
0.0
0.0
0.0
0.0
0.0
0.0
0.0
0.0
0.0
0.0
0.0
0.0
0.0
0.0
0.0
0.0
0.0
0.0
0.0
0.0
0.0
0.0
0.0
0.0
0.0
0.0
0.0
0.0
0.0
0.0
0.0
0.0
0.0
0.0
0.0
0.0
0.0
0.0
0.0
0.0
0.0
0.0
0.0
0.0
0.0
0.0
0.0
0.0
0.0
0.0
0.0
0.0
0.0
0.0
0.0
0.0
0.0
0.0
0.0
0.0
0.0
0.0
0.0
0.0
0.0
0.0
0.0
0.0
0.0
0.0
0.0
0.0
0.0
0.0
0.0
0.0
0.0
0.0
0.0
0.0
730.0
730.0
730.0
730.0
0.0
170.0
172.5
175.0
100.0
0.0
0.0
0.0
0.0
0.0
0.0
0.0
0.0
0.0
0.0
0.0
0.0
0.0
0.0
0.0
0.0
0.0
0.0
0.0
0.0
0.0
0.0
0.0
0.0
0.0
0.0
0.0
0.0
0.0
0.0
0.0
0.0
0.0
0.0
0.0
0.0
0.0
0.0
0.0
0.0
0.0
0.0
0.0
0.0
0.0
0.0
0.0
0.0
0.0
0.0
0.0
0.0
0.0
0.0
0.0
0.0
0.0
0.0
0.0
0.0
0.0
330.0
170.0
0.0
0.0
0.0
0.0
0.0
0.0
0.0
0.0
330.0
170.0
0.0
0.0
0.0
0.0
0.0
0.0
0.0
0.0
0.0
0.0
0.0
0.0
0.0
0.0
0.0
0.0
0.0
0.0
0.0
0.0
0.0
75.0
65.0
0.0
75.0
65.0
0.0
75.0
75.0
75.0
75.0
75.0
0.0
0.0
75.0
75.0
75.0
75.0
75.0
0.0
75.0
75.0
70.0
70.0
70.0
0.0
75.0
75.0
70.0
70.0
70.0
0.0
75.0
75.0
70.0
70.0
70.0
0.0
0.0
0.0
0.0
75.0
75.0
70.0
70.0
70.0
0.0
0.0
0.0
0.0
0.0
0.0
0.0
0.0
0.0
0.0
0.0
0.0
0.0
0.0
0.0
0.0
0.0
170.0
0.0
80.0
0.0
0.0
0.0
170.0
0.0
80.0
0.0
0.0
0.0
170.0
0.0
0.0
0.0
0.0
170.0
0.0
80.0
0.0
0.0
0.0
170.0
0.0
0.0
0.0
170.0
0.0
0.0
0.0
0.0
170.0
0.0
0.0
0.0
0.0
170.0
0.0
0.0
0.0
170.0
0.0
80.0
0.0
0.0
0.0
0.0
170.0
0.0
0.0
0.0
170.0
0.0
80.0
0.0
0.0
0.0
0.0
0.0
80.0
0.0
0.0
0.0
0.0
0.0
0.0
0.0
0.0
0.0
0.0
0.0
0.0
0.0
0.0
0.0
0.0
0.0
0.0
0.0
0.0
0.0
0.0
0.0
0.0
0.0
0.0
0.0
0.0
0.0
0.0
0.0
0.0
0.0
0.0
0.0
0.0
0.0
0.0
0.0
0.0
0.0
0.0
0.0
0.0
0.0
0.0
0.0
0.0
0.0
0.0
0.0
0.0
0.0
0.0
0.0
0.0
0.0
0.0
0.0
0.0
0.0
0.0
0.0
0.0
0.0
0.0
0.0
0.0
0.0
0.0
0.0
0.0
0.0
0.0
0.0
0.0
0.0
0.0
0.0
0.0
0.0
0.0
0.0
0.0
0.0
0.0
0.0
0.0
0.0
0.0
0.0
0.0
0.0
0.0
0.0
0.0
0.0
0.0
0.0
0.0
0.0
0.0
0.0
0.0
0.0
0.0
0.0
0.0
0.0
0.0
0.0
0.0
0.0
0.0
0.0
0.0
0.0
0.0
0.0
0.0
0.0
0.0
0.0
0.0
0.0
0.0
0.0
0.0
0.0
0.0
0.0
0.0
0.0
0.0
0.0
0.0
0.0
0.0
0.0
0.0
0.0
0.0
0.0
0.0
0.0
0.0
0.0
0.0
0.0
0.0
0.0
0.0
0.0
725.0
585.0
0.0
0.0
0.0
550.0
405.0
260.0
115.0
0.0
102.5
400.0
255.0
345.0
0.0
212.5
142.5
117.5
327.5
0.0
242.5
245.0
247.5
172.5
0.0
242.5
245.0
247.5
172.5
0.0
242.5
245.0
247.5
172.5
0.0
242.5
245.0
247.5
172.5
0.0
242.5
245.0
247.5
172.5
0.0
242.5
245.0
247.5
172.5
0.0
242.5
245.0
247.5
172.5
0.0
242.5
245.0
247.5
172.5
0.0
242.5
245.0
247.5
172.5
0.0
242.5
245.0
247.5
172.5
0.0
242.5
245.0
247.5
172.5
0.0
0.0
0.0
0.0
0.0
0.0
0.0
0.0
0.0
0.0
