0.0
182.5
182.5
182.5
137.5
0.0
0.0
0.0
0.0
0.0
0.0
0.0
0.0
0.0
0.0
0.0
0.0
0.0
0.0
0.0
0.0
0.0
0.0
0.0
0.0
0.0
0.0
0.0
0.0
0.0
0.0
0.0
0.0
0.0
0.0
0.0
0.0
0.0
0.0
0.0
0.0
0.0
0.0
0.0
0.0
0.0
0.0
0.0
0.0
0.0
0.0
0.0
0.0
0.0
0.0
0.0
0.0
0.0
0.0
0.0
0.0
0.0
0.0
0.0
0.0
0.0
0.0
0.0
0.0
0.0
0.0
0.0
0.0
0.0
0.0
0.0
0.0
0.0
0.0
0.0
0.0
0.0
0.0
0.0
0.0
0.0
0.0
0.0
0.0
0.0
0.0
0.0
0.0
0.0
0.0
0.0
0.0
0.0
0.0
0.0
0.0
0.0
0.0
0.0
0.0
0.0
0.0
0.0
0.0
0.0
0.0
0.0
0.0
0.0
0.0
0.0
0.0
0.0
0.0
0.0
0.0
147.5
145.0
145.0
75.0
0.0
147.5
147.5
145.0
75.0
0.0
0.0
0.0
0.0
0.0
0.0
0.0
0.0
0.0
0.0
0.0
0.0
0.0
0.0
0.0
0.0
0.0
0.0
0.0
0.0
0.0
0.0
0.0
0.0
0.0
0.0
0.0
0.0
0.0
0.0
0.0
0.0
0.0
0.0
0.0
0.0
0.0
0.0
0.0
0.0
0.0
0.0
0.0
0.0
0.0
0.0
0.0
0.0
0.0
0.0
0.0
0.0
0.0
210.0
0.0
0.0
0.0
0.0
0.0
330.0
170.0
165.0
50.0
0.0
0.0
0.0
0.0
0.0
0.0
330.0
170.0
165.0
50.0
0.0
0.0
0.0
0.0
0.0
0.0
0.0
0.0
0.0
0.0
330.0
0.0
0.0
330.0
0.0
0.0
0.0
0.0
0.0
0.0
0.0
160.0
155.0
0.0
160.0
155.0
0.0
160.0
155.0
160.0
160.0
160.0
0.0
0.0
160.0
155.0
160.0
160.0
160.0
0.0
75.0
75.0
75.0
75.0
70.0
0.0
75.0
75.0
75.0
75.0
70.0
0.0
75.0
75.0
75.0
75.0
70.0
0.0
0.0
0.0
0.0
75.0
75.0
75.0
75.0
70.0
0.0
0.0
0.0
0.0
0.0
0.0
0.0
0.0
0.0
0.0
0.0
0.0
0.0
0.0
0.0
0.0
0.0
325.0
160.0
330.0
0.0
0.0
0.0
325.0
160.0
330.0
0.0
0.0
0.0
325.0
160.0
0.0
0.0
0.0
325.0
160.0
330.0
0.0
0.0
0.0
325.0
0.0
0.0
0.0
325.0
160.0
0.0
0.0
0.0
325.0
160.0
0.0
0.0
0.0
325.0
0.0
0.0
0.0
325.0
160.0
330.0
0.0
0.0
0.0
0.0
325.0
0.0
0.0
0.0
325.0
160.0
330.0
0.0
0.0
0.0
230.0
160.0
220.0
0.0
0.0
0.0
230.0
165.0
0.0
0.0
0.0
0.0
0.0
0.0
0.0
0.0
0.0
0.0
0.0
0.0
50.0
0.0
0.0
0.0
0.0
0.0
0.0
0.0
0.0
0.0
0.0
0.0
0.0
0.0
0.0
0.0
0.0
0.0
0.0
0.0
0.0
0.0
0.0
0.0
0.0
0.0
0.0
0.0
0.0
0.0
0.0
0.0
0.0
0.0
0.0
0.0
0.0
0.0
0.0
0.0
0.0
0.0
0.0
0.0
0.0
0.0
0.0
0.0
0.0
0.0
0.0
0.0
0.0
0.0
0.0
0.0
0.0
0.0
0.0
0.0
0.0
0.0
0.0
0.0
0.0
0.0
0.0
0.0
0.0
0.0
0.0
0.0
0.0
0.0
0.0
0.0
0.0
0.0
0.0
0.0
0.0
0.0
0.0
0.0
0.0
0.0
0.0
0.0
0.0
0.0
0.0
0.0
0.0
0.0
0.0
0.0
0.0
0.0
0.0
0.0
0.0
0.0
0.0
0.0
0.0
0.0
0.0
0.0
0.0
0.0
0.0
0.0
0.0
0.0
0.0
0.0
0.0
0.0
0.0
0.0
0.0
0.0
0.0
0.0
0.0
0.0
0.0
0.0
0.0
0.0
0.0
0.0
0.0
0.0
0.0
660.0
505.0
350.0
0.0
0.0
0.0
110.0
107.5
110.0
65.0
0.0
110.0
110.0
110.0
65.0
0.0
147.5
122.5
315.0
115.0
0.0
220.0
220.0
217.5
147.5
0.0
220.0
220.0
217.5
147.5
0.0
220.0
220.0
217.5
147.5
0.0
220.0
220.0
217.5
147.5
0.0
220.0
220.0
217.5
147.5
0.0
220.0
220.0
217.5
147.5
0.0
220.0
220.0
217.5
147.5
0.0
220.0
220.0
217.5
147.5
0.0
220.0
220.0
217.5
147.5
0.0
220.0
220.0
217.5
147.5
0.0
220.0
220.0
217.5
147.5
0.0
0.0
0.0
0.0
0.0
220.0
217.5
217.5
147.5
0.0
