0.0
205.0
207.5
210.0
155.0
0.0
0.0
0.0
0.0
0.0
0.0
0.0
0.0
0.0
0.0
0.0
0.0
0.0
0.0
0.0
0.0
0.0
170.0
172.5
175.0
72.5
0.0
0.0
0.0
0.0
0.0
0.0
0.0
0.0
0.0
0.0
0.0
0.0
0.0
0.0
415.0
270.0
125.0
45.0
0.0
242.5
245.0
247.5
72.5
0.0
212.5
142.5
117.5
547.5
0.0
242.5
245.0
247.5
177.5
0.0
242.5
245.0
247.5
177.5
0.0
242.5
245.0
247.5
177.5
0.0
242.5
245.0
247.5
177.5
0.0
242.5
245.0
247.5
177.5
0.0
242.5
245.0
247.5
177.5
0.0
242.5
245.0
247.5
177.5
0.0
242.5
245.0
247.5
177.5
0.0
242.5
245.0
247.5
177.5
0.0
242.5
245.0
247.5
177.5
0.0
242.5
245.0
247.5
177.5
0.0
0.0
0.0
0.0
0.0
0.0
0.0
0.0
0.0
0.0
