0.0
192.5
192.5
190.0
115.0
0.0
0.0
0.0
0.0
0.0
0.0
0.0
0.0
0.0
0.0
0.0
0.0
0.0
0.0
0.0
0.0
0.0
0.0
0.0
0.0
0.0
0.0
0.0
0.0
0.0
0.0
0.0
0.0
0.0
0.0
0.0
0.0
0.0
0.0
0.0
0.0
0.0
0.0
0.0
0.0
0.0
0.0
0.0
0.0
0.0
0.0
0.0
0.0
0.0
0.0
0.0
0.0
0.0
0.0
0.0
0.0
0.0
0.0
0.0
0.0
0.0
0.0
0.0
0.0
0.0
0.0
0.0
0.0
0.0
0.0
0.0
0.0
0.0
0.0
0.0
0.0
0.0
0.0
0.0
0.0
0.0
0.0
0.0
0.0
0.0
0.0
0.0
0.0
0.0
0.0
0.0
0.0
0.0
0.0
0.0
0.0
0.0
0.0
0.0
0.0
0.0
0.0
0.0
0.0
0.0
0.0
0.0
0.0
0.0
0.0
0.0
0.0
0.0
0.0
0.0
0.0
192.5
190.0
187.5
105.0
0.0
192.5
192.5
190.0
115.0
0.0
0.0
0.0
0.0
0.0
0.0
0.0
0.0
0.0
0.0
0.0
0.0
0.0
0.0
0.0
0.0
0.0
0.0
0.0
0.0
0.0
0.0
0.0
0.0
0.0
0.0
0.0
0.0
0.0
0.0
0.0
0.0
0.0
0.0
0.0
0.0
0.0
0.0
0.0
0.0
0.0
0.0
0.0
0.0
0.0
0.0
0.0
0.0
0.0
0.0
0.0
0.0
0.0
0.0
0.0
0.0
0.0
0.0
0.0
215.0
55.0
220.0
30.0
0.0
0.0
0.0
0.0
0.0
0.0
215.0
55.0
220.0
30.0
0.0
0.0
0.0
0.0
0.0
0.0
0.0
0.0
0.0
0.0
215.0
0.0
0.0
215.0
0.0
0.0
0.0
0.0
0.0
0.0
0.0
170.0
165.0
0.0
170.0
165.0
0.0
170.0
165.0
170.0
170.0
170.0
0.0
0.0
170.0
165.0
170.0
170.0
170.0
0.0
150.0
150.0
150.0
150.0
150.0
0.0
150.0
150.0
150.0
150.0
150.0
0.0
150.0
150.0
150.0
150.0
150.0
0.0
0.0
0.0
0.0
150.0
150.0
150.0
150.0
150.0
0.0
0.0
0.0
0.0
0.0
0.0
0.0
0.0
0.0
0.0
0.0
0.0
0.0
0.0
0.0
0.0
0.0
240.0
75.0
240.0
0.0
0.0
0.0
240.0
75.0
240.0
0.0
0.0
0.0
240.0
75.0
0.0
0.0
0.0
240.0
75.0
240.0
0.0
0.0
0.0
240.0
0.0
0.0
0.0
240.0
75.0
0.0
0.0
0.0
240.0
75.0
0.0
0.0
0.0
240.0
0.0
0.0
0.0
240.0
75.0
240.0
0.0
0.0
0.0
0.0
240.0
0.0
0.0
0.0
240.0
75.0
240.0
0.0
0.0
0.0
0.0
0.0
0.0
0.0
0.0
0.0
0.0
0.0
0.0
0.0
0.0
0.0
0.0
0.0
0.0
0.0
0.0
0.0
0.0
0.0
0.0
0.0
0.0
0.0
0.0
0.0
0.0
0.0
0.0
0.0
0.0
0.0
0.0
0.0
0.0
0.0
0.0
0.0
0.0
0.0
0.0
0.0
0.0
0.0
0.0
0.0
0.0
0.0
0.0
0.0
0.0
0.0
0.0
0.0
0.0
0.0
0.0
0.0
0.0
0.0
0.0
0.0
0.0
0.0
0.0
0.0
0.0
0.0
0.0
0.0
0.0
0.0
0.0
0.0
0.0
0.0
0.0
0.0
0.0
0.0
0.0
0.0
0.0
0.0
0.0
0.0
0.0
0.0
0.0
0.0
0.0
0.0
0.0
0.0
0.0
0.0
0.0
0.0
0.0
0.0
0.0
0.0
0.0
0.0
0.0
0.0
0.0
0.0
0.0
0.0
0.0
0.0
0.0
0.0
0.0
0.0
0.0
0.0
0.0
0.0
0.0
0.0
0.0
0.0
0.0
0.0
0.0
0.0
0.0
0.0
0.0
0.0
0.0
0.0
0.0
0.0
0.0
0.0
0.0
0.0
0.0
0.0
0.0
0.0
0.0
0.0
0.0
0.0
0.0
0.0
0.0
0.0
0.0
0.0
0.0
0.0
510.0
355.0
0.0
0.0
0.0
192.5
190.0
107.5
40.0
0.0
192.5
192.5
110.0
50.0
0.0
165.0
215.0
165.0
105.0
0.0
192.5
192.5
190.0
115.0
0.0
192.5
192.5
190.0
115.0
0.0
192.5
192.5
190.0
115.0
0.0
192.5
192.5
190.0
115.0
0.0
192.5
192.5
190.0
115.0
0.0
192.5
192.5
190.0
115.0
0.0
192.5
192.5
190.0
115.0
0.0
192.5
192.5
190.0
115.0
0.0
192.5
192.5
190.0
115.0
0.0
192.5
192.5
190.0
115.0
0.0
192.5
192.5
190.0
115.0
0.0
0.0
0.0
0.0
0.0
192.5
190.0
187.5
105.0
0.0
