0.0
262.5
265.0
262.5
262.5
0.0
262.5
265.0
265.0
262.5
262.5
0.0
262.5
265.0
265.0
262.5
262.5
0.0
262.5
265.0
265.0
262.5
262.5
0.0
262.5
265.0
265.0
262.5
262.5
0.0
262.5
265.0
265.0
262.5
262.5
0.0
262.5
265.0
265.0
262.5
262.5
0.0
262.5
265.0
265.0
262.5
262.5
0.0
262.5
265.0
265.0
262.5
262.5
0.0
262.5
265.0
265.0
262.5
262.5
0.0
262.5
0.0
262.5
265.0
265.0
262.5
262.5
0.0
262.5
0.0
262.5
0.0
262.5
265.0
265.0
262.5
262.5
0.0
262.5
265.0
265.0
262.5
262.5
0.0
262.5
265.0
265.0
262.5
262.5
0.0
262.5
265.0
265.0
262.5
262.5
0.0
310.0
237.5
237.5
237.5
237.5
0.0
310.0
237.5
237.5
237.5
237.5
0.0
310.0
237.5
237.5
237.5
237.5
0.0
310.0
237.5
237.5
237.5
237.5
0.0
310.0
235.0
237.5
237.5
0.0
310.0
237.5
237.5
237.5
0.0
310.0
237.5
235.0
237.5
0.0
310.0
237.5
237.5
237.5
237.5
0.0
310.0
237.5
237.5
237.5
237.5
0.0
310.0
237.5
237.5
237.5
237.5
0.0
310.0
237.5
237.5
237.5
237.5
0.0
310.0
237.5
237.5
237.5
237.5
0.0
310.0
237.5
237.5
237.5
237.5
0.0
342.5
345.0
345.0
260.0
257.5
0.0
310.0
237.5
237.5
237.5
237.5
0.0
270.0
240.0
240.0
162.5
225.0
0.0
270.0
0.0
270.0
0.0
270.0
0.0
262.5
192.5
192.5
242.5
155.0
0.0
262.5
0.0
262.5
0.0
262.5
0.0
262.5
0.0
262.5
192.5
192.5
242.5
155.0
0.0
262.5
192.5
0.0
262.5
192.5
0.0
262.5
0.0
262.5
192.5
0.0
262.5
0.0
262.5
192.5
192.5
0.0
262.5
192.5
192.5
0.0
262.5
192.5
0.0
262.5
0.0
262.5
0.0
262.5
192.5
0.0
0.0
0.0
80.0
0.0
0.0
0.0
80.0
0.0
0.0
0.0
80.0
0.0
0.0
0.0
80.0
0.0
0.0
240.0
50.0
0.0
0.0
0.0
80.0
0.0
262.5
265.0
0.0
262.5
265.0
0.0
262.5
265.0
265.0
262.5
262.5
0.0
262.5
0.0
262.5
265.0
265.0
262.5
262.5
0.0
50.0
0.0
50.0
0.0
50.0
0.0
50.0
0.0
50.0
0.0
50.0
0.0
50.0
0.0
0.0
0.0
157.5
160.0
160.0
155.0
157.5
0.0
157.5
160.0
160.0
155.0
157.5
0.0
0.0
0.0
0.0
0.0
0.0
0.0
0.0
0.0
50.0
50.0
50.0
0.0
50.0
50.0
50.0
0.0
157.5
160.0
160.0
155.0
157.5
0.0
157.5
0.0
157.5
0.0
157.5
0.0
157.5
160.0
160.0
155.0
157.5
0.0
157.5
0.0
157.5
0.0
157.5
0.0
157.5
0.0
157.5
0.0
157.5
0.0
157.5
0.0
157.5
0.0
157.5
0.0
157.5
0.0
157.5
0.0
157.5
0.0
157.5
0.0
157.5
0.0
157.5
160.0
225.0
137.5
267.5
0.0
157.5
160.0
225.0
137.5
267.5
0.0
157.5
160.0
225.0
137.5
267.5
0.0
157.5
160.0
225.0
137.5
267.5
0.0
157.5
160.0
225.0
137.5
0.0
157.5
160.0
225.0
137.5
267.5
0.0
157.5
160.0
225.0
137.5
267.5
0.0
157.5
160.0
225.0
137.5
0.0
157.5
160.0
225.0
137.5
267.5
0.0
157.5
0.0
157.5
160.0
225.0
137.5
0.0
157.5
160.0
225.0
137.5
267.5
0.0
157.5
220.0
140.0
262.5
207.5
0.0
157.5
225.0
150.0
292.5
150.0
0.0
157.5
160.0
455.0
300.0
452.5
0.0
157.5
455.0
380.0
227.5
510.0
0.0
157.5
225.0
225.0
147.5
300.0
0.0
157.5
450.0
375.0
382.5
380.0
0.0
157.5
450.0
305.0
450.0
375.0
0.0
157.5
225.0
225.0
147.5
300.0
0.0
157.5
455.0
380.0
382.5
380.0
0.0
157.5
450.0
375.0
232.5
525.0
0.0
157.5
450.0
375.0
232.5
525.0
0.0
157.5
450.0
375.0
232.5
525.0
0.0
157.5
450.0
375.0
232.5
530.0
0.0
157.5
450.0
375.0
232.5
525.0
0.0
157.5
455.0
380.0
377.5
375.0
0.0
157.5
455.0
380.0
377.5
375.0
0.0
157.5
455.0
380.0
377.5
375.0
0.0
157.5
450.0
375.0
377.5
380.0
0.0
157.5
450.0
375.0
377.5
380.0
0.0
157.5
450.0
375.0
377.5
380.0
0.0
157.5
450.0
375.0
377.5
380.0
0.0
157.5
450.0
375.0
377.5
380.0
0.0
157.5
450.0
375.0
377.5
380.0
0.0
157.5
450.0
375.0
377.5
380.0
0.0
157.5
450.0
375.0
377.5
380.0
0.0
157.5
450.0
375.0
377.5
380.0
0.0
157.5
450.0
375.0
377.5
0.0
157.5
0.0
157.5
225.0
225.0
222.5
0.0
157.5
450.0
372.5
377.5
0.0
310.0
237.5
162.5
162.5
0.0
342.5
345.0
342.5
342.5
0.0
342.5
345.0
342.5
342.5
0.0
342.5
345.0
342.5
342.5
0.0
342.5
345.0
342.5
342.5
0.0
342.5
345.0
342.5
342.5
0.0
342.5
345.0
342.5
342.5
0.0
342.5
345.0
342.5
342.5
0.0
342.5
345.0
342.5
342.5
0.0
342.5
345.0
342.5
342.5
0.0
342.5
345.0
342.5
342.5
0.0
342.5
345.0
342.5
342.5
0.0
0.0
260.0
0.0
0.0
0.0
0.0
0.0
0.0
0.0
0.0
342.5
0.0
342.5
345.0
345.0
342.5
0.0
0.0
260.0
