0.0
205.0
207.5
210.0
210.0
0.0
205.0
207.5
210.0
210.0
210.0
0.0
205.0
207.5
210.0
210.0
210.0
0.0
217.5
220.0
222.5
222.5
222.5
0.0
217.5
220.0
222.5
222.5
222.5
0.0
205.0
207.5
210.0
210.0
210.0
0.0
205.0
207.5
210.0
210.0
210.0
0.0
205.0
207.5
210.0
210.0
210.0
0.0
205.0
207.5
210.0
210.0
210.0
0.0
170.0
172.5
175.0
175.0
172.5
0.0
205.0
0.0
205.0
207.5
210.0
210.0
210.0
0.0
205.0
0.0
205.0
0.0
205.0
207.5
210.0
210.0
210.0
0.0
205.0
207.5
210.0
210.0
210.0
0.0
205.0
207.5
210.0
210.0
210.0
0.0
205.0
207.5
210.0
210.0
210.0
0.0
217.5
220.0
222.5
222.5
222.5
0.0
217.5
220.0
222.5
222.5
222.5
0.0
217.5
220.0
222.5
222.5
222.5
0.0
217.5
220.0
222.5
222.5
222.5
0.0
217.5
220.0
222.5
222.5
0.0
217.5
220.0
222.5
222.5
0.0
217.5
220.0
222.5
222.5
0.0
217.5
220.0
222.5
222.5
222.5
0.0
170.0
172.5
175.0
175.0
172.5
0.0
170.0
172.5
175.0
175.0
172.5
0.0
170.0
172.5
175.0
175.0
172.5
0.0
170.0
172.5
175.0
175.0
172.5
0.0
217.5
220.0
222.5
222.5
222.5
0.0
242.5
245.0
167.5
167.5
167.5
0.0
217.5
220.0
222.5
222.5
222.5
0.0
242.5
245.0
210.0
210.0
210.0
0.0
242.5
0.0
242.5
0.0
242.5
0.0
205.0
182.5
350.0
270.0
80.0
0.0
205.0
0.0
205.0
0.0
205.0
0.0
205.0
0.0
205.0
182.5
350.0
270.0
80.0
0.0
205.0
182.5
0.0
205.0
182.5
0.0
205.0
0.0
205.0
182.5
0.0
205.0
0.0
205.0
182.5
350.0
0.0
205.0
182.5
350.0
0.0
205.0
182.5
0.0
205.0
0.0
205.0
0.0
205.0
182.5
0.0
205.0
207.5
0.0
205.0
207.5
0.0
205.0
207.5
210.0
210.0
210.0
0.0
205.0
0.0
205.0
207.5
210.0
210.0
210.0
0.0
115.0
117.5
117.5
117.5
117.5
0.0
115.0
117.5
117.5
117.5
117.5
0.0
115.0
117.5
117.5
117.5
117.5
0.0
115.0
0.0
115.0
0.0
115.0
0.0
115.0
117.5
117.5
117.5
117.5
0.0
115.0
0.0
115.0
0.0
115.0
0.0
115.0
0.0
115.0
0.0
115.0
0.0
115.0
0.0
115.0
0.0
115.0
0.0
115.0
0.0
115.0
0.0
115.0
0.0
115.0
0.0
115.0
0.0
115.0
192.5
117.5
187.5
117.5
0.0
115.0
192.5
117.5
187.5
117.5
0.0
115.0
192.5
117.5
187.5
117.5
0.0
115.0
192.5
117.5
187.5
117.5
0.0
115.0
192.5
117.5
187.5
0.0
115.0
192.5
117.5
187.5
117.5
0.0
115.0
192.5
117.5
187.5
117.5
0.0
115.0
192.5
117.5
187.5
0.0
115.0
192.5
117.5
187.5
117.5
0.0
115.0
0.0
115.0
192.5
117.5
187.5
0.0
115.0
192.5
117.5
187.5
117.5
0.0
115.0
192.5
117.5
187.5
117.5
0.0
115.0
192.5
117.5
187.5
117.5
0.0
115.0
192.5
117.5
187.5
117.5
0.0
115.0
192.5
117.5
187.5
117.5
0.0
115.0
192.5
150.0
220.0
150.0
0.0
115.0
192.5
155.0
215.0
155.0
0.0
115.0
192.5
155.0
220.0
155.0
0.0
115.0
412.5
267.5
412.5
262.5
0.0
115.0
192.5
155.0
225.0
155.0
0.0
115.0
192.5
155.0
225.0
155.0
0.0
115.0
192.5
155.0
225.0
155.0
0.0
115.0
192.5
155.0
225.0
155.0
0.0
115.0
192.5
155.0
225.0
155.0
0.0
115.0
192.5
155.0
455.0
375.0
0.0
115.0
192.5
155.0
445.0
305.0
0.0
115.0
192.5
112.5
547.5
412.5
0.0
115.0
192.5
112.5
547.5
407.5
0.0
115.0
192.5
112.5
547.5
407.5
0.0
115.0
192.5
112.5
547.5
407.5
0.0
115.0
192.5
112.5
322.5
172.5
0.0
115.0
192.5
192.5
192.5
192.5
0.0
115.0
192.5
112.5
547.5
407.5
0.0
115.0
192.5
112.5
547.5
407.5
0.0
115.0
192.5
112.5
547.5
407.5
0.0
115.0
192.5
112.5
547.5
407.5
0.0
115.0
192.5
112.5
547.5
407.5
0.0
115.0
412.5
262.5
417.5
0.0
15.0
0.0
115.0
412.5
267.5
412.5
0.0
115.0
412.5
262.5
412.5
0.0
212.5
142.5
117.5
117.5
0.0
242.5
245.0
247.5
247.5
0.0
242.5
245.0
247.5
247.5
0.0
242.5
245.0
247.5
247.5
0.0
242.5
245.0
247.5
247.5
0.0
242.5
245.0
247.5
247.5
0.0
242.5
245.0
247.5
247.5
0.0
242.5
245.0
247.5
247.5
0.0
242.5
245.0
247.5
247.5
0.0
242.5
245.0
247.5
247.5
0.0
242.5
245.0
247.5
247.5
0.0
242.5
245.0
247.5
247.5
0.0
0.0
165.0
0.0
0.0
0.0
0.0
0.0
0.0
0.0
0.0
242.5
0.0
242.5
245.0
247.5
247.5
0.0
0.0
165.0
