0.0
192.5
190.0
190.0
190.0
0.0
0.0
0.0
0.0
0.0
0.0
0.0
0.0
0.0
0.0
0.0
0.0
0.0
0.0
0.0
0.0
0.0
0.0
0.0
0.0
0.0
0.0
0.0
0.0
0.0
0.0
0.0
0.0
0.0
0.0
0.0
0.0
0.0
0.0
0.0
0.0
0.0
0.0
0.0
0.0
0.0
0.0
0.0
0.0
0.0
0.0
0.0
0.0
0.0
0.0
0.0
0.0
0.0
0.0
0.0
0.0
0.0
0.0
0.0
0.0
0.0
0.0
0.0
0.0
0.0
0.0
0.0
0.0
0.0
0.0
0.0
0.0
0.0
0.0
0.0
0.0
0.0
0.0
0.0
0.0
0.0
0.0
0.0
0.0
0.0
0.0
0.0
0.0
0.0
0.0
0.0
0.0
0.0
0.0
0.0
0.0
0.0
0.0
0.0
0.0
0.0
0.0
0.0
0.0
0.0
0.0
0.0
0.0
0.0
0.0
0.0
192.5
190.0
187.5
155.0
0.0
192.5
190.0
190.0
130.0
0.0
192.5
190.0
190.0
190.0
0.0
0.0
0.0
0.0
0.0
0.0
0.0
0.0
0.0
0.0
0.0
0.0
0.0
0.0
0.0
0.0
0.0
0.0
0.0
0.0
0.0
0.0
0.0
0.0
0.0
0.0
0.0
0.0
0.0
0.0
0.0
0.0
0.0
0.0
0.0
0.0
0.0
0.0
0.0
330.0
170.0
165.0
0.0
0.0
310.0
140.0
70.0
285.0
0.0
0.0
225.0
215.0
215.0
190.0
0.0
0.0
0.0
0.0
310.0
230.0
235.0
75.0
300.0
0.0
0.0
0.0
0.0
0.0
310.0
230.0
235.0
75.0
300.0
0.0
310.0
0.0
310.0
0.0
0.0
310.0
0.0
0.0
310.0
230.0
0.0
310.0
230.0
0.0
310.0
0.0
0.0
0.0
310.0
0.0
75.0
75.0
0.0
75.0
75.0
0.0
75.0
75.0
70.0
70.0
70.0
0.0
0.0
75.0
75.0
70.0
70.0
70.0
0.0
150.0
150.0
150.0
150.0
150.0
0.0
150.0
150.0
150.0
150.0
150.0
0.0
150.0
150.0
150.0
150.0
150.0
0.0
0.0
0.0
0.0
150.0
150.0
150.0
150.0
150.0
0.0
0.0
0.0
0.0
0.0
0.0
0.0
0.0
0.0
0.0
0.0
0.0
0.0
0.0
0.0
615.0
445.0
615.0
445.0
505.0
0.0
615.0
445.0
615.0
445.0
505.0
0.0
615.0
445.0
615.0
445.0
0.0
615.0
445.0
615.0
445.0
505.0
0.0
615.0
445.0
615.0
0.0
615.0
445.0
615.0
445.0
0.0
615.0
445.0
615.0
445.0
0.0
615.0
445.0
615.0
0.0
615.0
445.0
615.0
445.0
505.0
0.0
0.0
615.0
445.0
615.0
0.0
615.0
445.0
615.0
445.0
505.0
0.0
245.0
165.0
0.0
170.0
0.0
0.0
295.0
215.0
65.0
65.0
220.0
0.0
375.0
205.0
360.0
285.0
130.0
0.0
330.0
165.0
165.0
0.0
220.0
0.0
370.0
230.0
230.0
230.0
0.0
0.0
0.0
320.0
160.0
330.0
165.0
0.0
0.0
315.0
160.0
315.0
160.0
0.0
0.0
205.0
125.0
125.0
55.0
0.0
0.0
245.0
170.0
170.0
170.0
0.0
0.0
330.0
320.0
160.0
320.0
0.0
0.0
330.0
320.0
160.0
320.0
0.0
0.0
310.0
230.0
70.0
285.0
0.0
0.0
325.0
325.0
160.0
320.0
0.0
0.0
235.0
230.0
75.0
285.0
0.0
0.0
235.0
230.0
75.0
505.0
0.0
0.0
320.0
160.0
305.0
310.0
0.0
0.0
0.0
670.0
520.0
375.0
0.0
0.0
0.0
470.0
315.0
160.0
0.0
0.0
0.0
470.0
315.0
160.0
0.0
0.0
0.0
465.0
305.0
305.0
0.0
0.0
0.0
735.0
585.0
685.0
0.0
0.0
0.0
470.0
315.0
160.0
0.0
0.0
0.0
470.0
315.0
160.0
0.0
0.0
0.0
470.0
315.0
160.0
0.0
0.0
0.0
470.0
315.0
160.0
0.0
0.0
0.0
470.0
315.0
160.0
0.0
192.5
190.0
187.5
90.0
0.0
0.0
0.0
192.5
190.0
190.0
65.0
0.0
192.5
190.0
190.0
110.0
0.0
165.0
607.5
465.0
315.0
0.0
192.5
190.0
190.0
190.0
0.0
192.5
190.0
190.0
190.0
0.0
192.5
190.0
190.0
190.0
0.0
192.5
190.0
190.0
190.0
0.0
192.5
190.0
190.0
190.0
0.0
192.5
190.0
190.0
190.0
0.0
192.5
190.0
190.0
190.0
0.0
192.5
190.0
190.0
190.0
0.0
192.5
190.0
190.0
190.0
0.0
192.5
190.0
190.0
190.0
0.0
192.5
190.0
190.0
190.0
0.0
0.0
0.0
0.0
0.0
192.5
190.0
190.0
130.0
0.0
