0.0
182.5
180.0
180.0
107.5
0.0
0.0
0.0
0.0
0.0
0.0
0.0
0.0
0.0
0.0
0.0
0.0
0.0
0.0
0.0
0.0
0.0
0.0
0.0
0.0
0.0
0.0
0.0
0.0
0.0
0.0
0.0
0.0
0.0
0.0
0.0
0.0
0.0
0.0
0.0
0.0
0.0
0.0
0.0
0.0
0.0
0.0
0.0
0.0
0.0
0.0
0.0
0.0
0.0
0.0
0.0
0.0
0.0
0.0
0.0
0.0
0.0
0.0
0.0
0.0
0.0
0.0
0.0
0.0
0.0
0.0
0.0
0.0
0.0
0.0
0.0
0.0
0.0
0.0
0.0
0.0
0.0
0.0
0.0
0.0
0.0
0.0
0.0
0.0
0.0
0.0
0.0
0.0
0.0
0.0
0.0
0.0
0.0
0.0
0.0
0.0
0.0
0.0
0.0
0.0
0.0
0.0
0.0
0.0
0.0
0.0
0.0
0.0
0.0
0.0
0.0
0.0
0.0
0.0
135.0
0.0
147.5
147.5
147.5
57.5
0.0
147.5
145.0
145.0
62.5
0.0
0.0
0.0
0.0
0.0
0.0
0.0
0.0
0.0
0.0
0.0
0.0
0.0
0.0
0.0
0.0
0.0
0.0
0.0
0.0
0.0
0.0
0.0
0.0
0.0
0.0
0.0
0.0
0.0
0.0
0.0
0.0
0.0
0.0
0.0
0.0
0.0
0.0
0.0
0.0
0.0
0.0
0.0
0.0
0.0
0.0
0.0
0.0
0.0
0.0
0.0
0.0
0.0
295.0
0.0
0.0
0.0
0.0
0.0
245.0
70.0
190.0
120.0
0.0
0.0
0.0
0.0
0.0
0.0
245.0
70.0
190.0
120.0
0.0
0.0
0.0
0.0
0.0
0.0
0.0
0.0
0.0
0.0
245.0
0.0
0.0
245.0
0.0
0.0
0.0
0.0
0.0
0.0
0.0
75.0
65.0
0.0
75.0
65.0
0.0
75.0
75.0
75.0
75.0
70.0
0.0
0.0
75.0
75.0
75.0
75.0
70.0
0.0
170.0
165.0
165.0
170.0
165.0
0.0
170.0
165.0
165.0
170.0
165.0
0.0
170.0
165.0
165.0
170.0
165.0
0.0
0.0
0.0
0.0
170.0
165.0
165.0
170.0
165.0
0.0
0.0
0.0
0.0
0.0
0.0
0.0
0.0
0.0
0.0
0.0
0.0
0.0
0.0
0.0
0.0
0.0
330.0
160.0
215.0
0.0
0.0
0.0
330.0
160.0
215.0
0.0
0.0
0.0
330.0
160.0
0.0
0.0
0.0
330.0
160.0
215.0
0.0
0.0
0.0
330.0
0.0
0.0
0.0
330.0
160.0
0.0
0.0
0.0
330.0
160.0
0.0
0.0
0.0
330.0
0.0
0.0
0.0
330.0
160.0
215.0
0.0
0.0
0.0
0.0
330.0
0.0
0.0
0.0
330.0
160.0
215.0
0.0
0.0
0.0
325.0
165.0
0.0
0.0
0.0
0.0
305.0
230.0
60.0
0.0
0.0
0.0
245.0
170.0
0.0
0.0
0.0
0.0
325.0
160.0
210.0
0.0
0.0
0.0
0.0
0.0
80.0
0.0
0.0
0.0
0.0
0.0
0.0
0.0
0.0
0.0
0.0
0.0
0.0
0.0
0.0
0.0
0.0
0.0
0.0
0.0
0.0
0.0
0.0
0.0
0.0
0.0
0.0
0.0
0.0
0.0
0.0
0.0
0.0
0.0
0.0
0.0
0.0
0.0
0.0
0.0
0.0
0.0
0.0
0.0
0.0
0.0
0.0
0.0
0.0
0.0
0.0
0.0
0.0
0.0
0.0
0.0
0.0
0.0
0.0
0.0
0.0
0.0
0.0
0.0
0.0
0.0
0.0
0.0
0.0
0.0
0.0
0.0
0.0
0.0
0.0
0.0
0.0
0.0
0.0
0.0
0.0
0.0
0.0
0.0
0.0
0.0
0.0
0.0
0.0
0.0
0.0
0.0
0.0
0.0
0.0
0.0
0.0
0.0
0.0
0.0
0.0
0.0
0.0
0.0
0.0
0.0
0.0
0.0
0.0
0.0
0.0
0.0
0.0
0.0
0.0
0.0
0.0
0.0
0.0
0.0
0.0
0.0
0.0
0.0
0.0
0.0
0.0
0.0
470.0
320.0
175.0
175.0
0.0
0.0
0.0
122.5
122.5
122.5
57.5
0.0
122.5
120.0
120.0
62.5
0.0
147.5
120.0
475.0
357.5
0.0
220.0
217.5
217.5
130.0
0.0
220.0
217.5
217.5
130.0
0.0
220.0
217.5
217.5
130.0
0.0
220.0
217.5
217.5
130.0
0.0
220.0
217.5
217.5
130.0
0.0
220.0
217.5
217.5
130.0
0.0
220.0
217.5
217.5
130.0
0.0
220.0
217.5
217.5
130.0
0.0
220.0
217.5
217.5
130.0
0.0
220.0
217.5
217.5
130.0
0.0
220.0
217.5
217.5
130.0
0.0
0.0
0.0
0.0
0.0
220.0
220.0
220.0
125.0
0.0
