0.0
225.0
152.5
150.0
80.0
0.0
0.0
0.0
0.0
0.0
0.0
0.0
0.0
0.0
0.0
0.0
0.0
0.0
0.0
0.0
265.0
0.0
220.0
220.0
220.0
160.0
0.0
0.0
0.0
0.0
0.0
0.0
0.0
0.0
0.0
0.0
0.0
0.0
0.0
0.0
555.0
410.0
260.0
45.0
0.0
257.5
117.5
262.5
212.5
0.0
225.0
195.0
120.0
405.0
0.0
257.5
257.5
255.0
170.0
0.0
257.5
257.5
255.0
170.0
0.0
257.5
257.5
255.0
170.0
0.0
257.5
257.5
255.0
170.0
0.0
257.5
257.5
255.0
170.0
0.0
257.5
257.5
255.0
170.0
0.0
257.5
257.5
255.0
170.0
0.0
257.5
257.5
255.0
170.0
0.0
257.5
257.5
255.0
170.0
0.0
257.5
257.5
255.0
170.0
0.0
257.5
257.5
255.0
170.0
0.0
0.0
0.0
0.0
0.0
0.0
0.0
0.0
0.0
0.0
