0.0
137.5
140.0
142.5
47.5
0.0
0.0
0.0
0.0
0.0
0.0
0.0
0.0
0.0
0.0
0.0
0.0
0.0
0.0
0.0
0.0
0.0
0.0
0.0
0.0
0.0
0.0
0.0
0.0
0.0
0.0
0.0
0.0
0.0
0.0
0.0
0.0
0.0
0.0
0.0
0.0
0.0
0.0
0.0
0.0
0.0
0.0
0.0
0.0
0.0
0.0
0.0
0.0
0.0
0.0
0.0
0.0
0.0
0.0
0.0
0.0
0.0
0.0
0.0
0.0
0.0
0.0
0.0
0.0
0.0
0.0
0.0
0.0
0.0
0.0
0.0
0.0
0.0
0.0
0.0
0.0
0.0
0.0
0.0
0.0
0.0
0.0
0.0
0.0
0.0
0.0
0.0
0.0
0.0
0.0
0.0
0.0
0.0
0.0
0.0
0.0
0.0
0.0
0.0
0.0
0.0
0.0
0.0
0.0
0.0
0.0
0.0
0.0
0.0
0.0
0.0
165.0
170.0
165.0
80.0
0.0
175.0
177.5
142.5
57.5
0.0
175.0
140.0
142.5
47.5
0.0
0.0
0.0
0.0
0.0
0.0
0.0
0.0
0.0
0.0
0.0
0.0
0.0
0.0
0.0
0.0
0.0
0.0
0.0
0.0
0.0
0.0
0.0
0.0
0.0
0.0
0.0
0.0
0.0
0.0
0.0
0.0
0.0
0.0
0.0
0.0
0.0
0.0
0.0
0.0
0.0
100.0
0.0
0.0
0.0
0.0
160.0
410.0
0.0
0.0
0.0
0.0
320.0
160.0
0.0
0.0
0.0
0.0
0.0
220.0
50.0
220.0
50.0
0.0
0.0
0.0
0.0
0.0
0.0
220.0
50.0
220.0
50.0
0.0
0.0
0.0
0.0
0.0
0.0
0.0
0.0
0.0
0.0
220.0
0.0
0.0
220.0
0.0
0.0
0.0
0.0
0.0
0.0
0.0
75.0
65.0
0.0
75.0
65.0
0.0
75.0
75.0
75.0
75.0
75.0
0.0
0.0
75.0
75.0
75.0
75.0
75.0
0.0
170.0
165.0
170.0
170.0
170.0
0.0
170.0
165.0
170.0
170.0
170.0
0.0
170.0
165.0
170.0
170.0
170.0
0.0
0.0
0.0
0.0
170.0
165.0
170.0
170.0
170.0
0.0
0.0
0.0
0.0
0.0
0.0
0.0
0.0
0.0
0.0
0.0
0.0
0.0
0.0
0.0
0.0
225.0
55.0
220.0
30.0
0.0
0.0
225.0
55.0
220.0
30.0
0.0
0.0
225.0
55.0
220.0
0.0
0.0
225.0
55.0
220.0
30.0
0.0
0.0
225.0
55.0
0.0
0.0
225.0
55.0
220.0
0.0
0.0
225.0
55.0
220.0
0.0
0.0
225.0
55.0
0.0
0.0
225.0
55.0
220.0
30.0
0.0
0.0
0.0
225.0
55.0
0.0
0.0
225.0
55.0
220.0
30.0
0.0
0.0
165.0
0.0
0.0
50.0
0.0
0.0
0.0
330.0
160.0
320.0
0.0
0.0
0.0
325.0
155.0
330.0
0.0
0.0
0.0
330.0
170.0
0.0
0.0
0.0
0.0
330.0
170.0
0.0
0.0
0.0
0.0
0.0
330.0
60.0
0.0
0.0
0.0
0.0
300.0
100.0
0.0
0.0
0.0
0.0
0.0
325.0
0.0
0.0
0.0
0.0
0.0
155.0
0.0
0.0
0.0
0.0
70.0
260.0
0.0
0.0
0.0
0.0
70.0
260.0
0.0
0.0
0.0
0.0
0.0
225.0
0.0
0.0
0.0
0.0
0.0
215.0
0.0
0.0
0.0
0.0
0.0
320.0
0.0
0.0
0.0
0.0
0.0
80.0
0.0
0.0
0.0
0.0
0.0
0.0
0.0
0.0
0.0
0.0
0.0
0.0
0.0
0.0
0.0
0.0
0.0
0.0
0.0
0.0
0.0
0.0
0.0
0.0
0.0
0.0
0.0
0.0
0.0
0.0
0.0
0.0
0.0
0.0
0.0
0.0
0.0
0.0
0.0
0.0
0.0
0.0
0.0
0.0
0.0
0.0
0.0
0.0
0.0
0.0
0.0
0.0
0.0
0.0
0.0
0.0
0.0
0.0
0.0
0.0
0.0
0.0
0.0
0.0
0.0
0.0
0.0
460.0
315.0
185.0
185.0
0.0
0.0
0.0
175.0
177.5
100.0
25.0
0.0
175.0
177.5
97.5
27.5
0.0
150.0
202.5
152.5
67.5
0.0
175.0
177.5
177.5
67.5
0.0
175.0
177.5
177.5
67.5
0.0
175.0
177.5
177.5
67.5
0.0
175.0
177.5
177.5
67.5
0.0
175.0
177.5
177.5
67.5
0.0
175.0
177.5
177.5
67.5
0.0
175.0
177.5
177.5
67.5
0.0
175.0
177.5
177.5
67.5
0.0
175.0
177.5
177.5
67.5
0.0
175.0
177.5
177.5
67.5
0.0
175.0
177.5
177.5
67.5
0.0
0.0
0.0
0.0
0.0
175.0
177.5
180.0
75.0
0.0
