0.0
205.0
207.5
210.0
210.0
0.0
215.0
215.0
215.0
210.0
170.0
0.0
380.0
380.0
380.0
380.0
250.0
0.0
350.0
350.0
345.0
340.0
225.0
0.0
325.0
325.0
325.0
320.0
225.0
0.0
215.0
215.0
215.0
210.0
170.0
0.0
215.0
215.0
215.0
210.0
170.0
0.0
215.0
215.0
215.0
210.0
170.0
0.0
300.0
300.0
295.0
295.0
180.0
0.0
0.0
440.0
590.0
600.0
580.0
0.0
0.0
215.0
215.0
215.0
210.0
170.0
0.0
0.0
0.0
215.0
215.0
215.0
210.0
0.0
215.0
215.0
215.0
210.0
170.0
0.0
215.0
215.0
215.0
210.0
170.0
0.0
215.0
215.0
215.0
210.0
170.0
0.0
0.0
0.0
135.0
135.0
135.0
0.0
0.0
0.0
135.0
135.0
135.0
0.0
0.0
0.0
135.0
135.0
135.0
0.0
0.0
0.0
135.0
135.0
135.0
0.0
170.0
172.5
175.0
172.5
0.0
170.0
172.5
175.0
90.0
0.0
170.0
172.5
175.0
175.0
0.0
0.0
0.0
135.0
135.0
135.0
0.0
0.0
0.0
0.0
75.0
240.0
0.0
0.0
0.0
0.0
75.0
240.0
0.0
0.0
0.0
60.0
135.0
130.0
0.0
0.0
0.0
0.0
150.0
145.0
0.0
0.0
0.0
265.0
260.0
265.0
0.0
0.0
325.0
325.0
160.0
320.0
0.0
0.0
520.0
360.0
510.0
360.0
0.0
630.0
485.0
485.0
500.0
455.0
0.0
0.0
0.0
0.0
220.0
50.0
190.0
140.0
75.0
0.0
0.0
0.0
0.0
0.0
220.0
50.0
190.0
140.0
75.0
0.0
220.0
0.0
220.0
0.0
0.0
220.0
0.0
0.0
220.0
50.0
0.0
220.0
50.0
0.0
220.0
0.0
0.0
0.0
220.0
50.0
0.0
170.0
165.0
0.0
170.0
165.0
0.0
170.0
165.0
170.0
170.0
165.0
0.0
0.0
170.0
165.0
170.0
170.0
165.0
0.0
60.0
60.0
65.0
65.0
65.0
0.0
60.0
60.0
65.0
65.0
65.0
0.0
60.0
60.0
65.0
65.0
65.0
0.0
0.0
0.0
0.0
60.0
60.0
65.0
65.0
65.0
0.0
0.0
0.0
0.0
0.0
0.0
0.0
0.0
0.0
0.0
0.0
0.0
0.0
0.0
0.0
220.0
50.0
215.0
55.0
225.0
0.0
220.0
50.0
215.0
55.0
225.0
0.0
220.0
50.0
215.0
55.0
225.0
0.0
220.0
50.0
215.0
55.0
225.0
0.0
220.0
50.0
215.0
0.0
220.0
50.0
215.0
55.0
0.0
220.0
50.0
215.0
55.0
0.0
220.0
50.0
215.0
0.0
220.0
50.0
215.0
55.0
225.0
0.0
0.0
220.0
50.0
215.0
0.0
220.0
50.0
215.0
55.0
225.0
0.0
470.0
410.0
345.0
195.0
360.0
0.0
220.0
50.0
505.0
345.0
195.0
0.0
550.0
405.0
345.0
195.0
510.0
0.0
550.0
405.0
260.0
115.0
110.0
0.0
390.0
340.0
200.0
280.0
200.0
0.0
220.0
215.0
215.0
220.0
215.0
0.0
560.0
495.0
345.0
200.0
360.0
0.0
245.0
165.0
165.0
170.0
170.0
0.0
245.0
165.0
165.0
170.0
170.0
0.0
610.0
460.0
310.0
145.0
445.0
0.0
610.0
460.0
310.0
145.0
445.0
0.0
245.0
165.0
165.0
170.0
170.0
0.0
465.0
320.0
260.0
115.0
50.0
0.0
465.0
320.0
260.0
115.0
50.0
0.0
465.0
320.0
180.0
175.0
110.0
0.0
465.0
320.0
180.0
175.0
110.0
0.0
465.0
320.0
180.0
175.0
110.0
0.0
465.0
320.0
180.0
175.0
110.0
0.0
465.0
320.0
180.0
175.0
110.0
0.0
465.0
320.0
180.0
175.0
110.0
0.0
465.0
320.0
180.0
175.0
110.0
0.0
465.0
320.0
180.0
175.0
110.0
0.0
465.0
320.0
180.0
175.0
110.0
0.0
465.0
320.0
180.0
175.0
110.0
0.0
465.0
320.0
180.0
175.0
110.0
0.0
465.0
320.0
180.0
175.0
110.0
0.0
115.0
407.5
262.5
410.0
0.0
0.0
0.0
115.0
192.5
187.5
97.5
0.0
115.0
412.5
267.5
417.5
0.0
212.5
142.5
117.5
292.5
0.0
242.5
245.0
247.5
247.5
0.0
242.5
245.0
247.5
247.5
0.0
242.5
245.0
247.5
247.5
0.0
242.5
245.0
247.5
247.5
0.0
242.5
245.0
247.5
247.5
0.0
242.5
245.0
247.5
247.5
0.0
242.5
245.0
247.5
247.5
0.0
242.5
245.0
247.5
247.5
0.0
242.5
245.0
247.5
247.5
0.0
242.5
245.0
247.5
247.5
0.0
242.5
245.0
247.5
247.5
0.0
0.0
0.0
0.0
0.0
242.5
245.0
247.5
162.5
0.0
