0.0
182.5
180.0
182.5
185.0
0.0
182.5
182.5
180.0
185.0
182.5
0.0
182.5
182.5
180.0
185.0
182.5
0.0
147.5
147.5
145.0
147.5
147.5
0.0
147.5
147.5
145.0
147.5
147.5
0.0
182.5
182.5
180.0
185.0
182.5
0.0
182.5
182.5
180.0
185.0
182.5
0.0
182.5
182.5
180.0
185.0
182.5
0.0
182.5
182.5
180.0
185.0
182.5
0.0
147.5
147.5
145.0
147.5
147.5
0.0
182.5
0.0
182.5
182.5
180.0
185.0
182.5
0.0
182.5
0.0
182.5
0.0
182.5
182.5
180.0
185.0
182.5
0.0
182.5
182.5
180.0
185.0
182.5
0.0
182.5
182.5
180.0
185.0
182.5
0.0
182.5
182.5
180.0
185.0
182.5
0.0
147.5
147.5
145.0
147.5
147.5
0.0
147.5
147.5
145.0
147.5
147.5
0.0
147.5
147.5
145.0
147.5
147.5
0.0
147.5
147.5
145.0
147.5
147.5
0.0
147.5
147.5
145.0
147.5
0.0
147.5
147.5
147.5
145.0
0.0
147.5
145.0
147.5
147.5
0.0
147.5
147.5
145.0
147.5
147.5
0.0
147.5
147.5
145.0
147.5
147.5
0.0
147.5
147.5
145.0
147.5
147.5
0.0
147.5
147.5
145.0
147.5
147.5
0.0
147.5
147.5
145.0
147.5
147.5
0.0
147.5
147.5
145.0
147.5
147.5
0.0
220.0
220.0
217.5
137.5
135.0
0.0
147.5
147.5
145.0
62.5
112.5
0.0
220.0
220.0
217.5
137.5
135.0
0.0
220.0
0.0
220.0
0.0
220.0
0.0
135.0
135.0
135.0
137.5
135.0
0.0
135.0
0.0
135.0
0.0
135.0
0.0
135.0
0.0
135.0
135.0
135.0
137.5
135.0
0.0
135.0
135.0
0.0
135.0
135.0
0.0
135.0
0.0
135.0
135.0
0.0
135.0
0.0
135.0
135.0
135.0
0.0
135.0
135.0
135.0
0.0
135.0
135.0
0.0
135.0
0.0
135.0
0.0
135.0
135.0
0.0
0.0
120.0
50.0
0.0
0.0
120.0
50.0
0.0
0.0
120.0
50.0
0.0
0.0
120.0
50.0
0.0
65.0
220.0
50.0
0.0
0.0
120.0
50.0
0.0
135.0
135.0
0.0
135.0
135.0
0.0
135.0
135.0
135.0
137.5
135.0
0.0
135.0
0.0
135.0
135.0
135.0
137.5
135.0
0.0
165.0
0.0
165.0
0.0
165.0
0.0
165.0
0.0
165.0
0.0
165.0
0.0
165.0
0.0
0.0
0.0
135.0
135.0
135.0
137.5
135.0
0.0
135.0
135.0
135.0
137.5
135.0
0.0
0.0
0.0
0.0
0.0
0.0
0.0
0.0
0.0
165.0
170.0
50.0
0.0
165.0
170.0
50.0
0.0
135.0
135.0
135.0
137.5
135.0
0.0
135.0
0.0
135.0
0.0
135.0
0.0
135.0
135.0
135.0
137.5
135.0
0.0
135.0
0.0
135.0
0.0
135.0
0.0
135.0
0.0
135.0
0.0
135.0
0.0
135.0
0.0
135.0
0.0
135.0
0.0
135.0
0.0
135.0
0.0
135.0
0.0
135.0
0.0
135.0
0.0
135.0
200.0
162.5
235.0
157.5
0.0
135.0
200.0
162.5
235.0
157.5
0.0
135.0
200.0
162.5
235.0
157.5
0.0
135.0
200.0
162.5
235.0
157.5
0.0
135.0
200.0
162.5
235.0
0.0
135.0
200.0
162.5
235.0
157.5
0.0
135.0
200.0
162.5
235.0
157.5
0.0
135.0
200.0
162.5
235.0
0.0
135.0
200.0
162.5
235.0
157.5
0.0
135.0
0.0
135.0
200.0
162.5
235.0
0.0
135.0
200.0
162.5
235.0
157.5
0.0
110.0
110.0
107.5
110.0
110.0
0.0
110.0
110.0
107.5
110.0
110.0
0.0
110.0
110.0
107.5
110.0
110.0
0.0
110.0
110.0
107.5
110.0
110.0
0.0
110.0
110.0
107.5
110.0
110.0
0.0
110.0
110.0
107.5
110.0
110.0
0.0
220.0
110.0
107.5
110.0
110.0
0.0
220.0
110.0
107.5
110.0
110.0
0.0
220.0
110.0
107.5
110.0
110.0
0.0
220.0
110.0
107.5
110.0
110.0
0.0
220.0
110.0
107.5
110.0
110.0
0.0
220.0
110.0
107.5
110.0
110.0
0.0
220.0
110.0
107.5
110.0
110.0
0.0
220.0
110.0
107.5
110.0
110.0
0.0
220.0
110.0
107.5
110.0
110.0
0.0
220.0
110.0
107.5
110.0
110.0
0.0
220.0
110.0
107.5
110.0
110.0
0.0
220.0
110.0
107.5
110.0
110.0
0.0
220.0
110.0
107.5
110.0
110.0
0.0
220.0
110.0
107.5
110.0
110.0
0.0
220.0
110.0
107.5
110.0
110.0
0.0
220.0
110.0
107.5
110.0
110.0
0.0
220.0
110.0
107.5
110.0
110.0
0.0
220.0
110.0
107.5
110.0
110.0
0.0
220.0
110.0
107.5
110.0
110.0
0.0
220.0
110.0
107.5
110.0
110.0
0.0
220.0
220.0
217.5
122.5
0.0
220.0
0.0
220.0
220.0
110.0
107.5
0.0
220.0
217.5
220.0
222.5
0.0
147.5
120.0
392.5
322.5
0.0
220.0
217.5
220.0
222.5
0.0
220.0
217.5
220.0
222.5
0.0
220.0
217.5
220.0
222.5
0.0
220.0
217.5
220.0
222.5
0.0
220.0
217.5
220.0
222.5
0.0
220.0
217.5
220.0
222.5
0.0
220.0
217.5
220.0
222.5
0.0
220.0
217.5
220.0
222.5
0.0
220.0
217.5
220.0
222.5
0.0
220.0
217.5
220.0
222.5
0.0
220.0
217.5
220.0
222.5
0.0
0.0
135.0
0.0
0.0
0.0
0.0
0.0
0.0
0.0
0.0
220.0
0.0
220.0
220.0
220.0
220.0
0.0
0.0
135.0
