0.0
262.5
265.0
262.5
260.0
0.0
0.0
0.0
0.0
0.0
0.0
0.0
0.0
0.0
0.0
0.0
0.0
0.0
0.0
0.0
0.0
0.0
0.0
0.0
0.0
0.0
0.0
0.0
0.0
0.0
0.0
0.0
0.0
0.0
0.0
0.0
0.0
0.0
0.0
0.0
0.0
0.0
0.0
0.0
0.0
0.0
0.0
0.0
0.0
0.0
0.0
0.0
0.0
0.0
0.0
0.0
0.0
0.0
0.0
0.0
0.0
0.0
0.0
0.0
0.0
0.0
0.0
0.0
0.0
0.0
0.0
0.0
0.0
0.0
0.0
0.0
0.0
0.0
0.0
0.0
0.0
0.0
0.0
0.0
0.0
0.0
0.0
0.0
0.0
0.0
0.0
0.0
0.0
0.0
0.0
0.0
0.0
0.0
0.0
0.0
0.0
0.0
0.0
0.0
0.0
0.0
0.0
0.0
0.0
0.0
0.0
0.0
0.0
0.0
0.0
0.0
195.0
195.0
192.5
115.0
0.0
267.5
197.5
197.5
137.5
0.0
267.5
197.5
195.0
195.0
0.0
0.0
0.0
0.0
0.0
0.0
0.0
0.0
0.0
0.0
0.0
0.0
0.0
0.0
0.0
0.0
0.0
0.0
0.0
0.0
0.0
0.0
0.0
0.0
0.0
0.0
0.0
0.0
0.0
0.0
0.0
0.0
0.0
0.0
0.0
0.0
0.0
0.0
0.0
325.0
170.0
0.0
0.0
0.0
0.0
305.0
140.0
150.0
0.0
0.0
225.0
140.0
75.0
305.0
0.0
0.0
0.0
0.0
220.0
50.0
215.0
55.0
265.0
0.0
0.0
0.0
0.0
0.0
220.0
50.0
215.0
55.0
265.0
0.0
220.0
0.0
220.0
0.0
0.0
220.0
0.0
0.0
220.0
50.0
0.0
220.0
50.0
0.0
220.0
0.0
0.0
0.0
220.0
0.0
75.0
75.0
0.0
75.0
75.0
0.0
75.0
75.0
75.0
75.0
70.0
0.0
0.0
75.0
75.0
75.0
75.0
70.0
0.0
70.0
70.0
75.0
75.0
70.0
0.0
70.0
70.0
75.0
75.0
70.0
0.0
70.0
70.0
75.0
75.0
70.0
0.0
0.0
0.0
0.0
70.0
70.0
75.0
75.0
70.0
0.0
0.0
0.0
0.0
0.0
0.0
0.0
0.0
0.0
0.0
0.0
0.0
0.0
0.0
0.0
550.0
405.0
345.0
195.0
340.0
0.0
550.0
405.0
345.0
195.0
340.0
0.0
550.0
405.0
345.0
195.0
0.0
550.0
405.0
345.0
195.0
340.0
0.0
550.0
405.0
345.0
0.0
550.0
405.0
345.0
195.0
0.0
550.0
405.0
345.0
195.0
0.0
550.0
405.0
345.0
0.0
550.0
405.0
345.0
195.0
340.0
0.0
0.0
550.0
405.0
345.0
0.0
550.0
405.0
345.0
195.0
340.0
0.0
340.0
275.0
200.0
360.0
200.0
0.0
270.0
215.0
60.0
60.0
50.0
0.0
245.0
165.0
165.0
165.0
0.0
0.0
485.0
410.0
270.0
270.0
130.0
0.0
0.0
105.0
105.0
110.0
110.0
0.0
0.0
330.0
160.0
310.0
210.0
0.0
0.0
240.0
245.0
75.0
285.0
0.0
0.0
235.0
75.0
310.0
80.0
0.0
0.0
170.0
0.0
325.0
165.0
0.0
0.0
0.0
470.0
310.0
310.0
0.0
0.0
0.0
470.0
310.0
310.0
0.0
0.0
170.0
0.0
245.0
50.0
0.0
0.0
0.0
465.0
305.0
310.0
0.0
0.0
0.0
465.0
300.0
310.0
0.0
0.0
0.0
465.0
300.0
310.0
0.0
0.0
0.0
465.0
305.0
310.0
0.0
0.0
0.0
465.0
310.0
310.0
0.0
0.0
0.0
460.0
305.0
290.0
0.0
0.0
0.0
460.0
305.0
290.0
0.0
0.0
0.0
455.0
310.0
210.0
0.0
0.0
0.0
0.0
0.0
0.0
0.0
0.0
0.0
460.0
305.0
290.0
0.0
0.0
0.0
460.0
305.0
290.0
0.0
0.0
0.0
460.0
305.0
290.0
0.0
0.0
0.0
460.0
305.0
290.0
0.0
0.0
0.0
460.0
305.0
290.0
0.0
162.5
162.5
162.5
95.0
0.0
0.0
0.0
162.5
165.0
165.0
115.0
0.0
162.5
165.0
162.5
162.5
0.0
310.0
237.5
162.5
162.5
0.0
342.5
345.0
342.5
340.0
0.0
342.5
345.0
342.5
340.0
0.0
342.5
345.0
342.5
340.0
0.0
342.5
345.0
342.5
340.0
0.0
342.5
345.0
342.5
340.0
0.0
342.5
345.0
342.5
340.0
0.0
342.5
345.0
342.5
340.0
0.0
342.5
345.0
342.5
340.0
0.0
342.5
345.0
342.5
340.0
0.0
342.5
345.0
342.5
340.0
0.0
342.5
345.0
342.5
340.0
0.0
0.0
0.0
0.0
0.0
342.5
345.0
345.0
270.0
0.0
