0.0
262.5
265.0
262.5
262.5
0.0
262.5
265.0
265.0
260.0
187.5
0.0
262.5
265.0
265.0
260.0
187.5
0.0
262.5
265.0
265.0
260.0
187.5
0.0
262.5
265.0
265.0
260.0
187.5
0.0
262.5
265.0
265.0
260.0
187.5
0.0
262.5
265.0
265.0
260.0
187.5
0.0
262.5
265.0
265.0
260.0
187.5
0.0
262.5
265.0
265.0
260.0
187.5
0.0
262.5
265.0
265.0
260.0
187.5
0.0
262.5
0.0
262.5
265.0
265.0
260.0
187.5
0.0
262.5
0.0
0.0
262.5
265.0
265.0
260.0
187.5
0.0
262.5
265.0
265.0
260.0
187.5
0.0
262.5
265.0
265.0
260.0
187.5
0.0
262.5
265.0
265.0
260.0
187.5
0.0
310.0
237.5
237.5
235.0
120.0
0.0
310.0
237.5
237.5
235.0
120.0
0.0
310.0
237.5
237.5
235.0
120.0
0.0
310.0
237.5
237.5
235.0
120.0
0.0
310.0
237.5
237.5
235.0
0.0
310.0
235.0
237.5
172.5
0.0
310.0
237.5
235.0
237.5
0.0
310.0
237.5
237.5
235.0
120.0
0.0
310.0
237.5
237.5
235.0
120.0
0.0
310.0
237.5
237.5
235.0
120.0
0.0
310.0
237.5
237.5
235.0
120.0
0.0
310.0
237.5
237.5
235.0
120.0
0.0
310.0
237.5
237.5
235.0
120.0
0.0
342.5
345.0
345.0
340.0
217.5
0.0
310.0
232.5
232.5
230.0
165.0
0.0
267.5
190.0
350.0
185.0
272.5
0.0
0.0
267.5
0.0
0.0
262.5
190.0
240.0
185.0
272.5
0.0
262.5
0.0
0.0
262.5
0.0
0.0
262.5
190.0
240.0
185.0
272.5
0.0
262.5
190.0
0.0
262.5
190.0
0.0
0.0
262.5
190.0
0.0
0.0
262.5
190.0
240.0
0.0
262.5
190.0
240.0
0.0
262.5
190.0
0.0
262.5
0.0
262.5
0.0
262.5
190.0
0.0
342.5
335.0
0.0
342.5
335.0
0.0
342.5
345.0
345.0
340.0
217.5
0.0
0.0
342.5
345.0
345.0
340.0
217.5
0.0
342.5
345.0
345.0
340.0
217.5
0.0
342.5
345.0
345.0
340.0
217.5
0.0
342.5
345.0
345.0
340.0
217.5
0.0
0.0
0.0
0.0
342.5
345.0
345.0
340.0
217.5
0.0
0.0
0.0
0.0
0.0
0.0
0.0
0.0
0.0
0.0
0.0
0.0
162.5
0.0
162.5
0.0
162.5
0.0
162.5
160.0
70.0
240.0
50.0
0.0
162.5
160.0
70.0
240.0
50.0
0.0
162.5
160.0
70.0
240.0
50.0
0.0
162.5
160.0
70.0
240.0
50.0
0.0
162.5
160.0
70.0
240.0
0.0
162.5
160.0
70.0
240.0
50.0
0.0
162.5
160.0
70.0
240.0
50.0
0.0
162.5
160.0
70.0
0.0
162.5
160.0
70.0
240.0
50.0
0.0
162.5
0.0
162.5
160.0
70.0
0.0
162.5
160.0
70.0
240.0
50.0
0.0
162.5
160.0
70.0
240.0
50.0
0.0
162.5
135.0
140.0
55.0
165.0
0.0
162.5
160.0
155.0
70.0
195.0
0.0
162.5
160.0
155.0
82.5
185.0
0.0
162.5
160.0
155.0
82.5
100.0
0.0
162.5
150.0
300.0
142.5
220.0
0.0
162.5
150.0
295.0
142.5
135.0
0.0
162.5
160.0
155.0
152.5
25.0
0.0
162.5
160.0
155.0
152.5
25.0
0.0
162.5
150.0
295.0
142.5
70.0
0.0
162.5
150.0
295.0
142.5
70.0
0.0
162.5
160.0
155.0
152.5
25.0
0.0
162.5
295.0
150.0
142.5
70.0
0.0
162.5
295.0
150.0
142.5
220.0
0.0
162.5
380.0
380.0
377.5
155.0
0.0
162.5
380.0
380.0
377.5
155.0
0.0
162.5
380.0
380.0
377.5
155.0
0.0
162.5
165.0
165.0
162.5
75.0
0.0
162.5
165.0
165.0
162.5
75.0
0.0
162.5
165.0
165.0
162.5
310.0
0.0
162.5
165.0
165.0
162.5
55.0
0.0
162.5
165.0
165.0
162.5
75.0
0.0
162.5
165.0
165.0
162.5
75.0
0.0
162.5
165.0
165.0
162.5
75.0
0.0
162.5
165.0
165.0
162.5
75.0
0.0
162.5
165.0
165.0
162.5
75.0
0.0
162.5
165.0
165.0
160.0
0.0
0.0
0.0
162.5
162.5
165.0
105.0
0.0
162.5
165.0
162.5
162.5
0.0
310.0
237.5
162.5
162.5
0.0
342.5
345.0
342.5
342.5
0.0
342.5
345.0
342.5
342.5
0.0
342.5
345.0
342.5
342.5
0.0
342.5
345.0
342.5
342.5
0.0
342.5
345.0
342.5
342.5
0.0
342.5
345.0
342.5
342.5
0.0
342.5
345.0
342.5
342.5
0.0
342.5
345.0
342.5
342.5
0.0
342.5
345.0
342.5
342.5
0.0
342.5
345.0
342.5
342.5
0.0
342.5
345.0
342.5
342.5
0.0
0.0
260.0
0.0
0.0
0.0
342.5
342.5
345.0
260.0
0.0
