0.0
262.5
265.0
262.5
195.0
0.0
0.0
0.0
0.0
0.0
0.0
0.0
0.0
0.0
0.0
0.0
0.0
0.0
720.0
720.0
725.0
0.0
310.0
237.5
235.0
172.5
0.0
0.0
0.0
0.0
0.0
0.0
0.0
0.0
0.0
0.0
455.0
0.0
0.0
0.0
480.0
330.0
185.0
105.0
0.0
162.5
165.0
162.5
105.0
0.0
310.0
237.5
162.5
105.0
0.0
342.5
345.0
342.5
260.0
0.0
342.5
345.0
342.5
260.0
0.0
342.5
345.0
342.5
260.0
0.0
342.5
345.0
342.5
260.0
0.0
342.5
345.0
342.5
260.0
0.0
342.5
345.0
342.5
260.0
0.0
342.5
345.0
342.5
260.0
0.0
342.5
345.0
342.5
260.0
0.0
342.5
345.0
342.5
260.0
0.0
342.5
345.0
342.5
260.0
0.0
342.5
345.0
342.5
260.0
0.0
0.0
0.0
0.0
0.0
0.0
0.0
0.0
0.0
0.0
