0.0
182.5
180.0
182.5
185.0
0.0
182.5
182.5
180.0
182.5
180.0
0.0
147.5
147.5
145.0
145.0
145.0
0.0
147.5
147.5
145.0
145.0
145.0
0.0
147.5
147.5
145.0
145.0
145.0
0.0
182.5
182.5
180.0
182.5
180.0
0.0
182.5
182.5
180.0
182.5
180.0
0.0
182.5
182.5
180.0
182.5
180.0
0.0
182.5
182.5
180.0
182.5
180.0
0.0
147.5
147.5
145.0
145.0
145.0
0.0
182.5
0.0
182.5
182.5
180.0
182.5
180.0
0.0
182.5
0.0
182.5
0.0
182.5
182.5
180.0
182.5
180.0
0.0
182.5
182.5
180.0
182.5
180.0
0.0
182.5
182.5
180.0
182.5
180.0
0.0
182.5
182.5
180.0
182.5
180.0
0.0
147.5
147.5
145.0
145.0
145.0
0.0
147.5
147.5
145.0
145.0
145.0
0.0
147.5
147.5
145.0
145.0
145.0
0.0
147.5
147.5
145.0
145.0
145.0
0.0
147.5
147.5
145.0
145.0
0.0
147.5
147.5
145.0
145.0
0.0
147.5
145.0
147.5
145.0
0.0
147.5
147.5
145.0
145.0
145.0
0.0
147.5
147.5
145.0
145.0
145.0
0.0
147.5
147.5
145.0
145.0
145.0
0.0
147.5
147.5
145.0
145.0
145.0
0.0
147.5
147.5
145.0
145.0
145.0
0.0
147.5
147.5
145.0
145.0
145.0
0.0
220.0
135.0
135.0
137.5
135.0
0.0
147.5
147.5
145.0
145.0
145.0
0.0
220.0
135.0
135.0
137.5
135.0
0.0
220.0
0.0
220.0
0.0
220.0
0.0
135.0
135.0
135.0
137.5
135.0
0.0
135.0
0.0
135.0
0.0
135.0
0.0
135.0
0.0
135.0
135.0
135.0
137.5
135.0
0.0
135.0
135.0
0.0
135.0
135.0
0.0
135.0
0.0
135.0
135.0
0.0
135.0
0.0
135.0
135.0
135.0
0.0
135.0
135.0
135.0
0.0
135.0
135.0
0.0
135.0
0.0
135.0
0.0
135.0
135.0
0.0
135.0
135.0
0.0
135.0
135.0
0.0
135.0
135.0
135.0
137.5
135.0
0.0
135.0
0.0
135.0
135.0
135.0
137.5
135.0
0.0
135.0
135.0
135.0
137.5
135.0
0.0
135.0
135.0
135.0
137.5
135.0
0.0
135.0
135.0
135.0
137.5
135.0
0.0
135.0
0.0
135.0
0.0
135.0
0.0
135.0
135.0
135.0
137.5
135.0
0.0
135.0
0.0
135.0
0.0
135.0
0.0
135.0
0.0
135.0
0.0
135.0
0.0
135.0
0.0
135.0
0.0
135.0
0.0
135.0
0.0
135.0
0.0
135.0
0.0
135.0
0.0
135.0
0.0
135.0
135.0
200.0
165.0
232.5
0.0
135.0
135.0
200.0
165.0
232.5
0.0
135.0
135.0
200.0
165.0
232.5
0.0
135.0
135.0
200.0
165.0
232.5
0.0
135.0
135.0
200.0
165.0
0.0
135.0
135.0
200.0
165.0
232.5
0.0
135.0
135.0
200.0
165.0
232.5
0.0
135.0
135.0
200.0
165.0
0.0
135.0
135.0
200.0
165.0
232.5
0.0
135.0
0.0
135.0
135.0
200.0
165.0
0.0
135.0
135.0
200.0
165.0
232.5
0.0
135.0
135.0
200.0
137.5
200.0
0.0
135.0
200.0
127.5
122.5
107.5
0.0
122.5
122.5
120.0
120.0
120.0
0.0
122.5
122.5
120.0
120.0
120.0
0.0
122.5
122.5
120.0
120.0
120.0
0.0
122.5
122.5
120.0
120.0
120.0
0.0
122.5
122.5
120.0
120.0
120.0
0.0
122.5
122.5
120.0
120.0
120.0
0.0
122.5
122.5
120.0
120.0
120.0
0.0
122.5
122.5
120.0
120.0
120.0
0.0
122.5
122.5
120.0
120.0
120.0
0.0
122.5
122.5
120.0
120.0
120.0
0.0
122.5
122.5
120.0
120.0
120.0
0.0
122.5
122.5
120.0
120.0
120.0
0.0
122.5
122.5
120.0
120.0
120.0
0.0
122.5
122.5
120.0
120.0
120.0
0.0
122.5
122.5
120.0
120.0
120.0
0.0
122.5
122.5
120.0
120.0
120.0
0.0
122.5
122.5
120.0
120.0
120.0
0.0
122.5
122.5
120.0
120.0
120.0
0.0
122.5
122.5
120.0
120.0
120.0
0.0
122.5
122.5
120.0
120.0
120.0
0.0
122.5
122.5
120.0
120.0
120.0
0.0
122.5
122.5
120.0
120.0
120.0
0.0
122.5
122.5
120.0
120.0
120.0
0.0
122.5
122.5
120.0
120.0
120.0
0.0
122.5
122.5
120.0
120.0
0.0
50.0
0.0
122.5
122.5
120.0
117.5
0.0
122.5
120.0
122.5
120.0
0.0
147.5
120.0
317.5
170.0
0.0
220.0
217.5
220.0
220.0
0.0
220.0
217.5
220.0
220.0
0.0
220.0
217.5
220.0
220.0
0.0
220.0
217.5
220.0
220.0
0.0
220.0
217.5
220.0
220.0
0.0
220.0
217.5
220.0
220.0
0.0
220.0
217.5
220.0
220.0
0.0
220.0
217.5
220.0
220.0
0.0
220.0
217.5
220.0
220.0
0.0
220.0
217.5
220.0
220.0
0.0
220.0
217.5
220.0
220.0
0.0
0.0
135.0
0.0
0.0
0.0
0.0
0.0
0.0
0.0
0.0
220.0
0.0
220.0
220.0
217.5
220.0
0.0
0.0
135.0
