0.0
205.0
207.5
210.0
210.0
0.0
0.0
0.0
0.0
0.0
0.0
0.0
0.0
0.0
0.0
0.0
0.0
0.0
0.0
0.0
0.0
0.0
0.0
0.0
0.0
0.0
0.0
0.0
0.0
0.0
0.0
0.0
0.0
0.0
0.0
0.0
0.0
0.0
0.0
0.0
0.0
0.0
0.0
0.0
0.0
0.0
0.0
0.0
0.0
0.0
0.0
0.0
0.0
0.0
0.0
0.0
0.0
0.0
0.0
0.0
0.0
0.0
0.0
0.0
0.0
0.0
0.0
0.0
0.0
0.0
0.0
0.0
0.0
0.0
0.0
0.0
0.0
0.0
0.0
0.0
0.0
0.0
0.0
0.0
0.0
0.0
0.0
0.0
0.0
0.0
0.0
0.0
0.0
0.0
0.0
0.0
0.0
0.0
0.0
0.0
0.0
0.0
0.0
0.0
0.0
0.0
0.0
0.0
0.0
0.0
0.0
0.0
0.0
0.0
0.0
0.0
205.0
207.5
210.0
140.0
0.0
205.0
207.5
210.0
155.0
0.0
205.0
207.5
210.0
210.0
0.0
0.0
0.0
0.0
0.0
0.0
0.0
0.0
0.0
0.0
0.0
0.0
0.0
0.0
0.0
0.0
0.0
0.0
0.0
0.0
0.0
0.0
0.0
0.0
0.0
0.0
0.0
0.0
0.0
0.0
0.0
0.0
0.0
0.0
0.0
0.0
0.0
0.0
0.0
330.0
165.0
50.0
0.0
0.0
50.0
360.0
210.0
50.0
0.0
0.0
310.0
145.0
70.0
360.0
0.0
0.0
0.0
0.0
330.0
155.0
385.0
220.0
160.0
0.0
0.0
0.0
0.0
0.0
330.0
155.0
385.0
220.0
160.0
0.0
330.0
0.0
330.0
0.0
0.0
330.0
0.0
0.0
330.0
155.0
0.0
330.0
155.0
0.0
330.0
0.0
0.0
0.0
330.0
0.0
160.0
155.0
0.0
160.0
155.0
0.0
160.0
155.0
160.0
155.0
160.0
0.0
0.0
160.0
155.0
160.0
155.0
160.0
0.0
170.0
165.0
165.0
170.0
170.0
0.0
170.0
165.0
165.0
170.0
170.0
0.0
170.0
165.0
165.0
170.0
170.0
0.0
0.0
0.0
0.0
170.0
165.0
165.0
170.0
170.0
0.0
0.0
0.0
0.0
0.0
0.0
0.0
0.0
0.0
0.0
0.0
0.0
0.0
0.0
0.0
245.0
165.0
0.0
165.0
0.0
0.0
245.0
165.0
0.0
165.0
0.0
0.0
245.0
165.0
0.0
165.0
0.0
245.0
165.0
0.0
165.0
0.0
0.0
245.0
165.0
0.0
0.0
245.0
165.0
0.0
165.0
0.0
245.0
165.0
0.0
165.0
0.0
245.0
165.0
0.0
0.0
245.0
165.0
0.0
165.0
0.0
0.0
0.0
245.0
165.0
0.0
0.0
245.0
165.0
0.0
165.0
0.0
0.0
610.0
440.0
605.0
440.0
635.0
0.0
415.0
340.0
195.0
195.0
340.0
0.0
330.0
255.0
120.0
120.0
0.0
0.0
215.0
220.0
220.0
55.0
165.0
0.0
0.0
320.0
160.0
330.0
165.0
0.0
0.0
215.0
215.0
55.0
215.0
0.0
0.0
330.0
330.0
170.0
170.0
0.0
0.0
325.0
170.0
0.0
325.0
0.0
0.0
310.0
140.0
70.0
280.0
0.0
0.0
170.0
0.0
320.0
160.0
0.0
0.0
170.0
0.0
320.0
160.0
0.0
0.0
240.0
240.0
70.0
280.0
0.0
0.0
0.0
330.0
170.0
165.0
0.0
0.0
0.0
330.0
170.0
165.0
0.0
0.0
0.0
615.0
460.0
315.0
0.0
0.0
0.0
465.0
305.0
310.0
0.0
0.0
0.0
465.0
320.0
160.0
0.0
0.0
0.0
465.0
320.0
160.0
0.0
0.0
0.0
465.0
320.0
160.0
0.0
0.0
0.0
750.0
610.0
450.0
0.0
0.0
0.0
0.0
0.0
710.0
0.0
0.0
0.0
465.0
320.0
160.0
0.0
0.0
0.0
465.0
320.0
160.0
0.0
0.0
0.0
465.0
320.0
160.0
0.0
0.0
0.0
465.0
320.0
160.0
0.0
0.0
0.0
465.0
320.0
160.0
0.0
102.5
400.0
250.0
330.0
0.0
0.0
0.0
102.5
400.0
255.0
335.0
0.0
102.5
170.0
170.0
170.0
0.0
212.5
142.5
117.5
442.5
0.0
242.5
245.0
247.5
247.5
0.0
242.5
245.0
247.5
247.5
0.0
242.5
245.0
247.5
247.5
0.0
242.5
245.0
247.5
247.5
0.0
242.5
245.0
247.5
247.5
0.0
242.5
245.0
247.5
247.5
0.0
242.5
245.0
247.5
247.5
0.0
242.5
245.0
247.5
247.5
0.0
242.5
245.0
247.5
247.5
0.0
242.5
245.0
247.5
247.5
0.0
242.5
245.0
247.5
247.5
0.0
0.0
0.0
0.0
0.0
242.5
245.0
247.5
172.5
0.0
