0.0
182.5
182.5
185.0
135.0
0.0
0.0
0.0
0.0
0.0
0.0
0.0
0.0
0.0
0.0
0.0
0.0
0.0
0.0
0.0
0.0
0.0
0.0
0.0
0.0
0.0
0.0
0.0
0.0
0.0
0.0
0.0
0.0
0.0
0.0
0.0
0.0
0.0
0.0
0.0
0.0
0.0
0.0
0.0
0.0
0.0
0.0
0.0
0.0
0.0
0.0
0.0
0.0
0.0
0.0
0.0
0.0
0.0
0.0
0.0
0.0
0.0
0.0
0.0
0.0
0.0
0.0
0.0
0.0
0.0
0.0
0.0
0.0
0.0
0.0
0.0
0.0
0.0
0.0
0.0
0.0
0.0
0.0
0.0
0.0
0.0
0.0
0.0
0.0
0.0
0.0
0.0
0.0
0.0
0.0
0.0
0.0
0.0
0.0
0.0
0.0
0.0
0.0
0.0
0.0
0.0
0.0
0.0
0.0
0.0
0.0
0.0
0.0
0.0
0.0
0.0
425.0
425.0
430.0
360.0
0.0
147.5
145.0
147.5
82.5
0.0
147.5
147.5
147.5
72.5
0.0
0.0
0.0
0.0
0.0
0.0
0.0
0.0
0.0
0.0
0.0
0.0
0.0
0.0
0.0
0.0
0.0
0.0
0.0
0.0
0.0
0.0
0.0
0.0
0.0
0.0
0.0
0.0
0.0
0.0
0.0
0.0
0.0
0.0
0.0
0.0
0.0
0.0
0.0
0.0
0.0
325.0
0.0
0.0
0.0
0.0
330.0
60.0
0.0
0.0
0.0
0.0
330.0
170.0
0.0
0.0
0.0
0.0
0.0
310.0
230.0
70.0
220.0
0.0
0.0
0.0
0.0
0.0
0.0
310.0
230.0
70.0
220.0
0.0
0.0
0.0
0.0
0.0
0.0
0.0
0.0
0.0
0.0
310.0
0.0
0.0
310.0
0.0
0.0
0.0
0.0
0.0
0.0
0.0
160.0
155.0
0.0
160.0
155.0
0.0
160.0
155.0
160.0
160.0
160.0
0.0
0.0
160.0
155.0
160.0
160.0
160.0
0.0
150.0
150.0
150.0
150.0
150.0
0.0
150.0
150.0
150.0
150.0
150.0
0.0
150.0
150.0
150.0
150.0
150.0
0.0
0.0
0.0
0.0
150.0
150.0
150.0
150.0
150.0
0.0
0.0
0.0
0.0
0.0
0.0
0.0
0.0
0.0
0.0
0.0
0.0
0.0
0.0
0.0
0.0
330.0
155.0
330.0
160.0
0.0
0.0
330.0
155.0
330.0
160.0
0.0
0.0
330.0
155.0
330.0
0.0
0.0
330.0
155.0
330.0
160.0
0.0
0.0
330.0
155.0
0.0
0.0
330.0
155.0
330.0
0.0
0.0
330.0
155.0
330.0
0.0
0.0
330.0
155.0
0.0
0.0
330.0
155.0
330.0
160.0
0.0
0.0
0.0
330.0
155.0
0.0
0.0
330.0
155.0
330.0
160.0
0.0
0.0
170.0
165.0
170.0
0.0
0.0
0.0
170.0
0.0
0.0
0.0
0.0
0.0
0.0
330.0
160.0
305.0
0.0
0.0
0.0
325.0
170.0
0.0
0.0
0.0
0.0
465.0
305.0
290.0
0.0
0.0
0.0
535.0
385.0
60.0
0.0
0.0
0.0
0.0
325.0
165.0
0.0
0.0
0.0
0.0
240.0
50.0
0.0
0.0
0.0
0.0
0.0
450.0
0.0
0.0
0.0
0.0
330.0
60.0
0.0
0.0
0.0
0.0
330.0
60.0
0.0
0.0
0.0
0.0
0.0
315.0
0.0
0.0
0.0
0.0
0.0
320.0
0.0
0.0
0.0
0.0
0.0
320.0
0.0
0.0
0.0
0.0
0.0
530.0
0.0
0.0
0.0
0.0
0.0
110.0
0.0
0.0
0.0
0.0
0.0
110.0
0.0
0.0
0.0
0.0
0.0
110.0
0.0
0.0
0.0
0.0
0.0
50.0
0.0
0.0
0.0
0.0
0.0
50.0
0.0
0.0
0.0
0.0
0.0
0.0
0.0
0.0
0.0
0.0
0.0
50.0
0.0
0.0
0.0
0.0
0.0
50.0
0.0
0.0
0.0
0.0
0.0
50.0
0.0
0.0
0.0
0.0
0.0
50.0
0.0
0.0
0.0
0.0
0.0
50.0
0.0
625.0
480.0
340.0
195.0
0.0
0.0
0.0
122.5
120.0
120.0
75.0
0.0
122.5
122.5
120.0
65.0
0.0
147.5
122.5
320.0
80.0
0.0
220.0
220.0
220.0
145.0
0.0
220.0
220.0
220.0
145.0
0.0
220.0
220.0
220.0
145.0
0.0
220.0
220.0
220.0
145.0
0.0
220.0
220.0
220.0
145.0
0.0
220.0
220.0
220.0
145.0
0.0
220.0
220.0
220.0
145.0
0.0
220.0
220.0
220.0
145.0
0.0
220.0
220.0
220.0
145.0
0.0
220.0
220.0
220.0
145.0
0.0
220.0
220.0
220.0
145.0
0.0
0.0
0.0
0.0
0.0
220.0
217.5
220.0
155.0
0.0
