0.0
182.5
180.0
182.5
185.0
0.0
310.0
310.0
300.0
300.0
160.0
0.0
190.0
190.0
190.0
190.0
80.0
0.0
50.0
465.0
470.0
475.0
475.0
0.0
0.0
490.0
495.0
500.0
500.0
0.0
310.0
310.0
300.0
300.0
160.0
0.0
310.0
310.0
300.0
300.0
160.0
0.0
310.0
310.0
300.0
300.0
160.0
0.0
350.0
350.0
345.0
340.0
265.0
0.0
0.0
0.0
145.0
150.0
150.0
0.0
0.0
310.0
310.0
300.0
300.0
160.0
0.0
0.0
0.0
310.0
310.0
300.0
300.0
0.0
310.0
310.0
300.0
300.0
160.0
0.0
310.0
310.0
300.0
300.0
160.0
0.0
310.0
310.0
300.0
300.0
160.0
0.0
0.0
0.0
0.0
75.0
240.0
0.0
0.0
0.0
0.0
75.0
240.0
0.0
0.0
0.0
0.0
75.0
240.0
0.0
0.0
0.0
0.0
75.0
240.0
0.0
195.0
195.0
192.5
197.5
0.0
195.0
195.0
192.5
127.5
0.0
195.0
192.5
195.0
195.0
0.0
0.0
0.0
0.0
75.0
240.0
0.0
0.0
0.0
0.0
0.0
0.0
0.0
0.0
0.0
0.0
0.0
0.0
0.0
0.0
0.0
0.0
0.0
230.0
0.0
0.0
0.0
0.0
0.0
260.0
0.0
0.0
0.0
0.0
75.0
240.0
0.0
0.0
215.0
55.0
215.0
30.0
0.0
0.0
295.0
220.0
380.0
225.0
0.0
50.0
500.0
355.0
515.0
360.0
0.0
0.0
0.0
0.0
310.0
235.0
235.0
75.0
305.0
0.0
0.0
0.0
0.0
0.0
310.0
235.0
235.0
75.0
305.0
0.0
310.0
0.0
310.0
0.0
0.0
310.0
0.0
0.0
310.0
235.0
0.0
310.0
235.0
0.0
310.0
0.0
0.0
0.0
310.0
235.0
0.0
50.0
50.0
0.0
50.0
50.0
0.0
50.0
50.0
50.0
50.0
50.0
0.0
0.0
50.0
50.0
50.0
50.0
50.0
0.0
145.0
145.0
145.0
145.0
150.0
0.0
145.0
145.0
145.0
145.0
150.0
0.0
145.0
145.0
145.0
145.0
150.0
0.0
0.0
0.0
0.0
145.0
145.0
145.0
145.0
150.0
0.0
0.0
0.0
0.0
0.0
0.0
0.0
0.0
0.0
0.0
0.0
0.0
0.0
0.0
0.0
470.0
410.0
345.0
290.0
465.0
0.0
470.0
410.0
345.0
290.0
465.0
0.0
470.0
410.0
345.0
290.0
465.0
0.0
470.0
410.0
345.0
290.0
465.0
0.0
470.0
410.0
345.0
0.0
470.0
410.0
345.0
290.0
0.0
470.0
410.0
345.0
290.0
0.0
470.0
410.0
345.0
0.0
470.0
410.0
345.0
290.0
465.0
0.0
0.0
470.0
410.0
345.0
0.0
470.0
410.0
345.0
290.0
465.0
0.0
615.0
445.0
615.0
445.0
675.0
0.0
560.0
495.0
350.0
205.0
360.0
0.0
555.0
490.0
340.0
200.0
420.0
0.0
555.0
490.0
340.0
200.0
360.0
0.0
220.0
215.0
50.0
220.0
50.0
0.0
730.0
665.0
510.0
360.0
200.0
0.0
355.0
280.0
135.0
135.0
70.0
0.0
555.0
410.0
260.0
110.0
95.0
0.0
555.0
410.0
260.0
110.0
95.0
0.0
340.0
275.0
120.0
50.0
210.0
0.0
340.0
275.0
120.0
50.0
210.0
0.0
555.0
410.0
260.0
110.0
95.0
0.0
730.0
665.0
510.0
445.0
585.0
0.0
730.0
665.0
510.0
445.0
575.0
0.0
730.0
580.0
425.0
280.0
95.0
0.0
730.0
580.0
425.0
280.0
95.0
0.0
730.0
580.0
425.0
280.0
95.0
0.0
730.0
580.0
425.0
280.0
95.0
0.0
730.0
580.0
425.0
280.0
95.0
0.0
730.0
580.0
425.0
280.0
95.0
0.0
730.0
580.0
425.0
280.0
95.0
0.0
730.0
580.0
425.0
280.0
95.0
0.0
730.0
580.0
425.0
280.0
95.0
0.0
730.0
580.0
425.0
280.0
95.0
0.0
730.0
580.0
425.0
280.0
95.0
0.0
730.0
580.0
425.0
280.0
95.0
0.0
122.5
122.5
120.0
122.5
0.0
0.0
0.0
122.5
122.5
120.0
60.0
0.0
122.5
120.0
122.5
120.0
0.0
147.5
120.0
317.5
170.0
0.0
220.0
217.5
220.0
220.0
0.0
220.0
217.5
220.0
220.0
0.0
220.0
217.5
220.0
220.0
0.0
220.0
217.5
220.0
220.0
0.0
220.0
217.5
220.0
220.0
0.0
220.0
217.5
220.0
220.0
0.0
220.0
217.5
220.0
220.0
0.0
220.0
217.5
220.0
220.0
0.0
220.0
217.5
220.0
220.0
0.0
220.0
217.5
220.0
220.0
0.0
220.0
217.5
220.0
220.0
0.0
0.0
0.0
0.0
0.0
220.0
220.0
217.5
127.5
0.0
