0.0
225.0
152.5
152.5
150.0
0.0
0.0
0.0
0.0
0.0
0.0
0.0
0.0
0.0
0.0
0.0
0.0
0.0
0.0
0.0
0.0
0.0
0.0
0.0
0.0
0.0
0.0
0.0
0.0
0.0
0.0
0.0
0.0
0.0
0.0
0.0
0.0
0.0
0.0
0.0
0.0
0.0
0.0
0.0
0.0
0.0
0.0
0.0
0.0
0.0
0.0
0.0
0.0
0.0
0.0
0.0
0.0
0.0
0.0
0.0
0.0
0.0
0.0
0.0
0.0
0.0
0.0
0.0
0.0
0.0
0.0
0.0
0.0
0.0
0.0
0.0
0.0
0.0
0.0
0.0
0.0
0.0
0.0
0.0
0.0
0.0
0.0
0.0
0.0
0.0
0.0
0.0
0.0
0.0
0.0
0.0
0.0
0.0
0.0
0.0
0.0
0.0
0.0
0.0
0.0
0.0
0.0
0.0
0.0
0.0
0.0
0.0
0.0
0.0
0.0
0.0
420.0
420.0
415.0
425.0
0.0
225.0
222.5
222.5
97.5
0.0
225.0
225.0
225.0
150.0
0.0
0.0
0.0
0.0
0.0
0.0
0.0
0.0
0.0
0.0
0.0
0.0
0.0
0.0
0.0
0.0
0.0
0.0
0.0
0.0
0.0
0.0
0.0
0.0
0.0
0.0
0.0
0.0
0.0
0.0
0.0
0.0
0.0
0.0
0.0
0.0
0.0
0.0
0.0
0.0
235.0
75.0
0.0
0.0
0.0
375.0
220.0
515.0
0.0
0.0
0.0
470.0
310.0
310.0
0.0
0.0
0.0
0.0
220.0
50.0
220.0
55.0
255.0
0.0
0.0
0.0
0.0
0.0
220.0
50.0
220.0
55.0
255.0
0.0
220.0
0.0
220.0
0.0
0.0
220.0
0.0
0.0
220.0
50.0
0.0
220.0
50.0
0.0
220.0
0.0
0.0
0.0
220.0
0.0
170.0
170.0
0.0
170.0
170.0
0.0
170.0
170.0
165.0
165.0
165.0
0.0
0.0
170.0
170.0
165.0
165.0
165.0
0.0
145.0
145.0
145.0
145.0
150.0
0.0
145.0
145.0
145.0
145.0
150.0
0.0
145.0
145.0
145.0
145.0
150.0
0.0
0.0
0.0
0.0
145.0
145.0
145.0
145.0
150.0
0.0
0.0
0.0
0.0
0.0
0.0
0.0
0.0
0.0
0.0
0.0
0.0
0.0
0.0
0.0
50.0
220.0
50.0
210.0
50.0
0.0
50.0
220.0
50.0
210.0
50.0
0.0
50.0
220.0
50.0
210.0
0.0
50.0
220.0
50.0
210.0
50.0
0.0
50.0
220.0
50.0
0.0
50.0
220.0
50.0
210.0
0.0
50.0
220.0
50.0
210.0
0.0
50.0
220.0
50.0
0.0
50.0
220.0
50.0
210.0
50.0
0.0
0.0
50.0
220.0
50.0
0.0
50.0
220.0
50.0
210.0
50.0
0.0
0.0
325.0
170.0
0.0
165.0
0.0
0.0
330.0
160.0
325.0
170.0
0.0
0.0
330.0
170.0
170.0
0.0
0.0
0.0
225.0
50.0
55.0
275.0
0.0
0.0
245.0
165.0
0.0
50.0
0.0
0.0
0.0
330.0
160.0
310.0
0.0
0.0
0.0
305.0
145.0
150.0
0.0
0.0
0.0
525.0
370.0
225.0
0.0
0.0
0.0
385.0
225.0
220.0
0.0
0.0
0.0
525.0
370.0
210.0
0.0
0.0
0.0
525.0
370.0
210.0
0.0
0.0
0.0
385.0
225.0
220.0
0.0
0.0
0.0
465.0
305.0
190.0
0.0
0.0
0.0
465.0
305.0
190.0
0.0
0.0
0.0
320.0
160.0
355.0
0.0
0.0
0.0
0.0
320.0
160.0
0.0
0.0
0.0
0.0
0.0
710.0
0.0
0.0
0.0
0.0
305.0
230.0
0.0
0.0
0.0
0.0
305.0
230.0
0.0
0.0
0.0
0.0
160.0
410.0
0.0
0.0
0.0
0.0
0.0
0.0
0.0
0.0
0.0
0.0
305.0
230.0
0.0
0.0
0.0
0.0
305.0
230.0
0.0
0.0
0.0
0.0
305.0
230.0
0.0
0.0
0.0
0.0
305.0
230.0
0.0
0.0
0.0
0.0
305.0
230.0
0.0
525.0
375.0
215.0
525.0
0.0
0.0
0.0
257.5
255.0
255.0
187.5
0.0
257.5
257.5
257.5
257.5
0.0
225.0
195.0
120.0
562.5
0.0
257.5
257.5
257.5
257.5
0.0
257.5
257.5
257.5
257.5
0.0
257.5
257.5
257.5
257.5
0.0
257.5
257.5
257.5
257.5
0.0
257.5
257.5
257.5
257.5
0.0
257.5
257.5
257.5
257.5
0.0
257.5
257.5
257.5
257.5
0.0
257.5
257.5
257.5
257.5
0.0
257.5
257.5
257.5
257.5
0.0
257.5
257.5
257.5
257.5
0.0
257.5
257.5
257.5
257.5
0.0
0.0
0.0
0.0
0.0
257.5
255.0
255.0
187.5
0.0
