0.0
182.5
180.0
182.5
122.5
0.0
0.0
0.0
0.0
0.0
0.0
0.0
0.0
0.0
0.0
0.0
0.0
0.0
0.0
0.0
0.0
0.0
0.0
0.0
0.0
0.0
0.0
0.0
0.0
0.0
0.0
0.0
0.0
0.0
0.0
0.0
0.0
0.0
0.0
0.0
0.0
0.0
0.0
0.0
0.0
0.0
0.0
0.0
0.0
0.0
0.0
0.0
0.0
0.0
0.0
0.0
0.0
0.0
0.0
0.0
0.0
0.0
0.0
0.0
0.0
0.0
0.0
0.0
0.0
0.0
0.0
0.0
0.0
0.0
0.0
0.0
0.0
0.0
0.0
0.0
0.0
0.0
0.0
0.0
0.0
0.0
0.0
0.0
0.0
0.0
0.0
0.0
0.0
0.0
0.0
0.0
0.0
0.0
0.0
0.0
0.0
0.0
0.0
0.0
0.0
0.0
0.0
0.0
0.0
0.0
0.0
0.0
0.0
0.0
0.0
0.0
0.0
0.0
0.0
0.0
0.0
335.0
335.0
330.0
330.0
0.0
147.5
145.0
147.5
72.5
0.0
0.0
0.0
0.0
0.0
0.0
0.0
0.0
0.0
0.0
0.0
0.0
0.0
0.0
0.0
0.0
0.0
0.0
0.0
0.0
0.0
0.0
0.0
0.0
0.0
0.0
0.0
0.0
0.0
0.0
0.0
0.0
0.0
0.0
0.0
0.0
0.0
0.0
0.0
0.0
0.0
0.0
0.0
0.0
0.0
0.0
0.0
0.0
0.0
0.0
0.0
0.0
0.0
0.0
0.0
0.0
0.0
0.0
0.0
0.0
0.0
215.0
160.0
0.0
0.0
0.0
0.0
0.0
0.0
0.0
0.0
215.0
160.0
0.0
0.0
0.0
0.0
0.0
0.0
0.0
0.0
0.0
0.0
0.0
0.0
0.0
0.0
0.0
0.0
0.0
0.0
0.0
0.0
0.0
170.0
165.0
0.0
170.0
165.0
0.0
170.0
165.0
170.0
170.0
165.0
0.0
0.0
170.0
165.0
170.0
170.0
165.0
0.0
170.0
165.0
170.0
170.0
170.0
0.0
170.0
165.0
170.0
170.0
170.0
0.0
170.0
165.0
170.0
170.0
170.0
0.0
0.0
0.0
0.0
170.0
165.0
170.0
170.0
170.0
0.0
0.0
0.0
0.0
0.0
0.0
0.0
0.0
0.0
0.0
0.0
0.0
0.0
0.0
0.0
0.0
0.0
165.0
165.0
0.0
0.0
0.0
0.0
165.0
165.0
0.0
0.0
0.0
0.0
165.0
165.0
0.0
0.0
0.0
165.0
165.0
0.0
0.0
0.0
0.0
165.0
0.0
0.0
0.0
165.0
165.0
0.0
0.0
0.0
165.0
165.0
0.0
0.0
0.0
165.0
0.0
0.0
0.0
165.0
165.0
0.0
0.0
0.0
0.0
0.0
165.0
0.0
0.0
0.0
165.0
165.0
0.0
0.0
0.0
0.0
0.0
0.0
0.0
0.0
0.0
0.0
0.0
0.0
0.0
0.0
0.0
0.0
0.0
0.0
0.0
0.0
0.0
0.0
0.0
0.0
0.0
0.0
0.0
0.0
0.0
0.0
0.0
0.0
0.0
0.0
0.0
0.0
0.0
0.0
0.0
0.0
0.0
0.0
0.0
0.0
0.0
0.0
0.0
0.0
0.0
0.0
0.0
0.0
0.0
0.0
0.0
0.0
0.0
0.0
0.0
0.0
0.0
0.0
0.0
0.0
0.0
0.0
0.0
0.0
0.0
0.0
0.0
0.0
0.0
0.0
0.0
0.0
0.0
0.0
0.0
0.0
0.0
0.0
0.0
0.0
0.0
0.0
0.0
0.0
0.0
0.0
0.0
0.0
0.0
0.0
0.0
0.0
0.0
0.0
0.0
0.0
0.0
0.0
0.0
0.0
0.0
0.0
0.0
0.0
0.0
0.0
0.0
0.0
0.0
0.0
0.0
0.0
0.0
0.0
0.0
0.0
0.0
0.0
0.0
0.0
0.0
0.0
0.0
0.0
0.0
0.0
0.0
0.0
0.0
0.0
0.0
0.0
0.0
0.0
0.0
0.0
0.0
0.0
0.0
0.0
0.0
0.0
0.0
0.0
0.0
0.0
0.0
0.0
0.0
0.0
0.0
0.0
0.0
0.0
0.0
0.0
465.0
310.0
0.0
0.0
0.0
300.0
300.0
140.0
140.0
0.0
220.0
217.5
220.0
72.5
0.0
147.5
120.0
317.5
122.5
0.0
220.0
217.5
220.0
140.0
0.0
220.0
217.5
220.0
140.0
0.0
220.0
217.5
220.0
140.0
0.0
220.0
217.5
220.0
140.0
0.0
220.0
217.5
220.0
140.0
0.0
220.0
217.5
220.0
140.0
0.0
220.0
217.5
220.0
140.0
0.0
220.0
217.5
220.0
140.0
0.0
220.0
217.5
220.0
140.0
0.0
220.0
217.5
220.0
140.0
0.0
220.0
217.5
220.0
140.0
0.0
0.0
0.0
0.0
0.0
0.0
0.0
0.0
0.0
0.0
