0.0
195.0
197.5
195.0
192.5
0.0
195.0
195.0
192.5
192.5
192.5
0.0
195.0
195.0
192.5
192.5
192.5
0.0
195.0
195.0
192.5
192.5
192.5
0.0
195.0
195.0
192.5
192.5
192.5
0.0
195.0
195.0
192.5
192.5
192.5
0.0
195.0
195.0
192.5
192.5
192.5
0.0
195.0
195.0
192.5
192.5
192.5
0.0
195.0
195.0
195.0
195.0
195.0
0.0
195.0
195.0
195.0
195.0
195.0
0.0
195.0
0.0
195.0
195.0
192.5
192.5
192.5
0.0
195.0
0.0
195.0
0.0
195.0
195.0
192.5
192.5
192.5
0.0
195.0
195.0
192.5
192.5
192.5
0.0
195.0
195.0
192.5
192.5
192.5
0.0
195.0
195.0
192.5
192.5
192.5
0.0
195.0
195.0
192.5
192.5
192.5
0.0
195.0
195.0
192.5
192.5
192.5
0.0
195.0
195.0
192.5
192.5
192.5
0.0
195.0
195.0
192.5
192.5
192.5
0.0
195.0
195.0
192.5
192.5
0.0
195.0
195.0
192.5
185.0
0.0
195.0
197.5
195.0
192.5
0.0
195.0
195.0
192.5
192.5
192.5
0.0
195.0
195.0
192.5
192.5
192.5
0.0
195.0
195.0
192.5
192.5
192.5
0.0
227.5
227.5
195.0
195.0
195.0
0.0
227.5
227.5
195.0
195.0
195.0
0.0
195.0
195.0
192.5
192.5
192.5
0.0
227.5
142.5
142.5
142.5
142.5
0.0
195.0
110.0
270.0
110.0
270.0
0.0
227.5
142.5
142.5
142.5
142.5
0.0
227.5
0.0
227.5
0.0
0.0
147.5
225.0
190.0
345.0
190.0
0.0
147.5
0.0
147.5
0.0
147.5
0.0
147.5
0.0
147.5
225.0
190.0
345.0
190.0
0.0
147.5
225.0
0.0
147.5
225.0
0.0
147.5
0.0
147.5
225.0
0.0
147.5
0.0
147.5
225.0
190.0
0.0
147.5
225.0
190.0
0.0
147.5
225.0
0.0
147.5
0.0
147.5
0.0
147.5
225.0
0.0
147.5
145.0
0.0
147.5
145.0
0.0
147.5
150.0
145.0
145.0
145.0
0.0
147.5
0.0
147.5
150.0
145.0
145.0
145.0
0.0
147.5
150.0
145.0
145.0
145.0
0.0
147.5
150.0
145.0
145.0
145.0
0.0
147.5
150.0
145.0
145.0
145.0
0.0
147.5
0.0
147.5
0.0
147.5
0.0
147.5
150.0
145.0
145.0
145.0
0.0
147.5
0.0
147.5
0.0
147.5
0.0
147.5
0.0
0.0
147.5
0.0
147.5
0.0
147.5
0.0
147.5
0.0
147.5
0.0
147.5
0.0
147.5
0.0
147.5
0.0
147.5
0.0
147.5
120.0
80.0
140.0
85.0
0.0
147.5
120.0
80.0
140.0
85.0
0.0
147.5
120.0
80.0
140.0
85.0
0.0
147.5
120.0
80.0
140.0
85.0
0.0
147.5
120.0
80.0
140.0
0.0
147.5
120.0
80.0
140.0
85.0
0.0
147.5
120.0
80.0
140.0
85.0
0.0
147.5
120.0
80.0
140.0
0.0
147.5
120.0
80.0
140.0
85.0
0.0
147.5
0.0
147.5
120.0
80.0
140.0
0.0
147.5
120.0
80.0
140.0
85.0
0.0
147.5
230.0
200.0
30.0
190.0
0.0
147.5
225.0
190.0
350.0
190.0
0.0
147.5
225.0
190.0
350.0
190.0
0.0
162.5
237.5
160.0
325.0
160.0
0.0
227.5
150.0
145.0
145.0
145.0
0.0
227.5
142.5
287.5
287.5
287.5
0.0
227.5
142.5
287.5
287.5
287.5
0.0
227.5
142.5
287.5
287.5
287.5
0.0
227.5
142.5
292.5
292.5
292.5
0.0
227.5
142.5
292.5
292.5
292.5
0.0
227.5
142.5
292.5
292.5
292.5
0.0
227.5
142.5
292.5
292.5
292.5
0.0
227.5
227.5
145.0
145.0
145.0
0.0
227.5
227.5
145.0
145.0
145.0
0.0
227.5
227.5
145.0
145.0
145.0
0.0
227.5
227.5
145.0
145.0
145.0
0.0
227.5
227.5
145.0
145.0
145.0
0.0
227.5
227.5
145.0
145.0
145.0
0.0
227.5
227.5
145.0
145.0
145.0
0.0
227.5
227.5
145.0
145.0
145.0
0.0
227.5
227.5
225.0
225.0
225.0
0.0
227.5
227.5
145.0
145.0
145.0
0.0
227.5
227.5
145.0
145.0
145.0
0.0
227.5
227.5
145.0
145.0
145.0
0.0
227.5
227.5
145.0
145.0
145.0
0.0
227.5
227.5
145.0
145.0
145.0
0.0
227.5
227.5
145.0
145.0
0.0
0.0
0.0
227.5
227.5
145.0
137.5
0.0
227.5
230.0
147.5
145.0
0.0
195.0
165.0
215.0
162.5
0.0
227.5
230.0
227.5
225.0
0.0
227.5
230.0
227.5
225.0
0.0
227.5
230.0
227.5
225.0
0.0
227.5
230.0
227.5
225.0
0.0
227.5
230.0
227.5
225.0
0.0
227.5
230.0
227.5
225.0
0.0
227.5
230.0
227.5
225.0
0.0
227.5
230.0
227.5
225.0
0.0
227.5
230.0
227.5
225.0
0.0
227.5
230.0
227.5
225.0
0.0
227.5
230.0
227.5
225.0
0.0
0.0
145.0
0.0
0.0
0.0
227.5
227.5
225.0
217.5
0.0
145.0
