0.0
137.5
140.0
142.5
142.5
0.0
215.0
215.0
205.0
205.0
210.0
0.0
190.0
190.0
190.0
190.0
185.0
0.0
325.0
325.0
325.0
320.0
325.0
0.0
325.0
325.0
325.0
320.0
325.0
0.0
215.0
215.0
205.0
205.0
210.0
0.0
215.0
215.0
205.0
205.0
210.0
0.0
215.0
215.0
205.0
205.0
210.0
0.0
350.0
350.0
345.0
340.0
350.0
0.0
630.0
630.0
625.0
620.0
595.0
0.0
0.0
215.0
215.0
205.0
205.0
210.0
0.0
0.0
0.0
215.0
215.0
205.0
205.0
0.0
215.0
215.0
205.0
205.0
210.0
0.0
215.0
215.0
205.0
205.0
210.0
0.0
215.0
215.0
205.0
205.0
210.0
0.0
635.0
635.0
635.0
625.0
500.0
0.0
635.0
635.0
635.0
625.0
500.0
0.0
635.0
635.0
635.0
625.0
500.0
0.0
635.0
635.0
635.0
625.0
500.0
0.0
175.0
177.5
180.0
142.5
0.0
175.0
140.0
142.5
57.5
0.0
175.0
177.5
142.5
142.5
0.0
635.0
635.0
635.0
625.0
500.0
0.0
505.0
505.0
505.0
500.0
455.0
0.0
505.0
505.0
505.0
500.0
455.0
0.0
505.0
505.0
505.0
500.0
455.0
0.0
505.0
505.0
505.0
500.0
455.0
0.0
635.0
635.0
635.0
625.0
500.0
0.0
0.0
125.0
125.0
50.0
210.0
0.0
410.0
345.0
280.0
270.0
240.0
0.0
605.0
455.0
455.0
460.0
465.0
0.0
0.0
0.0
0.0
330.0
160.0
280.0
225.0
160.0
0.0
0.0
0.0
0.0
0.0
330.0
160.0
280.0
225.0
160.0
0.0
330.0
0.0
330.0
0.0
0.0
330.0
0.0
0.0
330.0
160.0
0.0
330.0
160.0
0.0
330.0
0.0
0.0
0.0
330.0
160.0
0.0
165.0
170.0
0.0
165.0
170.0
0.0
165.0
170.0
165.0
165.0
170.0
0.0
0.0
165.0
170.0
165.0
165.0
170.0
0.0
145.0
145.0
145.0
145.0
145.0
0.0
145.0
145.0
145.0
145.0
145.0
0.0
145.0
145.0
145.0
145.0
145.0
0.0
0.0
0.0
0.0
145.0
145.0
145.0
145.0
145.0
0.0
0.0
0.0
0.0
0.0
0.0
0.0
0.0
0.0
0.0
0.0
0.0
0.0
0.0
0.0
665.0
505.0
440.0
615.0
445.0
0.0
665.0
505.0
440.0
615.0
445.0
0.0
665.0
505.0
440.0
615.0
445.0
0.0
665.0
505.0
440.0
615.0
445.0
0.0
665.0
505.0
440.0
0.0
665.0
505.0
440.0
615.0
0.0
665.0
505.0
440.0
615.0
0.0
665.0
505.0
440.0
0.0
665.0
505.0
440.0
615.0
445.0
0.0
0.0
665.0
505.0
440.0
0.0
665.0
505.0
440.0
615.0
445.0
0.0
665.0
505.0
440.0
610.0
460.0
0.0
665.0
505.0
440.0
610.0
465.0
0.0
300.0
140.0
135.0
135.0
135.0
0.0
300.0
140.0
135.0
135.0
135.0
0.0
355.0
280.0
135.0
135.0
130.0
0.0
355.0
280.0
135.0
135.0
130.0
0.0
330.0
185.0
185.0
115.0
110.0
0.0
555.0
490.0
345.0
205.0
510.0
0.0
555.0
490.0
345.0
205.0
505.0
0.0
555.0
490.0
345.0
205.0
360.0
0.0
555.0
490.0
345.0
205.0
360.0
0.0
555.0
490.0
345.0
205.0
510.0
0.0
470.0
405.0
265.0
120.0
115.0
0.0
470.0
405.0
265.0
120.0
115.0
0.0
470.0
320.0
185.0
185.0
115.0
0.0
470.0
320.0
185.0
185.0
180.0
0.0
470.0
320.0
185.0
185.0
180.0
0.0
470.0
320.0
185.0
185.0
180.0
0.0
470.0
320.0
185.0
185.0
180.0
0.0
470.0
320.0
185.0
185.0
180.0
0.0
470.0
320.0
185.0
185.0
180.0
0.0
470.0
320.0
185.0
185.0
180.0
0.0
470.0
320.0
185.0
185.0
180.0
0.0
470.0
320.0
185.0
185.0
180.0
0.0
470.0
320.0
185.0
185.0
180.0
0.0
470.0
320.0
185.0
185.0
180.0
0.0
175.0
177.5
180.0
100.0
0.0
0.0
0.0
175.0
177.5
100.0
30.0
0.0
175.0
177.5
100.0
100.0
0.0
150.0
597.5
455.0
305.0
0.0
175.0
177.5
180.0
180.0
0.0
175.0
177.5
180.0
180.0
0.0
175.0
177.5
180.0
180.0
0.0
175.0
177.5
180.0
180.0
0.0
175.0
177.5
180.0
180.0
0.0
175.0
177.5
180.0
180.0
0.0
175.0
177.5
180.0
180.0
0.0
175.0
177.5
180.0
180.0
0.0
175.0
177.5
180.0
180.0
0.0
175.0
177.5
180.0
180.0
0.0
175.0
177.5
180.0
180.0
0.0
0.0
97.5
0.0
0.0
0.0
175.0
177.5
180.0
80.0
0.0
