0.0
182.5
180.0
180.0
97.5
0.0
0.0
0.0
0.0
0.0
0.0
0.0
0.0
0.0
0.0
0.0
0.0
0.0
0.0
0.0
0.0
0.0
195.0
192.5
192.5
115.0
0.0
0.0
0.0
0.0
0.0
0.0
0.0
0.0
0.0
0.0
0.0
0.0
0.0
0.0
580.0
430.0
275.0
60.0
0.0
122.5
120.0
120.0
47.5
0.0
147.5
120.0
325.0
102.5
0.0
220.0
217.5
217.5
115.0
0.0
220.0
217.5
217.5
115.0
0.0
220.0
217.5
217.5
115.0
0.0
220.0
217.5
217.5
115.0
0.0
220.0
217.5
217.5
115.0
0.0
220.0
217.5
217.5
115.0
0.0
220.0
217.5
217.5
115.0
0.0
220.0
217.5
217.5
115.0
0.0
220.0
217.5
217.5
115.0
0.0
220.0
217.5
217.5
115.0
0.0
220.0
217.5
217.5
115.0
0.0
0.0
0.0
0.0
0.0
0.0
0.0
0.0
0.0
0.0
