0.0
225.0
152.5
152.5
152.5
0.0
0.0
0.0
0.0
0.0
0.0
0.0
0.0
0.0
0.0
0.0
0.0
0.0
0.0
0.0
0.0
0.0
0.0
0.0
0.0
0.0
0.0
0.0
0.0
0.0
0.0
0.0
0.0
0.0
0.0
0.0
0.0
0.0
0.0
0.0
0.0
0.0
0.0
0.0
0.0
0.0
0.0
0.0
0.0
0.0
0.0
0.0
0.0
0.0
0.0
0.0
0.0
0.0
0.0
0.0
0.0
0.0
0.0
0.0
0.0
0.0
0.0
0.0
0.0
0.0
0.0
0.0
0.0
0.0
0.0
0.0
0.0
0.0
0.0
0.0
0.0
0.0
0.0
0.0
0.0
0.0
0.0
0.0
0.0
0.0
0.0
0.0
0.0
0.0
0.0
0.0
0.0
0.0
0.0
0.0
0.0
0.0
0.0
0.0
0.0
0.0
0.0
0.0
0.0
0.0
0.0
0.0
0.0
0.0
0.0
0.0
185.0
182.5
147.5
95.0
0.0
185.0
182.5
185.0
97.5
0.0
185.0
185.0
185.0
185.0
0.0
0.0
0.0
0.0
0.0
0.0
0.0
0.0
0.0
0.0
0.0
0.0
0.0
0.0
0.0
0.0
0.0
0.0
0.0
0.0
0.0
0.0
0.0
0.0
0.0
0.0
0.0
0.0
0.0
0.0
0.0
0.0
0.0
0.0
0.0
0.0
0.0
0.0
0.0
320.0
160.0
320.0
0.0
0.0
130.0
125.0
125.0
30.0
0.0
0.0
315.0
165.0
165.0
165.0
0.0
0.0
0.0
0.0
330.0
155.0
330.0
160.0
330.0
0.0
0.0
0.0
0.0
0.0
330.0
155.0
330.0
160.0
330.0
0.0
330.0
0.0
330.0
0.0
0.0
330.0
0.0
0.0
330.0
155.0
0.0
330.0
155.0
0.0
330.0
0.0
0.0
0.0
330.0
0.0
75.0
75.0
0.0
75.0
75.0
0.0
75.0
75.0
70.0
70.0
70.0
0.0
0.0
75.0
75.0
70.0
70.0
70.0
0.0
65.0
65.0
65.0
65.0
65.0
0.0
65.0
65.0
65.0
65.0
65.0
0.0
65.0
65.0
65.0
65.0
65.0
0.0
0.0
0.0
0.0
65.0
65.0
65.0
65.0
65.0
0.0
0.0
0.0
0.0
0.0
0.0
0.0
0.0
0.0
0.0
0.0
0.0
0.0
0.0
0.0
300.0
230.0
160.0
325.0
160.0
0.0
300.0
230.0
160.0
325.0
160.0
0.0
300.0
230.0
160.0
325.0
0.0
300.0
230.0
160.0
325.0
160.0
0.0
300.0
230.0
160.0
0.0
300.0
230.0
160.0
325.0
0.0
300.0
230.0
160.0
325.0
0.0
300.0
230.0
160.0
0.0
300.0
230.0
160.0
325.0
160.0
0.0
0.0
300.0
230.0
160.0
0.0
300.0
230.0
160.0
325.0
160.0
0.0
305.0
145.0
75.0
245.0
70.0
0.0
325.0
165.0
170.0
0.0
50.0
0.0
220.0
215.0
50.0
220.0
50.0
0.0
415.0
270.0
195.0
270.0
180.0
0.0
330.0
255.0
110.0
110.0
50.0
0.0
0.0
315.0
160.0
460.0
290.0
0.0
0.0
325.0
170.0
170.0
165.0
0.0
0.0
330.0
330.0
170.0
170.0
0.0
0.0
330.0
320.0
160.0
470.0
0.0
0.0
325.0
170.0
0.0
325.0
0.0
0.0
325.0
170.0
0.0
325.0
0.0
0.0
330.0
325.0
170.0
170.0
0.0
0.0
320.0
160.0
330.0
30.0
0.0
0.0
320.0
160.0
320.0
30.0
0.0
0.0
320.0
160.0
320.0
30.0
0.0
0.0
0.0
750.0
600.0
440.0
0.0
0.0
0.0
465.0
320.0
160.0
0.0
0.0
0.0
465.0
305.0
305.0
0.0
0.0
0.0
465.0
305.0
305.0
0.0
0.0
0.0
470.0
320.0
160.0
0.0
0.0
0.0
150.0
735.0
580.0
0.0
0.0
0.0
465.0
305.0
305.0
0.0
0.0
0.0
465.0
305.0
305.0
0.0
0.0
0.0
465.0
305.0
305.0
0.0
0.0
0.0
465.0
305.0
305.0
0.0
0.0
0.0
465.0
305.0
305.0
0.0
122.5
120.0
117.5
65.0
0.0
0.0
0.0
122.5
120.0
120.0
65.0
0.0
122.5
122.5
120.0
120.0
0.0
225.0
195.0
120.0
395.0
0.0
257.5
257.5
257.5
257.5
0.0
257.5
257.5
257.5
257.5
0.0
257.5
257.5
257.5
257.5
0.0
257.5
257.5
257.5
257.5
0.0
257.5
257.5
257.5
257.5
0.0
257.5
257.5
257.5
257.5
0.0
257.5
257.5
257.5
257.5
0.0
257.5
257.5
257.5
257.5
0.0
257.5
257.5
257.5
257.5
0.0
257.5
257.5
257.5
257.5
0.0
257.5
257.5
257.5
257.5
0.0
0.0
0.0
0.0
0.0
257.5
255.0
257.5
187.5
0.0
