0.0
210.0
212.5
215.0
155.0
0.0
0.0
0.0
0.0
0.0
0.0
0.0
0.0
0.0
0.0
0.0
0.0
0.0
0.0
0.0
0.0
0.0
0.0
0.0
0.0
0.0
0.0
0.0
0.0
0.0
0.0
0.0
0.0
0.0
0.0
0.0
0.0
0.0
0.0
0.0
0.0
0.0
0.0
0.0
0.0
0.0
0.0
0.0
0.0
0.0
0.0
0.0
0.0
0.0
0.0
0.0
0.0
0.0
0.0
0.0
0.0
0.0
0.0
0.0
0.0
0.0
0.0
0.0
0.0
0.0
0.0
0.0
0.0
0.0
0.0
0.0
0.0
0.0
0.0
0.0
0.0
0.0
0.0
0.0
0.0
0.0
0.0
0.0
0.0
0.0
0.0
0.0
0.0
0.0
0.0
0.0
0.0
0.0
0.0
0.0
0.0
0.0
0.0
0.0
0.0
0.0
0.0
0.0
0.0
0.0
0.0
0.0
0.0
0.0
0.0
0.0
470.0
470.0
470.0
470.0
0.0
222.5
225.0
222.5
152.5
0.0
222.5
225.0
222.5
157.5
0.0
0.0
0.0
0.0
0.0
0.0
0.0
0.0
0.0
0.0
0.0
0.0
0.0
0.0
0.0
0.0
0.0
0.0
0.0
0.0
0.0
0.0
0.0
0.0
0.0
0.0
0.0
0.0
0.0
0.0
0.0
0.0
0.0
0.0
0.0
0.0
0.0
0.0
0.0
0.0
0.0
315.0
0.0
0.0
0.0
0.0
325.0
165.0
0.0
0.0
0.0
0.0
330.0
160.0
0.0
0.0
0.0
0.0
0.0
325.0
165.0
0.0
385.0
0.0
0.0
0.0
0.0
0.0
0.0
325.0
165.0
0.0
385.0
0.0
0.0
0.0
0.0
0.0
0.0
0.0
0.0
0.0
0.0
325.0
0.0
0.0
325.0
0.0
0.0
0.0
0.0
0.0
0.0
0.0
170.0
165.0
0.0
170.0
165.0
0.0
170.0
165.0
170.0
170.0
170.0
0.0
0.0
170.0
165.0
170.0
170.0
170.0
0.0
65.0
65.0
65.0
65.0
65.0
0.0
65.0
65.0
65.0
65.0
65.0
0.0
65.0
65.0
65.0
65.0
65.0
0.0
0.0
0.0
0.0
65.0
65.0
65.0
65.0
65.0
0.0
0.0
0.0
0.0
0.0
0.0
0.0
0.0
0.0
0.0
0.0
0.0
0.0
0.0
0.0
0.0
240.0
70.0
240.0
165.0
0.0
0.0
240.0
70.0
240.0
165.0
0.0
0.0
240.0
70.0
240.0
0.0
0.0
240.0
70.0
240.0
165.0
0.0
0.0
240.0
70.0
0.0
0.0
240.0
70.0
240.0
0.0
0.0
240.0
70.0
240.0
0.0
0.0
240.0
70.0
0.0
0.0
240.0
70.0
240.0
165.0
0.0
0.0
0.0
240.0
70.0
0.0
0.0
240.0
70.0
240.0
165.0
0.0
0.0
225.0
55.0
220.0
30.0
0.0
0.0
165.0
0.0
0.0
80.0
0.0
0.0
0.0
470.0
310.0
310.0
0.0
0.0
0.0
385.0
220.0
65.0
0.0
0.0
0.0
325.0
155.0
305.0
0.0
0.0
0.0
330.0
170.0
0.0
0.0
0.0
0.0
235.0
75.0
190.0
0.0
0.0
0.0
165.0
165.0
0.0
0.0
0.0
0.0
0.0
330.0
60.0
0.0
0.0
0.0
0.0
240.0
50.0
0.0
0.0
0.0
0.0
240.0
50.0
0.0
0.0
0.0
0.0
320.0
60.0
0.0
0.0
0.0
0.0
0.0
325.0
0.0
0.0
0.0
0.0
160.0
260.0
0.0
0.0
0.0
0.0
0.0
385.0
0.0
0.0
0.0
0.0
0.0
320.0
0.0
0.0
0.0
0.0
0.0
320.0
0.0
0.0
0.0
0.0
0.0
320.0
0.0
0.0
0.0
0.0
0.0
220.0
0.0
0.0
0.0
0.0
0.0
220.0
0.0
0.0
0.0
0.0
0.0
0.0
0.0
0.0
0.0
0.0
0.0
220.0
0.0
0.0
0.0
0.0
0.0
220.0
0.0
0.0
0.0
0.0
0.0
220.0
0.0
0.0
0.0
0.0
0.0
220.0
0.0
0.0
0.0
0.0
0.0
220.0
0.0
590.0
440.0
285.0
140.0
0.0
0.0
0.0
115.0
412.5
260.0
335.0
0.0
115.0
412.5
260.0
350.0
0.0
215.0
142.5
115.0
555.0
0.0
247.5
250.0
250.0
165.0
0.0
247.5
250.0
250.0
165.0
0.0
247.5
250.0
250.0
165.0
0.0
247.5
250.0
250.0
165.0
0.0
247.5
250.0
250.0
165.0
0.0
247.5
250.0
250.0
165.0
0.0
247.5
250.0
250.0
165.0
0.0
247.5
250.0
250.0
165.0
0.0
247.5
250.0
250.0
165.0
0.0
247.5
250.0
250.0
165.0
0.0
247.5
250.0
250.0
165.0
0.0
0.0
0.0
0.0
0.0
247.5
250.0
247.5
162.5
0.0
