0.0
195.0
197.5
195.0
192.5
0.0
310.0
310.0
310.0
310.0
310.0
0.0
380.0
380.0
375.0
380.0
375.0
0.0
380.0
380.0
375.0
380.0
375.0
0.0
380.0
380.0
375.0
380.0
375.0
0.0
310.0
310.0
310.0
310.0
310.0
0.0
310.0
310.0
310.0
310.0
310.0
0.0
310.0
310.0
310.0
310.0
310.0
0.0
310.0
310.0
310.0
310.0
310.0
0.0
515.0
510.0
515.0
515.0
525.0
0.0
0.0
310.0
310.0
310.0
310.0
310.0
0.0
0.0
0.0
310.0
310.0
310.0
310.0
0.0
310.0
310.0
310.0
310.0
310.0
0.0
310.0
310.0
310.0
310.0
310.0
0.0
310.0
310.0
310.0
310.0
310.0
0.0
715.0
715.0
715.0
720.0
705.0
0.0
715.0
715.0
715.0
720.0
705.0
0.0
715.0
715.0
715.0
720.0
705.0
0.0
715.0
715.0
715.0
720.0
705.0
0.0
195.0
195.0
195.0
195.0
0.0
195.0
195.0
192.5
135.0
0.0
195.0
197.5
195.0
192.5
0.0
715.0
715.0
715.0
720.0
705.0
0.0
710.0
710.0
710.0
710.0
605.0
0.0
710.0
710.0
710.0
710.0
605.0
0.0
645.0
645.0
645.0
645.0
605.0
0.0
730.0
730.0
730.0
735.0
710.0
0.0
715.0
715.0
715.0
720.0
705.0
0.0
0.0
330.0
165.0
165.0
165.0
0.0
460.0
310.0
165.0
170.0
165.0
0.0
650.0
500.0
500.0
490.0
490.0
0.0
0.0
0.0
0.0
310.0
235.0
235.0
70.0
200.0
0.0
0.0
0.0
0.0
0.0
310.0
235.0
235.0
70.0
200.0
0.0
310.0
0.0
310.0
0.0
0.0
310.0
0.0
0.0
310.0
235.0
0.0
310.0
235.0
0.0
310.0
0.0
0.0
0.0
310.0
235.0
0.0
150.0
150.0
0.0
150.0
150.0
0.0
150.0
150.0
150.0
150.0
150.0
0.0
0.0
150.0
150.0
150.0
150.0
150.0
0.0
50.0
50.0
50.0
50.0
50.0
0.0
50.0
50.0
50.0
50.0
50.0
0.0
50.0
50.0
50.0
50.0
50.0
0.0
0.0
0.0
0.0
50.0
50.0
50.0
50.0
50.0
0.0
0.0
0.0
0.0
0.0
0.0
0.0
0.0
0.0
0.0
0.0
0.0
0.0
0.0
0.0
245.0
170.0
0.0
330.0
30.0
0.0
245.0
170.0
0.0
330.0
30.0
0.0
245.0
170.0
0.0
330.0
30.0
0.0
245.0
170.0
0.0
330.0
30.0
0.0
245.0
170.0
0.0
0.0
245.0
170.0
0.0
330.0
0.0
245.0
170.0
0.0
330.0
0.0
245.0
170.0
0.0
0.0
245.0
170.0
0.0
330.0
30.0
0.0
0.0
245.0
170.0
0.0
0.0
245.0
170.0
0.0
330.0
30.0
0.0
360.0
285.0
210.0
385.0
310.0
0.0
360.0
285.0
210.0
385.0
315.0
0.0
365.0
290.0
215.0
385.0
315.0
0.0
365.0
290.0
215.0
370.0
310.0
0.0
440.0
280.0
280.0
280.0
280.0
0.0
435.0
275.0
275.0
275.0
275.0
0.0
525.0
365.0
215.0
375.0
220.0
0.0
395.0
245.0
100.0
100.0
100.0
0.0
395.0
245.0
100.0
100.0
100.0
0.0
395.0
245.0
100.0
100.0
100.0
0.0
395.0
245.0
100.0
100.0
100.0
0.0
395.0
245.0
100.0
100.0
100.0
0.0
395.0
245.0
100.0
100.0
100.0
0.0
395.0
245.0
100.0
100.0
100.0
0.0
395.0
245.0
100.0
100.0
100.0
0.0
395.0
245.0
100.0
100.0
100.0
0.0
395.0
245.0
100.0
100.0
100.0
0.0
395.0
245.0
100.0
100.0
100.0
0.0
395.0
245.0
100.0
100.0
100.0
0.0
395.0
245.0
100.0
100.0
100.0
0.0
395.0
245.0
100.0
100.0
100.0
0.0
395.0
245.0
100.0
100.0
100.0
0.0
395.0
245.0
100.0
100.0
100.0
0.0
395.0
245.0
100.0
100.0
100.0
0.0
395.0
245.0
100.0
100.0
100.0
0.0
395.0
245.0
100.0
100.0
100.0
0.0
227.5
227.5
147.5
150.0
0.0
0.0
0.0
227.5
227.5
225.0
102.5
0.0
227.5
230.0
147.5
145.0
0.0
195.0
165.0
215.0
162.5
0.0
227.5
230.0
227.5
225.0
0.0
227.5
230.0
227.5
225.0
0.0
227.5
230.0
227.5
225.0
0.0
227.5
230.0
227.5
225.0
0.0
227.5
230.0
227.5
225.0
0.0
227.5
230.0
227.5
225.0
0.0
227.5
230.0
227.5
225.0
0.0
227.5
230.0
227.5
225.0
0.0
227.5
230.0
227.5
225.0
0.0
227.5
230.0
227.5
225.0
0.0
227.5
230.0
227.5
225.0
0.0
0.0
145.0
0.0
0.0
0.0
227.5
227.5
225.0
167.5
0.0
