0.0
262.5
265.0
262.5
262.5
0.0
262.5
265.0
265.0
262.5
265.0
0.0
262.5
265.0
265.0
262.5
265.0
0.0
262.5
265.0
265.0
262.5
265.0
0.0
262.5
265.0
265.0
262.5
265.0
0.0
262.5
265.0
265.0
262.5
265.0
0.0
262.5
265.0
265.0
262.5
265.0
0.0
262.5
265.0
265.0
262.5
265.0
0.0
262.5
265.0
265.0
262.5
265.0
0.0
262.5
265.0
265.0
262.5
265.0
0.0
262.5
0.0
262.5
265.0
265.0
262.5
265.0
0.0
262.5
0.0
262.5
0.0
262.5
265.0
265.0
262.5
265.0
0.0
262.5
265.0
265.0
262.5
265.0
0.0
262.5
265.0
265.0
262.5
265.0
0.0
262.5
265.0
265.0
262.5
265.0
0.0
267.5
197.5
197.5
197.5
197.5
0.0
267.5
197.5
197.5
197.5
197.5
0.0
267.5
197.5
197.5
197.5
197.5
0.0
267.5
197.5
197.5
197.5
197.5
0.0
267.5
237.5
237.5
237.5
0.0
267.5
235.0
237.5
237.5
0.0
267.5
237.5
235.0
237.5
0.0
267.5
197.5
197.5
197.5
197.5
0.0
267.5
197.5
197.5
197.5
197.5
0.0
267.5
197.5
197.5
197.5
197.5
0.0
267.5
197.5
197.5
197.5
197.5
0.0
267.5
197.5
197.5
197.5
197.5
0.0
267.5
197.5
197.5
197.5
197.5
0.0
342.5
345.0
345.0
342.5
260.0
0.0
267.5
197.5
197.5
197.5
112.5
0.0
267.5
197.5
197.5
197.5
112.5
0.0
267.5
0.0
267.5
0.0
267.5
0.0
262.5
190.0
190.0
350.0
192.5
0.0
262.5
0.0
262.5
0.0
262.5
0.0
262.5
0.0
262.5
190.0
190.0
350.0
192.5
0.0
262.5
190.0
0.0
262.5
190.0
0.0
262.5
0.0
262.5
190.0
0.0
262.5
0.0
262.5
190.0
190.0
0.0
262.5
190.0
190.0
0.0
262.5
190.0
0.0
262.5
0.0
262.5
0.0
262.5
190.0
0.0
262.5
260.0
0.0
262.5
260.0
0.0
262.5
265.0
265.0
262.5
265.0
0.0
262.5
0.0
262.5
265.0
265.0
262.5
265.0
0.0
162.5
165.0
165.0
165.0
165.0
0.0
162.5
165.0
165.0
165.0
165.0
0.0
162.5
165.0
165.0
165.0
165.0
0.0
162.5
0.0
162.5
0.0
162.5
0.0
162.5
165.0
165.0
165.0
165.0
0.0
162.5
0.0
162.5
0.0
162.5
0.0
162.5
0.0
162.5
0.0
162.5
0.0
162.5
0.0
162.5
0.0
162.5
0.0
162.5
0.0
162.5
0.0
162.5
0.0
162.5
0.0
162.5
0.0
162.5
165.0
165.0
165.0
165.0
0.0
162.5
165.0
165.0
165.0
165.0
0.0
162.5
165.0
165.0
165.0
165.0
0.0
162.5
165.0
165.0
165.0
165.0
0.0
162.5
165.0
165.0
165.0
0.0
162.5
165.0
165.0
165.0
165.0
0.0
162.5
165.0
165.0
165.0
165.0
0.0
162.5
165.0
165.0
165.0
0.0
162.5
165.0
165.0
165.0
165.0
0.0
162.5
0.0
162.5
165.0
165.0
165.0
0.0
162.5
165.0
165.0
165.0
165.0
0.0
162.5
165.0
165.0
165.0
165.0
0.0
162.5
165.0
165.0
165.0
165.0
0.0
162.5
165.0
165.0
165.0
165.0
0.0
162.5
165.0
165.0
165.0
165.0
0.0
162.5
165.0
165.0
165.0
165.0
0.0
162.5
165.0
165.0
165.0
165.0
0.0
162.5
165.0
165.0
165.0
165.0
0.0
162.5
165.0
165.0
165.0
165.0
0.0
162.5
165.0
165.0
165.0
165.0
0.0
162.5
165.0
165.0
165.0
165.0
0.0
162.5
165.0
165.0
165.0
165.0
0.0
162.5
165.0
165.0
165.0
165.0
0.0
162.5
165.0
165.0
165.0
165.0
0.0
162.5
165.0
165.0
165.0
165.0
0.0
162.5
165.0
165.0
165.0
165.0
0.0
162.5
165.0
165.0
165.0
165.0
0.0
162.5
165.0
165.0
165.0
165.0
0.0
162.5
165.0
165.0
165.0
165.0
0.0
162.5
165.0
165.0
165.0
165.0
0.0
162.5
165.0
165.0
165.0
165.0
0.0
162.5
165.0
165.0
165.0
165.0
0.0
162.5
165.0
165.0
165.0
165.0
0.0
162.5
165.0
165.0
165.0
165.0
0.0
162.5
165.0
165.0
165.0
165.0
0.0
162.5
165.0
165.0
165.0
165.0
0.0
162.5
165.0
165.0
165.0
165.0
0.0
162.5
165.0
165.0
162.5
0.0
150.0
0.0
162.5
162.5
165.0
162.5
0.0
162.5
165.0
162.5
162.5
0.0
310.0
237.5
162.5
162.5
0.0
342.5
345.0
342.5
342.5
0.0
342.5
345.0
342.5
342.5
0.0
342.5
345.0
342.5
342.5
0.0
342.5
345.0
342.5
342.5
0.0
342.5
345.0
342.5
342.5
0.0
342.5
345.0
342.5
342.5
0.0
342.5
345.0
342.5
342.5
0.0
342.5
345.0
342.5
342.5
0.0
342.5
345.0
342.5
342.5
0.0
342.5
345.0
342.5
342.5
0.0
342.5
345.0
342.5
342.5
0.0
0.0
260.0
0.0
0.0
0.0
0.0
0.0
0.0
0.0
0.0
342.5
0.0
342.5
342.5
345.0
342.5
0.0
0.0
260.0
