0.0
192.5
190.0
190.0
190.0
0.0
192.5
190.0
190.0
190.0
65.0
0.0
192.5
190.0
190.0
190.0
65.0
0.0
192.5
190.0
190.0
190.0
65.0
0.0
192.5
190.0
190.0
190.0
65.0
0.0
192.5
190.0
190.0
190.0
65.0
0.0
192.5
190.0
190.0
190.0
65.0
0.0
192.5
190.0
190.0
190.0
65.0
0.0
192.5
190.0
190.0
190.0
65.0
0.0
192.5
190.0
190.0
190.0
65.0
0.0
0.0
192.5
190.0
190.0
190.0
65.0
0.0
0.0
0.0
192.5
190.0
190.0
190.0
65.0
0.0
192.5
190.0
190.0
190.0
65.0
0.0
192.5
190.0
190.0
190.0
65.0
0.0
192.5
190.0
190.0
190.0
65.0
0.0
192.5
190.0
190.0
190.0
65.0
0.0
192.5
190.0
190.0
190.0
65.0
0.0
192.5
190.0
190.0
190.0
65.0
0.0
192.5
190.0
190.0
190.0
65.0
0.0
192.5
190.0
187.5
192.5
0.0
192.5
190.0
187.5
105.0
0.0
192.5
190.0
190.0
190.0
0.0
192.5
190.0
190.0
190.0
65.0
0.0
192.5
190.0
190.0
190.0
65.0
0.0
192.5
190.0
190.0
190.0
65.0
0.0
192.5
190.0
190.0
190.0
65.0
0.0
192.5
190.0
190.0
190.0
65.0
0.0
192.5
190.0
190.0
190.0
65.0
0.0
192.5
162.5
162.5
162.5
50.0
0.0
192.5
162.5
162.5
162.5
50.0
0.0
192.5
162.5
162.5
162.5
50.0
0.0
0.0
0.0
0.0
107.5
300.0
240.0
240.0
55.0
0.0
0.0
0.0
0.0
0.0
107.5
300.0
240.0
240.0
55.0
0.0
107.5
0.0
107.5
0.0
0.0
107.5
300.0
0.0
0.0
107.5
300.0
0.0
107.5
300.0
240.0
0.0
107.5
0.0
0.0
0.0
107.5
300.0
0.0
192.5
172.5
0.0
192.5
172.5
0.0
192.5
190.0
190.0
190.0
65.0
0.0
0.0
192.5
190.0
190.0
190.0
65.0
0.0
192.5
190.0
190.0
190.0
65.0
0.0
192.5
190.0
190.0
190.0
65.0
0.0
192.5
190.0
190.0
190.0
65.0
0.0
0.0
0.0
0.0
192.5
190.0
190.0
190.0
65.0
0.0
0.0
0.0
0.0
0.0
0.0
0.0
0.0
0.0
0.0
0.0
0.0
0.0
0.0
0.0
107.5
245.0
165.0
0.0
50.0
0.0
107.5
245.0
165.0
0.0
50.0
0.0
107.5
245.0
165.0
0.0
50.0
0.0
107.5
245.0
165.0
0.0
50.0
0.0
107.5
245.0
165.0
0.0
107.5
245.0
165.0
0.0
50.0
0.0
107.5
245.0
165.0
0.0
0.0
107.5
245.0
165.0
0.0
107.5
245.0
165.0
0.0
50.0
0.0
0.0
107.5
245.0
165.0
0.0
107.5
245.0
165.0
0.0
50.0
0.0
107.5
245.0
165.0
0.0
195.0
0.0
107.5
245.0
165.0
170.0
0.0
0.0
107.5
240.0
160.0
330.0
30.0
0.0
107.5
240.0
160.0
330.0
30.0
0.0
192.5
162.5
162.5
162.5
50.0
0.0
192.5
162.5
162.5
162.5
50.0
0.0
192.5
162.5
162.5
162.5
50.0
0.0
192.5
162.5
162.5
162.5
50.0
0.0
192.5
162.5
162.5
162.5
50.0
0.0
192.5
190.0
110.0
110.0
40.0
0.0
192.5
190.0
110.0
110.0
40.0
0.0
192.5
162.5
162.5
162.5
50.0
0.0
192.5
190.0
110.0
110.0
40.0
0.0
192.5
190.0
110.0
110.0
40.0
0.0
192.5
190.0
110.0
110.0
40.0
0.0
192.5
190.0
110.0
110.0
40.0
0.0
192.5
190.0
110.0
110.0
40.0
0.0
192.5
190.0
110.0
110.0
40.0
0.0
192.5
190.0
110.0
110.0
40.0
0.0
192.5
190.0
110.0
110.0
40.0
0.0
192.5
190.0
190.0
190.0
65.0
0.0
192.5
190.0
110.0
110.0
40.0
0.0
192.5
190.0
110.0
110.0
40.0
0.0
192.5
190.0
110.0
110.0
40.0
0.0
192.5
190.0
110.0
110.0
40.0
0.0
192.5
190.0
110.0
110.0
40.0
0.0
192.5
190.0
110.0
112.5
0.0
0.0
0.0
192.5
190.0
110.0
50.0
0.0
192.5
190.0
110.0
110.0
0.0
165.0
212.5
165.0
165.0
0.0
192.5
190.0
190.0
190.0
0.0
192.5
190.0
190.0
190.0
0.0
192.5
190.0
190.0
190.0
0.0
192.5
190.0
190.0
190.0
0.0
192.5
190.0
190.0
190.0
0.0
192.5
190.0
190.0
190.0
0.0
192.5
190.0
190.0
190.0
0.0
192.5
190.0
190.0
190.0
0.0
192.5
190.0
190.0
190.0
0.0
192.5
190.0
190.0
190.0
0.0
192.5
190.0
190.0
190.0
0.0
0.0
107.5
0.0
0.0
0.0
192.5
190.0
187.5
105.0
0.0
