0.0
137.5
140.0
140.0
140.0
0.0
137.5
140.0
142.5
142.5
140.0
0.0
137.5
140.0
142.5
142.5
140.0
0.0
175.0
140.0
142.5
142.5
140.0
0.0
175.0
140.0
142.5
142.5
140.0
0.0
137.5
140.0
142.5
142.5
140.0
0.0
137.5
140.0
142.5
142.5
140.0
0.0
137.5
140.0
142.5
142.5
140.0
0.0
137.5
140.0
142.5
142.5
140.0
0.0
175.0
177.5
142.5
142.5
140.0
0.0
137.5
0.0
137.5
140.0
142.5
142.5
140.0
0.0
137.5
0.0
137.5
0.0
137.5
140.0
142.5
142.5
140.0
0.0
137.5
140.0
142.5
142.5
140.0
0.0
137.5
140.0
142.5
142.5
140.0
0.0
137.5
140.0
142.5
142.5
140.0
0.0
175.0
177.5
142.5
142.5
140.0
0.0
175.0
177.5
142.5
142.5
140.0
0.0
175.0
177.5
142.5
142.5
140.0
0.0
175.0
177.5
142.5
142.5
140.0
0.0
175.0
177.5
142.5
142.5
0.0
175.0
177.5
177.5
147.5
0.0
175.0
177.5
140.0
140.0
0.0
175.0
177.5
142.5
142.5
140.0
0.0
175.0
177.5
142.5
142.5
140.0
0.0
175.0
177.5
142.5
142.5
140.0
0.0
175.0
177.5
142.5
142.5
140.0
0.0
175.0
177.5
142.5
142.5
140.0
0.0
175.0
177.5
142.5
142.5
140.0
0.0
175.0
177.5
180.0
180.0
97.5
0.0
175.0
177.5
142.5
142.5
140.0
0.0
175.0
177.5
180.0
180.0
97.5
0.0
175.0
0.0
175.0
0.0
0.0
137.5
60.0
232.5
207.5
165.0
0.0
137.5
0.0
137.5
0.0
137.5
0.0
137.5
0.0
137.5
60.0
232.5
207.5
165.0
0.0
137.5
60.0
0.0
137.5
60.0
0.0
137.5
0.0
137.5
60.0
0.0
137.5
0.0
137.5
60.0
232.5
0.0
137.5
60.0
232.5
0.0
137.5
60.0
0.0
137.5
0.0
137.5
0.0
137.5
60.0
0.0
137.5
140.0
0.0
137.5
140.0
0.0
137.5
140.0
142.5
142.5
140.0
0.0
137.5
0.0
137.5
140.0
142.5
142.5
140.0
0.0
140.0
142.5
142.5
142.5
142.5
0.0
140.0
142.5
142.5
142.5
142.5
0.0
140.0
142.5
142.5
142.5
142.5
0.0
140.0
0.0
140.0
0.0
140.0
0.0
140.0
142.5
142.5
142.5
142.5
0.0
140.0
0.0
140.0
0.0
140.0
0.0
140.0
0.0
0.0
0.0
140.0
0.0
0.0
140.0
0.0
140.0
0.0
140.0
0.0
102.5
0.0
102.5
0.0
102.5
0.0
102.5
105.0
170.0
85.0
125.0
0.0
102.5
105.0
170.0
85.0
125.0
0.0
102.5
105.0
170.0
85.0
125.0
0.0
102.5
105.0
170.0
85.0
125.0
0.0
102.5
105.0
170.0
85.0
0.0
102.5
105.0
170.0
85.0
125.0
0.0
102.5
105.0
170.0
85.0
125.0
0.0
102.5
105.0
170.0
85.0
0.0
102.5
105.0
170.0
85.0
125.0
0.0
102.5
0.0
102.5
105.0
170.0
85.0
0.0
102.5
105.0
170.0
85.0
125.0
0.0
102.5
105.0
170.0
105.0
170.0
0.0
97.5
97.5
100.0
100.0
97.5
0.0
175.0
97.5
100.0
100.0
97.5
0.0
175.0
97.5
100.0
100.0
97.5
0.0
175.0
97.5
100.0
100.0
97.5
0.0
175.0
97.5
100.0
100.0
97.5
0.0
175.0
177.5
180.0
180.0
97.5
0.0
175.0
177.5
180.0
180.0
97.5
0.0
175.0
177.5
180.0
180.0
97.5
0.0
175.0
177.5
180.0
180.0
97.5
0.0
175.0
177.5
180.0
180.0
97.5
0.0
175.0
177.5
180.0
180.0
97.5
0.0
175.0
177.5
180.0
180.0
97.5
0.0
175.0
177.5
180.0
180.0
97.5
0.0
175.0
177.5
180.0
180.0
97.5
0.0
175.0
177.5
180.0
180.0
97.5
0.0
175.0
177.5
180.0
180.0
97.5
0.0
175.0
177.5
180.0
180.0
97.5
0.0
175.0
177.5
180.0
180.0
97.5
0.0
175.0
177.5
180.0
180.0
97.5
0.0
175.0
177.5
180.0
180.0
177.5
0.0
175.0
177.5
180.0
180.0
97.5
0.0
175.0
177.5
180.0
180.0
97.5
0.0
175.0
177.5
180.0
180.0
97.5
0.0
175.0
177.5
180.0
180.0
97.5
0.0
175.0
177.5
180.0
180.0
97.5
0.0
175.0
177.5
100.0
100.0
0.0
0.0
0.0
175.0
177.5
97.5
72.5
0.0
175.0
177.5
97.5
97.5
0.0
150.0
202.5
152.5
152.5
0.0
175.0
177.5
177.5
177.5
0.0
175.0
177.5
177.5
177.5
0.0
175.0
177.5
177.5
177.5
0.0
175.0
177.5
177.5
177.5
0.0
175.0
177.5
177.5
177.5
0.0
175.0
177.5
177.5
177.5
0.0
175.0
177.5
177.5
177.5
0.0
175.0
177.5
177.5
177.5
0.0
175.0
177.5
177.5
177.5
0.0
175.0
177.5
177.5
177.5
0.0
175.0
177.5
177.5
177.5
0.0
0.0
97.5
0.0
0.0
0.0
175.0
177.5
177.5
147.5
0.0
97.5
