0.0
187.5
187.5
187.5
115.0
0.0
0.0
0.0
0.0
0.0
0.0
0.0
0.0
0.0
0.0
0.0
0.0
470.0
470.0
465.0
385.0
0.0
187.5
187.5
187.5
115.0
0.0
0.0
0.0
0.0
0.0
0.0
0.0
0.0
0.0
0.0
375.0
0.0
0.0
0.0
420.0
270.0
120.0
40.0
0.0
187.5
187.5
187.5
50.0
0.0
162.5
212.5
162.5
105.0
0.0
187.5
187.5
187.5
115.0
0.0
187.5
187.5
187.5
115.0
0.0
187.5
187.5
187.5
115.0
0.0
187.5
187.5
187.5
115.0
0.0
187.5
187.5
187.5
115.0
0.0
187.5
187.5
187.5
115.0
0.0
187.5
187.5
187.5
115.0
0.0
187.5
187.5
187.5
115.0
0.0
187.5
187.5
187.5
115.0
0.0
187.5
187.5
187.5
115.0
0.0
187.5
187.5
187.5
115.0
0.0
0.0
0.0
0.0
0.0
0.0
0.0
0.0
0.0
0.0
