0.0
182.5
180.0
180.0
185.0
0.0
380.0
380.0
377.5
377.5
335.0
0.0
380.0
380.0
377.5
377.5
335.0
0.0
380.0
380.0
377.5
377.5
335.0
0.0
380.0
380.0
377.5
377.5
335.0
0.0
380.0
380.0
377.5
377.5
335.0
0.0
380.0
380.0
377.5
377.5
335.0
0.0
380.0
380.0
377.5
377.5
335.0
0.0
380.0
380.0
377.5
377.5
335.0
0.0
525.0
525.0
522.5
527.5
480.0
0.0
0.0
380.0
380.0
377.5
377.5
335.0
0.0
0.0
0.0
380.0
380.0
377.5
377.5
0.0
380.0
380.0
377.5
377.5
335.0
0.0
380.0
380.0
377.5
377.5
335.0
0.0
380.0
380.0
377.5
377.5
335.0
0.0
525.0
525.0
522.5
522.5
480.0
0.0
525.0
525.0
522.5
522.5
480.0
0.0
525.0
525.0
522.5
522.5
480.0
0.0
525.0
525.0
522.5
522.5
480.0
0.0
182.5
182.5
182.5
182.5
0.0
182.5
182.5
182.5
117.5
0.0
182.5
180.0
180.0
185.0
0.0
525.0
525.0
522.5
522.5
480.0
0.0
525.0
525.0
522.5
522.5
480.0
0.0
525.0
525.0
522.5
522.5
480.0
0.0
525.0
525.0
522.5
522.5
480.0
0.0
525.0
525.0
522.5
522.5
480.0
0.0
525.0
525.0
522.5
522.5
480.0
0.0
135.0
85.0
160.0
320.0
160.0
0.0
525.0
375.0
227.5
227.5
485.0
0.0
215.0
150.0
210.0
295.0
135.0
0.0
0.0
0.0
0.0
535.0
450.0
615.0
450.0
615.0
0.0
0.0
0.0
0.0
0.0
535.0
450.0
615.0
450.0
615.0
0.0
535.0
0.0
535.0
0.0
0.0
535.0
0.0
0.0
535.0
450.0
0.0
535.0
450.0
0.0
535.0
0.0
0.0
0.0
535.0
450.0
0.0
85.0
40.0
0.0
85.0
40.0
0.0
85.0
85.0
82.5
82.5
40.0
0.0
0.0
85.0
85.0
82.5
82.5
40.0
0.0
85.0
85.0
82.5
82.5
40.0
0.0
85.0
85.0
82.5
82.5
40.0
0.0
85.0
85.0
82.5
82.5
40.0
0.0
0.0
0.0
0.0
85.0
85.0
82.5
82.5
40.0
0.0
0.0
0.0
0.0
0.0
0.0
0.0
0.0
0.0
0.0
0.0
0.0
0.0
0.0
0.0
135.0
50.0
105.0
50.0
220.0
0.0
135.0
50.0
105.0
50.0
220.0
0.0
135.0
50.0
105.0
50.0
220.0
0.0
135.0
50.0
105.0
50.0
220.0
0.0
135.0
50.0
105.0
0.0
135.0
50.0
105.0
50.0
220.0
0.0
135.0
50.0
105.0
50.0
0.0
135.0
50.0
105.0
0.0
135.0
50.0
105.0
50.0
220.0
0.0
0.0
135.0
50.0
105.0
0.0
135.0
50.0
105.0
50.0
220.0
0.0
300.0
235.0
215.0
380.0
235.0
0.0
135.0
50.0
225.0
55.0
510.0
0.0
135.0
50.0
225.0
225.0
55.0
0.0
135.0
50.0
225.0
225.0
55.0
0.0
135.0
50.0
280.0
120.0
115.0
0.0
135.0
50.0
510.0
350.0
205.0
0.0
135.0
50.0
280.0
115.0
120.0
0.0
135.0
50.0
510.0
350.0
205.0
0.0
135.0
50.0
220.0
220.0
55.0
0.0
135.0
50.0
220.0
220.0
55.0
0.0
135.0
50.0
220.0
220.0
55.0
0.0
135.0
50.0
220.0
220.0
55.0
0.0
135.0
50.0
220.0
220.0
55.0
0.0
135.0
135.0
55.0
215.0
55.0
0.0
135.0
135.0
137.5
137.5
55.0
0.0
135.0
135.0
137.5
137.5
95.0
0.0
135.0
135.0
137.5
137.5
95.0
0.0
135.0
135.0
137.5
137.5
95.0
0.0
135.0
135.0
137.5
137.5
95.0
0.0
135.0
135.0
137.5
137.5
95.0
0.0
135.0
135.0
137.5
137.5
95.0
0.0
135.0
135.0
137.5
137.5
95.0
0.0
135.0
135.0
137.5
137.5
95.0
0.0
135.0
135.0
137.5
137.5
95.0
0.0
135.0
135.0
137.5
137.5
95.0
0.0
135.0
135.0
137.5
137.5
95.0
0.0
110.0
110.0
110.0
107.5
0.0
0.0
0.0
110.0
110.0
110.0
50.0
0.0
110.0
107.5
107.5
110.0
0.0
147.5
120.0
315.0
172.5
0.0
220.0
217.5
217.5
222.5
0.0
220.0
217.5
217.5
222.5
0.0
220.0
217.5
217.5
222.5
0.0
220.0
217.5
217.5
222.5
0.0
220.0
217.5
217.5
222.5
0.0
220.0
217.5
217.5
222.5
0.0
220.0
217.5
217.5
222.5
0.0
220.0
217.5
217.5
222.5
0.0
220.0
217.5
217.5
222.5
0.0
220.0
217.5
217.5
222.5
0.0
220.0
217.5
217.5
222.5
0.0
0.0
135.0
0.0
0.0
0.0
220.0
220.0
220.0
140.0
0.0
