0.0
210.0
212.5
210.0
147.5
0.0
0.0
0.0
0.0
0.0
0.0
0.0
0.0
0.0
0.0
0.0
0.0
0.0
0.0
0.0
0.0
0.0
0.0
0.0
0.0
0.0
0.0
0.0
0.0
0.0
0.0
0.0
0.0
0.0
0.0
0.0
0.0
0.0
0.0
0.0
0.0
0.0
0.0
0.0
0.0
0.0
0.0
0.0
0.0
0.0
0.0
0.0
0.0
0.0
0.0
0.0
0.0
0.0
0.0
0.0
0.0
0.0
0.0
0.0
0.0
0.0
0.0
0.0
0.0
0.0
0.0
0.0
0.0
0.0
0.0
0.0
0.0
0.0
0.0
0.0
0.0
0.0
0.0
0.0
0.0
0.0
0.0
0.0
0.0
0.0
0.0
0.0
0.0
0.0
0.0
0.0
0.0
0.0
0.0
0.0
0.0
0.0
0.0
0.0
0.0
0.0
0.0
0.0
0.0
0.0
0.0
0.0
0.0
0.0
0.0
0.0
0.0
0.0
0.0
0.0
0.0
215.0
142.5
140.0
57.5
0.0
215.0
142.5
137.5
60.0
0.0
0.0
0.0
0.0
0.0
0.0
0.0
0.0
0.0
0.0
0.0
0.0
0.0
0.0
0.0
0.0
0.0
0.0
0.0
0.0
0.0
0.0
0.0
0.0
0.0
0.0
0.0
0.0
0.0
0.0
0.0
0.0
0.0
0.0
0.0
0.0
0.0
0.0
0.0
0.0
0.0
0.0
0.0
0.0
0.0
0.0
0.0
0.0
0.0
0.0
0.0
0.0
0.0
100.0
0.0
0.0
0.0
0.0
0.0
245.0
75.0
190.0
125.0
0.0
0.0
0.0
0.0
0.0
0.0
245.0
75.0
190.0
125.0
0.0
0.0
0.0
0.0
0.0
0.0
0.0
0.0
0.0
0.0
245.0
0.0
0.0
245.0
0.0
0.0
0.0
0.0
0.0
0.0
0.0
160.0
155.0
0.0
160.0
155.0
0.0
160.0
155.0
160.0
160.0
160.0
0.0
0.0
160.0
155.0
160.0
160.0
160.0
0.0
60.0
60.0
65.0
65.0
65.0
0.0
60.0
60.0
65.0
65.0
65.0
0.0
60.0
60.0
65.0
65.0
65.0
0.0
0.0
0.0
0.0
60.0
60.0
65.0
65.0
65.0
0.0
0.0
0.0
0.0
0.0
0.0
0.0
0.0
0.0
0.0
0.0
0.0
0.0
0.0
0.0
0.0
0.0
240.0
75.0
240.0
0.0
0.0
0.0
240.0
75.0
240.0
0.0
0.0
0.0
240.0
75.0
0.0
0.0
0.0
240.0
75.0
240.0
0.0
0.0
0.0
240.0
0.0
0.0
0.0
240.0
75.0
0.0
0.0
0.0
240.0
75.0
0.0
0.0
0.0
240.0
0.0
0.0
0.0
240.0
75.0
240.0
0.0
0.0
0.0
0.0
240.0
0.0
0.0
0.0
240.0
75.0
240.0
0.0
0.0
0.0
240.0
170.0
0.0
0.0
0.0
0.0
325.0
160.0
95.0
0.0
0.0
0.0
325.0
165.0
0.0
0.0
0.0
0.0
0.0
0.0
30.0
0.0
0.0
0.0
0.0
0.0
0.0
0.0
0.0
0.0
0.0
0.0
0.0
0.0
0.0
0.0
0.0
0.0
0.0
0.0
0.0
0.0
0.0
0.0
0.0
0.0
0.0
0.0
0.0
0.0
0.0
0.0
0.0
0.0
0.0
0.0
0.0
0.0
0.0
0.0
0.0
0.0
0.0
0.0
0.0
0.0
0.0
0.0
0.0
0.0
0.0
0.0
0.0
0.0
0.0
0.0
0.0
0.0
0.0
0.0
0.0
0.0
0.0
0.0
0.0
0.0
0.0
0.0
0.0
0.0
0.0
0.0
0.0
0.0
0.0
0.0
0.0
0.0
0.0
0.0
0.0
0.0
0.0
0.0
0.0
0.0
0.0
0.0
0.0
0.0
0.0
0.0
0.0
0.0
0.0
0.0
0.0
0.0
0.0
0.0
0.0
0.0
0.0
0.0
0.0
0.0
0.0
0.0
0.0
0.0
0.0
0.0
0.0
0.0
0.0
0.0
0.0
0.0
0.0
0.0
0.0
0.0
0.0
0.0
0.0
0.0
0.0
0.0
0.0
0.0
0.0
0.0
0.0
0.0
65.0
355.0
195.0
175.0
0.0
0.0
0.0
247.5
117.5
410.0
197.5
0.0
247.5
250.0
167.5
117.5
0.0
215.0
142.5
112.5
555.0
0.0
247.5
250.0
245.0
157.5
0.0
247.5
250.0
245.0
157.5
0.0
247.5
250.0
245.0
157.5
0.0
247.5
250.0
245.0
157.5
0.0
247.5
250.0
245.0
157.5
0.0
247.5
250.0
245.0
157.5
0.0
247.5
250.0
245.0
157.5
0.0
247.5
250.0
245.0
157.5
0.0
247.5
250.0
245.0
157.5
0.0
247.5
250.0
245.0
157.5
0.0
247.5
250.0
245.0
157.5
0.0
0.0
0.0
0.0
0.0
247.5
250.0
247.5
155.0
0.0
