0.0
195.0
197.5
195.0
195.0
0.0
195.0
195.0
192.5
192.5
85.0
0.0
195.0
195.0
192.5
192.5
85.0
0.0
195.0
195.0
192.5
192.5
85.0
0.0
195.0
195.0
192.5
192.5
85.0
0.0
195.0
195.0
192.5
192.5
85.0
0.0
195.0
195.0
192.5
192.5
85.0
0.0
195.0
195.0
192.5
192.5
85.0
0.0
195.0
195.0
195.0
195.0
55.0
0.0
195.0
195.0
195.0
195.0
55.0
0.0
0.0
195.0
195.0
192.5
192.5
85.0
0.0
0.0
0.0
195.0
195.0
192.5
192.5
85.0
0.0
195.0
195.0
192.5
192.5
85.0
0.0
195.0
195.0
192.5
192.5
85.0
0.0
195.0
195.0
192.5
192.5
85.0
0.0
195.0
195.0
192.5
192.5
85.0
0.0
195.0
195.0
192.5
192.5
85.0
0.0
195.0
195.0
192.5
192.5
85.0
0.0
195.0
195.0
192.5
192.5
85.0
0.0
195.0
195.0
192.5
195.0
0.0
195.0
195.0
192.5
135.0
0.0
195.0
197.5
195.0
195.0
0.0
195.0
195.0
192.5
192.5
85.0
0.0
195.0
195.0
192.5
192.5
85.0
0.0
195.0
195.0
192.5
192.5
85.0
0.0
227.5
227.5
225.0
225.0
55.0
0.0
227.5
227.5
225.0
225.0
55.0
0.0
195.0
195.0
192.5
192.5
85.0
0.0
145.0
142.5
142.5
142.5
60.0
0.0
145.0
142.5
142.5
142.5
60.0
0.0
145.0
207.5
127.5
287.5
95.0
0.0
0.0
0.0
0.0
147.5
150.0
145.0
145.0
55.0
0.0
0.0
0.0
0.0
0.0
147.5
150.0
145.0
145.0
55.0
0.0
147.5
0.0
147.5
0.0
0.0
147.5
150.0
0.0
0.0
147.5
150.0
0.0
147.5
150.0
145.0
0.0
147.5
0.0
0.0
0.0
147.5
150.0
0.0
227.5
222.5
0.0
227.5
222.5
0.0
227.5
227.5
225.0
225.0
85.0
0.0
0.0
227.5
227.5
225.0
225.0
85.0
0.0
227.5
227.5
225.0
225.0
85.0
0.0
227.5
227.5
225.0
225.0
85.0
0.0
227.5
227.5
225.0
225.0
85.0
0.0
0.0
0.0
0.0
227.5
227.5
225.0
225.0
85.0
0.0
0.0
0.0
0.0
0.0
0.0
0.0
0.0
0.0
0.0
0.0
0.0
0.0
0.0
0.0
147.5
150.0
145.0
145.0
55.0
0.0
147.5
150.0
145.0
145.0
55.0
0.0
147.5
150.0
145.0
145.0
55.0
0.0
147.5
150.0
145.0
145.0
55.0
0.0
147.5
150.0
145.0
0.0
147.5
150.0
145.0
145.0
55.0
0.0
147.5
150.0
145.0
145.0
55.0
0.0
147.5
150.0
145.0
0.0
147.5
150.0
145.0
145.0
55.0
0.0
0.0
147.5
150.0
145.0
0.0
147.5
150.0
145.0
145.0
55.0
0.0
147.5
150.0
145.0
145.0
55.0
0.0
147.5
150.0
145.0
145.0
55.0
0.0
147.5
150.0
145.0
145.0
55.0
0.0
145.0
142.5
207.5
142.5
210.0
0.0
145.0
142.5
292.5
287.5
175.0
0.0
145.0
142.5
287.5
287.5
210.0
0.0
145.0
142.5
292.5
287.5
205.0
0.0
145.0
207.5
127.5
287.5
95.0
0.0
145.0
207.5
127.5
282.5
95.0
0.0
145.0
207.5
127.5
282.5
95.0
0.0
145.0
207.5
127.5
282.5
95.0
0.0
145.0
207.5
127.5
282.5
95.0
0.0
227.5
227.5
145.0
145.0
55.0
0.0
227.5
227.5
145.0
145.0
55.0
0.0
227.5
227.5
145.0
145.0
55.0
0.0
227.5
227.5
145.0
145.0
55.0
0.0
227.5
227.5
145.0
145.0
55.0
0.0
227.5
227.5
145.0
145.0
55.0
0.0
227.5
227.5
145.0
145.0
55.0
0.0
227.5
227.5
145.0
145.0
55.0
0.0
227.5
227.5
225.0
225.0
85.0
0.0
227.5
227.5
145.0
145.0
55.0
0.0
227.5
227.5
145.0
145.0
55.0
0.0
227.5
227.5
145.0
145.0
55.0
0.0
227.5
227.5
145.0
145.0
55.0
0.0
227.5
227.5
145.0
145.0
55.0
0.0
227.5
227.5
145.0
147.5
0.0
0.0
0.0
227.5
227.5
145.0
102.5
0.0
227.5
230.0
147.5
147.5
0.0
195.0
165.0
217.5
162.5
0.0
227.5
230.0
227.5
227.5
0.0
227.5
230.0
227.5
227.5
0.0
227.5
230.0
227.5
227.5
0.0
227.5
230.0
227.5
227.5
0.0
227.5
230.0
227.5
227.5
0.0
227.5
230.0
227.5
227.5
0.0
227.5
230.0
227.5
227.5
0.0
227.5
230.0
227.5
227.5
0.0
227.5
230.0
227.5
227.5
0.0
227.5
230.0
227.5
227.5
0.0
227.5
230.0
227.5
227.5
0.0
0.0
145.0
0.0
0.0
0.0
227.5
227.5
225.0
167.5
0.0
