0.0
182.5
180.0
182.5
107.5
0.0
0.0
0.0
0.0
0.0
0.0
0.0
0.0
0.0
0.0
0.0
0.0
630.0
630.0
620.0
570.0
0.0
147.5
145.0
147.5
62.5
0.0
0.0
0.0
0.0
0.0
0.0
0.0
0.0
0.0
0.0
465.0
0.0
0.0
0.0
415.0
270.0
125.0
45.0
0.0
110.0
107.5
110.0
40.0
0.0
147.5
120.0
322.5
112.5
0.0
220.0
217.5
220.0
130.0
0.0
220.0
217.5
220.0
130.0
0.0
220.0
217.5
220.0
130.0
0.0
220.0
217.5
220.0
130.0
0.0
220.0
217.5
220.0
130.0
0.0
220.0
217.5
220.0
130.0
0.0
220.0
217.5
220.0
130.0
0.0
220.0
217.5
220.0
130.0
0.0
220.0
217.5
220.0
130.0
0.0
220.0
217.5
220.0
130.0
0.0
220.0
217.5
220.0
130.0
0.0
0.0
0.0
0.0
0.0
0.0
0.0
0.0
0.0
0.0
