0.0
182.5
182.5
182.5
182.5
0.0
182.5
180.0
180.0
182.5
182.5
0.0
147.5
145.0
142.5
145.0
145.0
0.0
147.5
145.0
142.5
145.0
145.0
0.0
147.5
145.0
142.5
145.0
145.0
0.0
182.5
180.0
180.0
182.5
182.5
0.0
182.5
180.0
180.0
182.5
182.5
0.0
182.5
180.0
180.0
182.5
182.5
0.0
147.5
145.0
142.5
145.0
145.0
0.0
147.5
145.0
142.5
145.0
145.0
0.0
182.5
0.0
182.5
180.0
180.0
182.5
182.5
0.0
182.5
0.0
182.5
0.0
182.5
180.0
180.0
182.5
182.5
0.0
182.5
180.0
180.0
182.5
182.5
0.0
182.5
180.0
180.0
182.5
182.5
0.0
182.5
180.0
180.0
182.5
182.5
0.0
147.5
145.0
142.5
145.0
145.0
0.0
147.5
145.0
142.5
145.0
145.0
0.0
147.5
145.0
142.5
145.0
145.0
0.0
147.5
145.0
142.5
145.0
145.0
0.0
147.5
145.0
142.5
145.0
0.0
147.5
145.0
147.5
147.5
0.0
147.5
147.5
145.0
145.0
0.0
147.5
145.0
142.5
145.0
145.0
0.0
147.5
145.0
142.5
145.0
145.0
0.0
147.5
145.0
142.5
145.0
145.0
0.0
147.5
145.0
142.5
145.0
145.0
0.0
147.5
145.0
142.5
145.0
145.0
0.0
147.5
145.0
142.5
145.0
145.0
0.0
220.0
217.5
132.5
132.5
132.5
0.0
147.5
145.0
60.0
130.0
60.0
0.0
220.0
217.5
132.5
132.5
132.5
0.0
220.0
0.0
220.0
0.0
220.0
0.0
135.0
135.0
132.5
132.5
132.5
0.0
135.0
0.0
135.0
0.0
135.0
0.0
135.0
0.0
135.0
135.0
132.5
132.5
132.5
0.0
135.0
135.0
0.0
135.0
135.0
0.0
135.0
0.0
135.0
135.0
0.0
135.0
0.0
135.0
135.0
132.5
0.0
135.0
135.0
132.5
0.0
135.0
135.0
0.0
135.0
0.0
135.0
0.0
135.0
135.0
0.0
135.0
135.0
0.0
135.0
135.0
0.0
135.0
135.0
132.5
132.5
132.5
0.0
135.0
0.0
135.0
135.0
132.5
132.5
132.5
0.0
135.0
135.0
132.5
132.5
132.5
0.0
135.0
135.0
132.5
132.5
132.5
0.0
135.0
135.0
132.5
132.5
132.5
0.0
135.0
0.0
135.0
0.0
135.0
0.0
135.0
135.0
132.5
132.5
132.5
0.0
135.0
0.0
135.0
0.0
135.0
0.0
135.0
0.0
135.0
0.0
135.0
0.0
135.0
0.0
135.0
0.0
135.0
0.0
135.0
0.0
135.0
0.0
135.0
0.0
135.0
0.0
135.0
0.0
135.0
135.0
197.5
162.5
237.5
0.0
135.0
135.0
197.5
162.5
237.5
0.0
135.0
135.0
197.5
162.5
237.5
0.0
135.0
135.0
197.5
162.5
237.5
0.0
135.0
135.0
197.5
162.5
0.0
135.0
135.0
197.5
162.5
237.5
0.0
135.0
135.0
197.5
162.5
237.5
0.0
135.0
135.0
197.5
162.5
0.0
135.0
135.0
197.5
162.5
237.5
0.0
135.0
0.0
135.0
135.0
197.5
162.5
0.0
135.0
135.0
197.5
162.5
237.5
0.0
110.0
107.5
107.5
110.0
110.0
0.0
110.0
107.5
107.5
110.0
110.0
0.0
110.0
107.5
107.5
110.0
110.0
0.0
110.0
107.5
107.5
110.0
110.0
0.0
110.0
107.5
107.5
110.0
110.0
0.0
110.0
107.5
107.5
110.0
110.0
0.0
110.0
107.5
107.5
110.0
110.0
0.0
110.0
107.5
107.5
110.0
110.0
0.0
110.0
107.5
107.5
110.0
110.0
0.0
110.0
107.5
107.5
110.0
110.0
0.0
110.0
107.5
107.5
110.0
110.0
0.0
110.0
107.5
107.5
110.0
110.0
0.0
110.0
107.5
107.5
110.0
110.0
0.0
110.0
107.5
107.5
110.0
110.0
0.0
110.0
107.5
107.5
110.0
110.0
0.0
110.0
107.5
107.5
110.0
110.0
0.0
110.0
107.5
107.5
110.0
110.0
0.0
110.0
107.5
107.5
110.0
110.0
0.0
110.0
107.5
107.5
110.0
110.0
0.0
110.0
107.5
107.5
110.0
110.0
0.0
110.0
107.5
107.5
110.0
110.0
0.0
110.0
107.5
107.5
110.0
110.0
0.0
110.0
107.5
107.5
110.0
110.0
0.0
110.0
107.5
107.5
110.0
110.0
0.0
110.0
107.5
107.5
110.0
110.0
0.0
110.0
107.5
107.5
110.0
110.0
0.0
110.0
107.5
107.5
110.0
0.0
110.0
0.0
110.0
107.5
112.5
112.5
0.0
110.0
110.0
110.0
110.0
0.0
147.5
122.5
315.0
170.0
0.0
220.0
220.0
217.5
217.5
0.0
220.0
220.0
217.5
217.5
0.0
220.0
220.0
217.5
217.5
0.0
220.0
220.0
217.5
217.5
0.0
220.0
220.0
217.5
217.5
0.0
220.0
220.0
217.5
217.5
0.0
220.0
220.0
217.5
217.5
0.0
220.0
220.0
217.5
217.5
0.0
220.0
220.0
217.5
217.5
0.0
220.0
220.0
217.5
217.5
0.0
220.0
220.0
217.5
217.5
0.0
0.0
135.0
0.0
0.0
0.0
0.0
0.0
0.0
0.0
0.0
220.0
0.0
220.0
217.5
220.0
220.0
0.0
0.0
135.0
