0.0
262.5
265.0
262.5
262.5
0.0
262.5
265.0
265.0
265.0
265.0
0.0
262.5
265.0
265.0
265.0
265.0
0.0
310.0
235.0
237.5
237.5
240.0
0.0
310.0
235.0
237.5
237.5
240.0
0.0
262.5
265.0
265.0
265.0
265.0
0.0
262.5
265.0
265.0
265.0
265.0
0.0
262.5
265.0
265.0
265.0
265.0
0.0
262.5
265.0
265.0
265.0
265.0
0.0
262.5
265.0
265.0
265.0
265.0
0.0
262.5
0.0
262.5
265.0
265.0
265.0
265.0
0.0
262.5
0.0
262.5
0.0
262.5
265.0
265.0
265.0
265.0
0.0
262.5
265.0
265.0
265.0
265.0
0.0
262.5
265.0
265.0
265.0
265.0
0.0
262.5
265.0
265.0
265.0
265.0
0.0
310.0
235.0
237.5
237.5
240.0
0.0
310.0
235.0
237.5
237.5
240.0
0.0
310.0
235.0
237.5
237.5
240.0
0.0
310.0
235.0
237.5
237.5
240.0
0.0
310.0
235.0
237.5
240.0
0.0
310.0
237.5
237.5
232.5
0.0
310.0
237.5
235.0
235.0
0.0
310.0
235.0
237.5
237.5
240.0
0.0
310.0
235.0
237.5
237.5
240.0
0.0
310.0
235.0
237.5
237.5
240.0
0.0
310.0
235.0
237.5
237.5
240.0
0.0
310.0
235.0
237.5
237.5
240.0
0.0
310.0
235.0
237.5
237.5
240.0
0.0
342.5
257.5
260.0
260.0
260.0
0.0
310.0
225.0
297.5
217.5
380.0
0.0
267.5
182.5
350.0
275.0
200.0
0.0
267.5
0.0
267.5
0.0
267.5
0.0
262.5
180.0
420.0
392.5
285.0
0.0
262.5
0.0
262.5
0.0
262.5
0.0
262.5
0.0
262.5
180.0
420.0
392.5
285.0
0.0
262.5
180.0
0.0
262.5
180.0
0.0
262.5
0.0
262.5
180.0
0.0
262.5
0.0
262.5
180.0
420.0
0.0
262.5
180.0
420.0
0.0
262.5
180.0
0.0
262.5
0.0
262.5
0.0
262.5
180.0
0.0
262.5
260.0
0.0
262.5
260.0
0.0
262.5
265.0
265.0
265.0
265.0
0.0
262.5
0.0
262.5
265.0
265.0
265.0
265.0
0.0
162.5
162.5
165.0
165.0
165.0
0.0
162.5
162.5
165.0
165.0
165.0
0.0
162.5
162.5
165.0
165.0
165.0
0.0
162.5
0.0
162.5
0.0
162.5
0.0
162.5
162.5
165.0
165.0
165.0
0.0
162.5
0.0
162.5
0.0
162.5
0.0
162.5
0.0
0.0
162.5
0.0
162.5
0.0
162.5
0.0
162.5
0.0
162.5
0.0
162.5
0.0
162.5
0.0
162.5
0.0
162.5
0.0
162.5
242.5
170.0
0.0
0.0
0.0
162.5
242.5
170.0
0.0
0.0
0.0
162.5
242.5
170.0
0.0
0.0
0.0
162.5
242.5
170.0
0.0
0.0
0.0
162.5
242.5
170.0
0.0
0.0
162.5
242.5
170.0
0.0
0.0
0.0
162.5
242.5
170.0
0.0
0.0
0.0
162.5
242.5
170.0
0.0
0.0
162.5
242.5
170.0
0.0
0.0
0.0
162.5
0.0
162.5
242.5
170.0
0.0
0.0
162.5
242.5
170.0
0.0
0.0
0.0
162.5
227.5
145.0
75.0
315.0
0.0
162.5
247.5
165.0
0.0
80.0
0.0
162.5
247.5
165.0
0.0
110.0
0.0
162.5
247.5
165.0
0.0
330.0
0.0
162.5
232.5
160.0
330.0
165.0
0.0
162.5
227.5
145.0
70.0
520.0
0.0
162.5
442.5
360.0
360.0
200.0
0.0
162.5
227.5
145.0
70.0
305.0
0.0
162.5
442.5
360.0
215.0
505.0
0.0
162.5
227.5
145.0
70.0
240.0
0.0
162.5
227.5
145.0
70.0
240.0
0.0
162.5
227.5
145.0
70.0
240.0
0.0
162.5
162.5
165.0
165.0
165.0
0.0
162.5
162.5
165.0
165.0
165.0
0.0
162.5
162.5
165.0
165.0
165.0
0.0
162.5
162.5
165.0
165.0
165.0
0.0
162.5
162.5
165.0
165.0
165.0
0.0
162.5
162.5
165.0
165.0
165.0
0.0
162.5
162.5
165.0
165.0
165.0
0.0
162.5
162.5
165.0
165.0
165.0
0.0
162.5
162.5
165.0
165.0
165.0
0.0
162.5
162.5
165.0
165.0
165.0
0.0
162.5
162.5
165.0
165.0
165.0
0.0
162.5
162.5
165.0
165.0
165.0
0.0
162.5
162.5
165.0
165.0
165.0
0.0
162.5
162.5
165.0
165.0
165.0
0.0
162.5
162.5
165.0
165.0
0.0
75.0
0.0
162.5
165.0
165.0
165.0
0.0
162.5
165.0
162.5
160.0
0.0
310.0
237.5
162.5
160.0
0.0
342.5
345.0
342.5
340.0
0.0
342.5
345.0
342.5
340.0
0.0
342.5
345.0
342.5
340.0
0.0
342.5
345.0
342.5
340.0
0.0
342.5
345.0
342.5
340.0
0.0
342.5
345.0
342.5
340.0
0.0
342.5
345.0
342.5
340.0
0.0
342.5
345.0
342.5
340.0
0.0
342.5
345.0
342.5
340.0
0.0
342.5
345.0
342.5
340.0
0.0
342.5
345.0
342.5
340.0
0.0
0.0
260.0
0.0
0.0
0.0
342.5
345.0
345.0
340.0
0.0
260.0
