0.0
700.0
700.0
700.0
700.0
0.0
0.0
0.0
0.0
0.0
0.0
0.0
0.0
0.0
0.0
0.0
0.0
0.0
1400.0
1400.0
1400.0
0.0
850.0
750.0
750.0
750.0
0.0
0.0
0.0
0.0
0.0
0.0
0.0
0.0
0.0
0.0
1400.0
0.0
0.0
0.0
1500.0
1300.0
1100.0
1100.0
0.0
650.0
650.0
650.0
650.0
0.0
850.0
750.0
650.0
650.0
0.0
1000.0
1000.0
1000.0
1000.0
0.0
1000.0
1000.0
1000.0
1000.0
0.0
1000.0
1000.0
1000.0
1000.0
0.0
1000.0
1000.0
1000.0
1000.0
0.0
1000.0
1000.0
1000.0
1000.0
0.0
1000.0
1000.0
1000.0
1000.0
0.0
1000.0
1000.0
1000.0
1000.0
0.0
1000.0
1000.0
1000.0
1000.0
0.0
1000.0
1000.0
1000.0
1000.0
0.0
1000.0
1000.0
1000.0
1000.0
0.0
1000.0
1000.0
1000.0
1000.0
0.0
0.0
0.0
0.0
0.0
0.0
0.0
0.0
0.0
0.0
