0.0
800.0
700.0
700.0
700.0
0.0
800.0
700.0
700.0
700.0
700.0
0.0
800.0
700.0
700.0
700.0
700.0
0.0
800.0
700.0
700.0
700.0
700.0
0.0
800.0
700.0
700.0
700.0
700.0
0.0
800.0
700.0
700.0
700.0
700.0
0.0
800.0
700.0
700.0
700.0
700.0
0.0
800.0
700.0
700.0
700.0
700.0
0.0
800.0
700.0
700.0
700.0
700.0
0.0
800.0
700.0
700.0
700.0
700.0
0.0
0.0
800.0
700.0
700.0
700.0
700.0
0.0
0.0
0.0
800.0
700.0
700.0
700.0
700.0
0.0
800.0
700.0
700.0
700.0
700.0
0.0
800.0
700.0
700.0
700.0
700.0
0.0
800.0
700.0
700.0
700.0
700.0
0.0
800.0
700.0
700.0
700.0
700.0
0.0
800.0
700.0
700.0
700.0
700.0
0.0
800.0
700.0
700.0
700.0
700.0
0.0
800.0
700.0
700.0
700.0
700.0
0.0
800.0
700.0
700.0
700.0
0.0
800.0
700.0
700.0
700.0
0.0
800.0
700.0
700.0
700.0
0.0
800.0
700.0
700.0
700.0
700.0
0.0
800.0
700.0
700.0
700.0
700.0
0.0
800.0
700.0
700.0
700.0
700.0
0.0
800.0
700.0
700.0
700.0
700.0
0.0
800.0
700.0
700.0
700.0
700.0
0.0
800.0
700.0
700.0
700.0
700.0
0.0
950.0
950.0
600.0
600.0
600.0
0.0
800.0
600.0
600.0
600.0
600.0
0.0
850.0
650.0
1250.0
650.0
1250.0
0.0
0.0
0.0
0.0
600.0
1100.0
950.0
750.0
650.0
0.0
0.0
0.0
0.0
0.0
600.0
1100.0
950.0
750.0
650.0
0.0
600.0
0.0
600.0
0.0
0.0
600.0
0.0
0.0
600.0
1100.0
0.0
600.0
1100.0
950.0
0.0
600.0
0.0
0.0
0.0
600.0
1100.0
0.0
950.0
950.0
0.0
950.0
950.0
0.0
950.0
950.0
950.0
950.0
950.0
0.0
0.0
950.0
950.0
950.0
950.0
950.0
0.0
950.0
950.0
950.0
950.0
950.0
0.0
950.0
950.0
950.0
950.0
950.0
0.0
950.0
950.0
950.0
950.0
950.0
0.0
0.0
0.0
0.0
950.0
950.0
950.0
950.0
950.0
0.0
0.0
0.0
0.0
0.0
0.0
0.0
0.0
0.0
0.0
0.0
0.0
0.0
0.0
0.0
600.0
1000.0
850.0
250.0
950.0
0.0
600.0
1000.0
850.0
250.0
950.0
0.0
600.0
1000.0
850.0
250.0
950.0
0.0
600.0
1000.0
850.0
250.0
950.0
0.0
600.0
1000.0
850.0
0.0
600.0
1000.0
850.0
250.0
950.0
0.0
600.0
1000.0
850.0
250.0
0.0
600.0
1000.0
850.0
0.0
600.0
1000.0
850.0
250.0
950.0
0.0
0.0
600.0
1000.0
850.0
0.0
600.0
1000.0
850.0
250.0
950.0
0.0
600.0
800.0
650.0
1050.0
650.0
0.0
600.0
800.0
650.0
650.0
1050.0
0.0
500.0
500.0
800.0
500.0
800.0
0.0
500.0
500.0
700.0
700.0
700.0
0.0
500.0
500.0
700.0
700.0
700.0
0.0
500.0
500.0
700.0
700.0
700.0
0.0
500.0
500.0
700.0
700.0
700.0
0.0
500.0
800.0
800.0
800.0
450.0
0.0
500.0
500.0
700.0
700.0
700.0
0.0
500.0
500.0
700.0
700.0
700.0
0.0
500.0
500.0
700.0
700.0
700.0
0.0
500.0
500.0
700.0
700.0
700.0
0.0
500.0
800.0
800.0
800.0
450.0
0.0
500.0
800.0
800.0
800.0
450.0
0.0
500.0
700.0
700.0
700.0
700.0
0.0
500.0
700.0
700.0
700.0
700.0
0.0
500.0
700.0
700.0
700.0
700.0
0.0
500.0
700.0
700.0
700.0
700.0
0.0
500.0
700.0
700.0
700.0
700.0
0.0
500.0
700.0
700.0
700.0
700.0
0.0
500.0
700.0
700.0
700.0
700.0
0.0
500.0
700.0
700.0
700.0
700.0
0.0
500.0
700.0
700.0
700.0
700.0
0.0
500.0
700.0
700.0
700.0
700.0
0.0
500.0
700.0
700.0
700.0
700.0
0.0
500.0
700.0
700.0
700.0
700.0
0.0
500.0
700.0
700.0
700.0
0.0
0.0
0.0
500.0
700.0
700.0
700.0
0.0
500.0
700.0
700.0
700.0
0.0
800.0
650.0
550.0
1050.0
0.0
950.0
950.0
950.0
950.0
0.0
950.0
950.0
950.0
950.0
0.0
950.0
950.0
950.0
950.0
0.0
950.0
950.0
950.0
950.0
0.0
950.0
950.0
950.0
950.0
0.0
950.0
950.0
950.0
950.0
0.0
950.0
950.0
950.0
950.0
0.0
950.0
950.0
950.0
950.0
0.0
950.0
950.0
950.0
950.0
0.0
950.0
950.0
950.0
950.0
0.0
950.0
950.0
950.0
950.0
0.0
0.0
600.0
0.0
0.0
0.0
950.0
950.0
950.0
950.0
0.0
