0.0
800.0
800.0
800.0
800.0
0.0
0.0
0.0
0.0
0.0
0.0
0.0
0.0
0.0
0.0
0.0
0.0
1300.0
1300.0
1300.0
1300.0
0.0
950.0
950.0
950.0
800.0
0.0
0.0
0.0
0.0
0.0
0.0
0.0
0.0
0.0
1400.0
800.0
0.0
0.0
0.0
1500.0
1300.0
1100.0
1100.0
0.0
950.0
950.0
650.0
650.0
0.0
800.0
650.0
1150.0
650.0
0.0
950.0
950.0
950.0
950.0
0.0
950.0
950.0
950.0
950.0
0.0
950.0
950.0
950.0
950.0
0.0
950.0
950.0
950.0
950.0
0.0
950.0
950.0
950.0
950.0
0.0
950.0
950.0
950.0
950.0
0.0
950.0
950.0
950.0
950.0
0.0
950.0
950.0
950.0
950.0
0.0
950.0
950.0
950.0
950.0
0.0
950.0
950.0
950.0
950.0
0.0
950.0
950.0
950.0
950.0
0.0
0.0
0.0
0.0
0.0
0.0
0.0
0.0
0.0
0.0
