0.0
800.0
800.0
800.0
800.0
0.0
800.0
800.0
800.0
800.0
800.0
0.0
800.0
800.0
800.0
800.0
800.0
0.0
800.0
800.0
800.0
800.0
800.0
0.0
800.0
800.0
800.0
800.0
800.0
0.0
800.0
800.0
800.0
800.0
800.0
0.0
800.0
800.0
800.0
800.0
800.0
0.0
800.0
800.0
800.0
800.0
800.0
0.0
800.0
800.0
800.0
800.0
800.0
0.0
900.0
900.0
900.0
900.0
900.0
0.0
800.0
0.0
800.0
800.0
800.0
800.0
800.0
0.0
800.0
0.0
800.0
0.0
800.0
800.0
800.0
800.0
800.0
0.0
800.0
800.0
800.0
800.0
800.0
0.0
800.0
800.0
800.0
800.0
800.0
0.0
800.0
800.0
800.0
800.0
800.0
0.0
900.0
900.0
900.0
900.0
900.0
0.0
900.0
900.0
900.0
900.0
900.0
0.0
900.0
900.0
900.0
900.0
900.0
0.0
900.0
900.0
900.0
900.0
900.0
0.0
900.0
900.0
750.0
750.0
0.0
900.0
900.0
900.0
900.0
0.0
900.0
900.0
900.0
900.0
0.0
900.0
900.0
900.0
900.0
900.0
0.0
900.0
900.0
900.0
900.0
900.0
0.0
900.0
900.0
900.0
900.0
900.0
0.0
900.0
900.0
900.0
900.0
900.0
0.0
900.0
900.0
900.0
900.0
900.0
0.0
900.0
900.0
900.0
900.0
900.0
0.0
1000.0
700.0
700.0
700.0
700.0
0.0
900.0
900.0
700.0
700.0
700.0
0.0
900.0
900.0
700.0
1300.0
700.0
0.0
0.0
900.0
0.0
0.0
800.0
500.0
1200.0
500.0
1200.0
0.0
800.0
0.0
0.0
800.0
0.0
800.0
0.0
800.0
500.0
1200.0
500.0
1200.0
0.0
800.0
500.0
0.0
800.0
500.0
0.0
800.0
0.0
800.0
500.0
0.0
800.0
0.0
800.0
500.0
1200.0
0.0
800.0
500.0
1200.0
0.0
800.0
500.0
0.0
800.0
0.0
800.0
0.0
800.0
500.0
0.0
1000.0
1000.0
0.0
1000.0
1000.0
0.0
1000.0
1000.0
1000.0
1000.0
1000.0
0.0
0.0
1000.0
1000.0
1000.0
1000.0
1000.0
0.0
1000.0
1000.0
1000.0
1000.0
1000.0
0.0
1000.0
1000.0
1000.0
1000.0
1000.0
0.0
1000.0
1000.0
1000.0
1000.0
1000.0
0.0
1000.0
0.0
0.0
0.0
1000.0
1000.0
1000.0
1000.0
1000.0
0.0
1000.0
0.0
0.0
0.0
0.0
0.0
0.0
0.0
0.0
0.0
1000.0
0.0
0.0
500.0
0.0
500.0
0.0
500.0
0.0
500.0
900.0
500.0
500.0
800.0
0.0
500.0
900.0
500.0
500.0
800.0
0.0
500.0
900.0
500.0
500.0
800.0
0.0
500.0
900.0
500.0
500.0
800.0
0.0
500.0
900.0
500.0
500.0
0.0
500.0
900.0
500.0
500.0
800.0
0.0
500.0
900.0
500.0
500.0
800.0
0.0
500.0
900.0
500.0
500.0
0.0
500.0
900.0
500.0
500.0
800.0
0.0
500.0
0.0
500.0
900.0
500.0
500.0
0.0
500.0
900.0
500.0
500.0
800.0
0.0
500.0
900.0
500.0
900.0
500.0
0.0
500.0
900.0
500.0
800.0
500.0
0.0
500.0
900.0
700.0
1100.0
700.0
0.0
500.0
900.0
700.0
1100.0
700.0
0.0
500.0
900.0
700.0
1100.0
700.0
0.0
500.0
900.0
700.0
1100.0
700.0
0.0
500.0
800.0
600.0
1000.0
600.0
0.0
500.0
900.0
700.0
1100.0
900.0
0.0
500.0
800.0
600.0
1200.0
600.0
0.0
500.0
800.0
600.0
1200.0
600.0
0.0
500.0
800.0
600.0
1200.0
600.0
0.0
500.0
800.0
600.0
1200.0
600.0
0.0
500.0
800.0
600.0
1200.0
600.0
0.0
500.0
800.0
600.0
1200.0
600.0
0.0
500.0
900.0
700.0
900.0
700.0
0.0
500.0
900.0
700.0
900.0
700.0
0.0
500.0
900.0
700.0
900.0
700.0
0.0
500.0
900.0
700.0
900.0
700.0
0.0
500.0
900.0
700.0
900.0
700.0
0.0
500.0
900.0
700.0
900.0
700.0
0.0
500.0
900.0
700.0
900.0
700.0
0.0
500.0
900.0
700.0
900.0
700.0
0.0
500.0
900.0
700.0
900.0
700.0
0.0
500.0
900.0
700.0
900.0
700.0
0.0
500.0
900.0
700.0
900.0
700.0
0.0
500.0
900.0
700.0
900.0
700.0
0.0
500.0
900.0
700.0
900.0
0.0
0.0
0.0
500.0
900.0
700.0
900.0
0.0
500.0
900.0
700.0
900.0
0.0
850.0
750.0
500.0
1400.0
0.0
1000.0
1000.0
1000.0
1000.0
0.0
1000.0
1000.0
1000.0
1000.0
0.0
1000.0
1000.0
1000.0
1000.0
0.0
1000.0
1000.0
1000.0
1000.0
0.0
1000.0
1000.0
1000.0
1000.0
0.0
1000.0
1000.0
1000.0
1000.0
0.0
1000.0
1000.0
1000.0
1000.0
0.0
1000.0
1000.0
1000.0
1000.0
0.0
1000.0
1000.0
1000.0
1000.0
0.0
1000.0
1000.0
1000.0
1000.0
0.0
1000.0
1000.0
1000.0
1000.0
0.0
0.0
700.0
0.0
0.0
0.0
1000.0
1000.0
1000.0
1000.0
0.0
700.0
