0.0
700.0
700.0
700.0
700.0
0.0
700.0
700.0
700.0
700.0
700.0
0.0
800.0
800.0
800.0
800.0
800.0
0.0
800.0
800.0
800.0
800.0
800.0
0.0
800.0
800.0
800.0
800.0
800.0
0.0
700.0
700.0
700.0
700.0
700.0
0.0
700.0
700.0
700.0
700.0
700.0
0.0
700.0
700.0
700.0
700.0
700.0
0.0
700.0
700.0
700.0
700.0
700.0
0.0
800.0
800.0
800.0
800.0
800.0
0.0
700.0
0.0
700.0
700.0
700.0
700.0
700.0
0.0
700.0
0.0
700.0
0.0
700.0
700.0
700.0
700.0
700.0
0.0
700.0
700.0
700.0
700.0
700.0
0.0
700.0
700.0
700.0
700.0
700.0
0.0
700.0
700.0
700.0
700.0
700.0
0.0
800.0
800.0
800.0
800.0
800.0
0.0
800.0
800.0
800.0
800.0
800.0
0.0
800.0
800.0
800.0
800.0
800.0
0.0
800.0
800.0
800.0
800.0
800.0
0.0
800.0
800.0
800.0
800.0
0.0
800.0
800.0
800.0
800.0
0.0
800.0
800.0
800.0
800.0
0.0
800.0
800.0
800.0
800.0
800.0
0.0
800.0
800.0
800.0
800.0
800.0
0.0
800.0
800.0
800.0
800.0
800.0
0.0
800.0
800.0
800.0
800.0
800.0
0.0
800.0
800.0
800.0
800.0
800.0
0.0
800.0
800.0
800.0
800.0
800.0
0.0
900.0
900.0
550.0
550.0
550.0
0.0
800.0
600.0
600.0
600.0
600.0
0.0
900.0
700.0
700.0
700.0
700.0
0.0
0.0
900.0
0.0
0.0
550.0
750.0
650.0
1050.0
1050.0
0.0
550.0
0.0
0.0
550.0
0.0
0.0
550.0
750.0
650.0
1050.0
1050.0
0.0
550.0
750.0
0.0
550.0
750.0
0.0
0.0
550.0
750.0
0.0
550.0
0.0
550.0
750.0
650.0
0.0
550.0
750.0
650.0
0.0
550.0
750.0
0.0
550.0
0.0
550.0
0.0
550.0
750.0
0.0
900.0
900.0
0.0
900.0
900.0
0.0
900.0
900.0
900.0
900.0
900.0
0.0
0.0
900.0
900.0
900.0
900.0
900.0
0.0
900.0
900.0
900.0
900.0
900.0
0.0
900.0
900.0
900.0
900.0
900.0
0.0
900.0
900.0
900.0
900.0
900.0
0.0
900.0
0.0
0.0
0.0
900.0
900.0
900.0
900.0
900.0
0.0
0.0
0.0
0.0
0.0
0.0
0.0
0.0
0.0
0.0
0.0
0.0
550.0
0.0
550.0
0.0
550.0
0.0
550.0
950.0
350.0
850.0
750.0
0.0
550.0
950.0
350.0
850.0
750.0
0.0
550.0
950.0
350.0
850.0
750.0
0.0
550.0
950.0
350.0
850.0
750.0
0.0
550.0
950.0
350.0
850.0
0.0
550.0
950.0
350.0
850.0
750.0
0.0
550.0
950.0
350.0
850.0
750.0
0.0
550.0
950.0
350.0
0.0
550.0
950.0
350.0
850.0
750.0
0.0
550.0
0.0
550.0
950.0
350.0
0.0
550.0
950.0
350.0
850.0
750.0
0.0
550.0
950.0
350.0
950.0
350.0
0.0
600.0
600.0
600.0
600.0
600.0
0.0
600.0
600.0
600.0
600.0
600.0
0.0
600.0
600.0
600.0
600.0
600.0
0.0
600.0
600.0
600.0
600.0
600.0
0.0
900.0
600.0
600.0
600.0
600.0
0.0
900.0
600.0
600.0
600.0
600.0
0.0
900.0
600.0
600.0
600.0
600.0
0.0
900.0
600.0
600.0
600.0
600.0
0.0
900.0
600.0
600.0
600.0
600.0
0.0
900.0
600.0
600.0
600.0
600.0
0.0
900.0
600.0
600.0
600.0
600.0
0.0
900.0
600.0
600.0
600.0
600.0
0.0
900.0
600.0
600.0
600.0
600.0
0.0
900.0
600.0
600.0
600.0
600.0
0.0
900.0
600.0
600.0
600.0
600.0
0.0
900.0
600.0
600.0
600.0
600.0
0.0
900.0
600.0
600.0
600.0
600.0
0.0
900.0
600.0
600.0
600.0
600.0
0.0
900.0
600.0
600.0
600.0
600.0
0.0
900.0
600.0
600.0
600.0
600.0
0.0
900.0
600.0
600.0
600.0
600.0
0.0
900.0
600.0
600.0
600.0
600.0
0.0
900.0
600.0
600.0
600.0
600.0
0.0
900.0
600.0
600.0
600.0
600.0
0.0
900.0
600.0
600.0
600.0
600.0
0.0
900.0
600.0
600.0
600.0
0.0
0.0
0.0
900.0
600.0
600.0
600.0
0.0
900.0
900.0
900.0
550.0
0.0
800.0
550.0
1250.0
1050.0
0.0
900.0
900.0
900.0
900.0
0.0
900.0
900.0
900.0
900.0
0.0
900.0
900.0
900.0
900.0
0.0
900.0
900.0
900.0
900.0
0.0
900.0
900.0
900.0
900.0
0.0
900.0
900.0
900.0
900.0
0.0
900.0
900.0
900.0
900.0
0.0
900.0
900.0
900.0
900.0
0.0
900.0
900.0
900.0
900.0
0.0
900.0
900.0
900.0
900.0
0.0
900.0
900.0
900.0
900.0
0.0
0.0
550.0
0.0
0.0
0.0
900.0
900.0
900.0
900.0
0.0
550.0
