0.0
800.0
800.0
800.0
800.0
0.0
0.0
0.0
0.0
0.0
0.0
0.0
0.0
0.0
0.0
0.0
0.0
0.0
0.0
0.0
0.0
0.0
800.0
800.0
800.0
800.0
0.0
0.0
0.0
0.0
0.0
0.0
0.0
0.0
0.0
0.0
0.0
0.0
0.0
0.0
0.0
1300.0
1100.0
900.0
0.0
800.0
800.0
500.0
700.0
0.0
650.0
1250.0
1050.0
850.0
0.0
800.0
800.0
800.0
800.0
0.0
800.0
800.0
800.0
800.0
0.0
800.0
800.0
800.0
800.0
0.0
800.0
800.0
800.0
800.0
0.0
800.0
800.0
800.0
800.0
0.0
800.0
800.0
800.0
800.0
0.0
800.0
800.0
800.0
800.0
0.0
800.0
800.0
800.0
800.0
0.0
800.0
800.0
800.0
800.0
0.0
800.0
800.0
800.0
800.0
0.0
800.0
800.0
800.0
800.0
0.0
0.0
0.0
0.0
0.0
0.0
0.0
0.0
0.0
0.0
