0.0
750.0
750.0
750.0
750.0
0.0
750.0
750.0
750.0
750.0
750.0
0.0
750.0
750.0
750.0
750.0
750.0
0.0
950.0
750.0
750.0
750.0
750.0
0.0
950.0
750.0
750.0
750.0
750.0
0.0
750.0
750.0
750.0
750.0
750.0
0.0
750.0
750.0
750.0
750.0
750.0
0.0
750.0
750.0
750.0
750.0
750.0
0.0
750.0
750.0
750.0
750.0
750.0
0.0
950.0
950.0
750.0
750.0
750.0
0.0
750.0
0.0
750.0
750.0
750.0
750.0
750.0
0.0
750.0
0.0
750.0
0.0
750.0
750.0
750.0
750.0
750.0
0.0
750.0
750.0
750.0
750.0
750.0
0.0
750.0
750.0
750.0
750.0
750.0
0.0
750.0
750.0
750.0
750.0
750.0
0.0
950.0
750.0
750.0
750.0
750.0
0.0
950.0
750.0
750.0
750.0
750.0
0.0
950.0
750.0
750.0
750.0
750.0
0.0
950.0
750.0
750.0
750.0
750.0
0.0
950.0
950.0
750.0
750.0
0.0
950.0
950.0
950.0
750.0
0.0
950.0
950.0
950.0
950.0
0.0
950.0
750.0
750.0
750.0
750.0
0.0
950.0
750.0
750.0
750.0
750.0
0.0
950.0
750.0
750.0
750.0
750.0
0.0
950.0
750.0
750.0
750.0
750.0
0.0
950.0
950.0
950.0
750.0
750.0
0.0
950.0
750.0
750.0
750.0
750.0
0.0
700.0
500.0
900.0
600.0
1200.0
0.0
700.0
900.0
600.0
1000.0
600.0
0.0
700.0
900.0
600.0
1200.0
600.0
0.0
700.0
0.0
700.0
0.0
700.0
0.0
750.0
500.0
1200.0
900.0
700.0
0.0
750.0
0.0
750.0
0.0
750.0
0.0
750.0
0.0
750.0
500.0
1200.0
900.0
700.0
0.0
750.0
500.0
0.0
750.0
500.0
0.0
750.0
0.0
750.0
500.0
0.0
750.0
0.0
750.0
500.0
1200.0
0.0
750.0
500.0
1200.0
0.0
750.0
500.0
0.0
750.0
0.0
750.0
0.0
750.0
500.0
0.0
750.0
750.0
0.0
750.0
750.0
0.0
750.0
750.0
750.0
750.0
750.0
0.0
750.0
0.0
750.0
750.0
750.0
750.0
750.0
0.0
550.0
550.0
550.0
550.0
550.0
0.0
550.0
550.0
550.0
550.0
550.0
0.0
550.0
550.0
550.0
550.0
550.0
0.0
550.0
0.0
550.0
0.0
550.0
0.0
550.0
550.0
550.0
550.0
550.0
0.0
550.0
0.0
550.0
0.0
550.0
0.0
550.0
0.0
550.0
0.0
550.0
0.0
550.0
0.0
550.0
0.0
550.0
0.0
550.0
0.0
550.0
0.0
550.0
0.0
550.0
0.0
550.0
0.0
550.0
550.0
850.0
550.0
1150.0
0.0
550.0
550.0
850.0
550.0
1150.0
0.0
550.0
550.0
850.0
550.0
1150.0
0.0
550.0
550.0
850.0
550.0
1150.0
0.0
550.0
550.0
850.0
550.0
0.0
550.0
550.0
850.0
550.0
1150.0
0.0
550.0
550.0
850.0
550.0
1150.0
0.0
550.0
550.0
850.0
550.0
0.0
550.0
550.0
850.0
550.0
1150.0
0.0
550.0
0.0
550.0
550.0
850.0
550.0
0.0
550.0
550.0
850.0
550.0
1150.0
0.0
700.0
900.0
600.0
1200.0
600.0
0.0
700.0
900.0
600.0
1200.0
600.0
0.0
700.0
900.0
600.0
1000.0
600.0
0.0
700.0
900.0
600.0
1200.0
600.0
0.0
700.0
900.0
600.0
1200.0
600.0
0.0
700.0
900.0
600.0
1000.0
600.0
0.0
700.0
900.0
600.0
1200.0
600.0
0.0
700.0
900.0
600.0
1000.0
600.0
0.0
700.0
900.0
600.0
1200.0
600.0
0.0
950.0
650.0
650.0
650.0
650.0
0.0
950.0
650.0
650.0
650.0
650.0
0.0
700.0
900.0
600.0
1200.0
600.0
0.0
950.0
650.0
650.0
650.0
650.0
0.0
950.0
650.0
650.0
650.0
650.0
0.0
950.0
650.0
650.0
650.0
650.0
0.0
950.0
650.0
650.0
650.0
650.0
0.0
950.0
650.0
650.0
650.0
650.0
0.0
950.0
950.0
650.0
650.0
650.0
0.0
950.0
950.0
650.0
650.0
650.0
0.0
950.0
950.0
950.0
650.0
650.0
0.0
950.0
950.0
950.0
950.0
950.0
0.0
950.0
950.0
650.0
650.0
650.0
0.0
950.0
950.0
650.0
650.0
650.0
0.0
950.0
950.0
650.0
650.0
650.0
0.0
950.0
950.0
650.0
650.0
650.0
0.0
950.0
950.0
650.0
650.0
650.0
0.0
950.0
950.0
950.0
950.0
0.0
200.0
0.0
950.0
950.0
650.0
650.0
0.0
950.0
950.0
950.0
650.0
0.0
700.0
1200.0
700.0
700.0
0.0
950.0
950.0
950.0
950.0
0.0
950.0
950.0
950.0
950.0
0.0
950.0
950.0
950.0
950.0
0.0
950.0
950.0
950.0
950.0
0.0
950.0
950.0
950.0
950.0
0.0
950.0
950.0
950.0
950.0
0.0
950.0
950.0
950.0
950.0
0.0
950.0
950.0
950.0
950.0
0.0
950.0
950.0
950.0
950.0
0.0
950.0
950.0
950.0
950.0
0.0
950.0
950.0
950.0
950.0
0.0
0.0
650.0
0.0
950.0
0.0
950.0
950.0
950.0
950.0
0.0
650.0
