0.0
700.0
700.0
700.0
700.0
0.0
700.0
700.0
700.0
700.0
700.0
0.0
700.0
700.0
700.0
700.0
700.0
0.0
700.0
700.0
700.0
700.0
700.0
0.0
700.0
700.0
700.0
700.0
700.0
0.0
700.0
700.0
700.0
700.0
700.0
0.0
700.0
700.0
700.0
700.0
700.0
0.0
700.0
700.0
700.0
700.0
700.0
0.0
700.0
700.0
700.0
700.0
700.0
0.0
700.0
700.0
700.0
700.0
700.0
0.0
700.0
0.0
700.0
700.0
700.0
700.0
700.0
0.0
700.0
0.0
700.0
0.0
700.0
700.0
700.0
700.0
700.0
0.0
700.0
700.0
700.0
700.0
700.0
0.0
700.0
700.0
700.0
700.0
700.0
0.0
700.0
700.0
700.0
700.0
700.0
0.0
900.0
800.0
800.0
800.0
800.0
0.0
900.0
800.0
800.0
800.0
800.0
0.0
900.0
800.0
800.0
800.0
800.0
0.0
900.0
800.0
800.0
800.0
800.0
0.0
900.0
750.0
750.0
750.0
0.0
900.0
750.0
750.0
750.0
0.0
900.0
750.0
750.0
750.0
0.0
900.0
800.0
800.0
800.0
800.0
0.0
900.0
800.0
800.0
800.0
800.0
0.0
900.0
800.0
800.0
800.0
800.0
0.0
900.0
800.0
800.0
800.0
800.0
0.0
900.0
800.0
800.0
800.0
800.0
0.0
900.0
800.0
800.0
800.0
800.0
0.0
1000.0
1000.0
1000.0
1000.0
650.0
0.0
900.0
800.0
800.0
800.0
450.0
0.0
900.0
800.0
800.0
800.0
450.0
0.0
900.0
0.0
900.0
0.0
900.0
0.0
700.0
600.0
600.0
1200.0
600.0
0.0
700.0
0.0
700.0
0.0
700.0
0.0
700.0
0.0
700.0
600.0
600.0
1200.0
600.0
0.0
700.0
600.0
0.0
700.0
600.0
0.0
700.0
0.0
700.0
600.0
0.0
700.0
0.0
700.0
600.0
600.0
0.0
700.0
600.0
600.0
0.0
700.0
600.0
0.0
700.0
0.0
700.0
0.0
700.0
600.0
0.0
700.0
700.0
0.0
700.0
700.0
0.0
700.0
700.0
700.0
700.0
700.0
0.0
700.0
0.0
700.0
700.0
700.0
700.0
700.0
0.0
650.0
650.0
650.0
650.0
650.0
0.0
650.0
650.0
650.0
650.0
650.0
0.0
650.0
650.0
650.0
650.0
650.0
0.0
650.0
0.0
650.0
0.0
650.0
0.0
650.0
650.0
650.0
650.0
650.0
0.0
650.0
0.0
650.0
0.0
650.0
0.0
650.0
0.0
650.0
0.0
650.0
0.0
650.0
0.0
650.0
0.0
650.0
0.0
650.0
0.0
650.0
0.0
650.0
0.0
650.0
0.0
650.0
0.0
650.0
650.0
650.0
650.0
650.0
0.0
650.0
650.0
650.0
650.0
650.0
0.0
650.0
650.0
650.0
650.0
650.0
0.0
650.0
650.0
650.0
650.0
650.0
0.0
650.0
650.0
650.0
650.0
0.0
650.0
650.0
650.0
650.0
650.0
0.0
650.0
650.0
650.0
650.0
650.0
0.0
650.0
650.0
650.0
650.0
0.0
650.0
650.0
650.0
650.0
650.0
0.0
650.0
0.0
650.0
650.0
650.0
650.0
0.0
650.0
650.0
650.0
650.0
650.0
0.0
650.0
650.0
650.0
650.0
650.0
0.0
650.0
650.0
650.0
650.0
650.0
0.0
650.0
650.0
650.0
650.0
650.0
0.0
650.0
650.0
650.0
650.0
650.0
0.0
650.0
650.0
650.0
650.0
650.0
0.0
650.0
650.0
650.0
650.0
650.0
0.0
650.0
650.0
650.0
650.0
650.0
0.0
650.0
650.0
650.0
650.0
650.0
0.0
650.0
650.0
650.0
650.0
650.0
0.0
650.0
650.0
650.0
650.0
650.0
0.0
650.0
650.0
650.0
650.0
650.0
0.0
650.0
650.0
650.0
650.0
650.0
0.0
650.0
650.0
650.0
650.0
650.0
0.0
650.0
650.0
650.0
650.0
650.0
0.0
650.0
650.0
650.0
650.0
650.0
0.0
650.0
650.0
650.0
650.0
650.0
0.0
650.0
650.0
650.0
650.0
650.0
0.0
650.0
650.0
650.0
650.0
650.0
0.0
650.0
650.0
650.0
650.0
650.0
0.0
650.0
650.0
650.0
650.0
650.0
0.0
650.0
650.0
650.0
650.0
650.0
0.0
650.0
650.0
650.0
650.0
650.0
0.0
650.0
650.0
650.0
650.0
650.0
0.0
650.0
650.0
650.0
650.0
650.0
0.0
650.0
650.0
650.0
650.0
650.0
0.0
650.0
650.0
650.0
650.0
650.0
0.0
650.0
650.0
650.0
650.0
0.0
200.0
0.0
650.0
650.0
650.0
650.0
0.0
650.0
650.0
650.0
650.0
0.0
850.0
750.0
650.0
650.0
0.0
1000.0
1000.0
1000.0
1000.0
0.0
1000.0
1000.0
1000.0
1000.0
0.0
1000.0
1000.0
1000.0
1000.0
0.0
1000.0
1000.0
1000.0
1000.0
0.0
1000.0
1000.0
1000.0
1000.0
0.0
1000.0
1000.0
1000.0
1000.0
0.0
1000.0
1000.0
1000.0
1000.0
0.0
1000.0
1000.0
1000.0
1000.0
0.0
1000.0
1000.0
1000.0
1000.0
0.0
1000.0
1000.0
1000.0
1000.0
0.0
1000.0
1000.0
1000.0
1000.0
0.0
0.0
650.0
0.0
0.0
0.0
0.0
0.0
0.0
0.0
0.0
1000.0
0.0
1000.0
1000.0
1000.0
1000.0
0.0
0.0
650.0
