0.0
750.0
750.0
750.0
750.0
0.0
0.0
0.0
0.0
0.0
0.0
0.0
0.0
0.0
0.0
0.0
0.0
0.0
0.0
1200.0
1200.0
0.0
950.0
950.0
750.0
750.0
0.0
0.0
0.0
0.0
0.0
0.0
0.0
0.0
0.0
0.0
1200.0
0.0
0.0
0.0
1500.0
1300.0
1100.0
900.0
0.0
950.0
950.0
650.0
650.0
0.0
700.0
1200.0
900.0
700.0
0.0
950.0
950.0
950.0
950.0
0.0
950.0
950.0
950.0
950.0
0.0
950.0
950.0
950.0
950.0
0.0
950.0
950.0
950.0
950.0
0.0
950.0
950.0
950.0
950.0
0.0
950.0
950.0
950.0
950.0
0.0
950.0
950.0
950.0
950.0
0.0
950.0
950.0
950.0
950.0
0.0
950.0
950.0
950.0
950.0
0.0
950.0
950.0
950.0
950.0
0.0
950.0
950.0
950.0
950.0
0.0
0.0
0.0
0.0
0.0
0.0
0.0
0.0
0.0
0.0
