0.0
800.0
700.0
700.0
700.0
0.0
800.0
700.0
700.0
700.0
700.0
0.0
800.0
700.0
700.0
700.0
700.0
0.0
800.0
700.0
700.0
700.0
700.0
0.0
800.0
700.0
700.0
700.0
700.0
0.0
800.0
700.0
700.0
700.0
700.0
0.0
800.0
700.0
700.0
700.0
700.0
0.0
800.0
700.0
700.0
700.0
700.0
0.0
800.0
700.0
700.0
700.0
700.0
0.0
800.0
700.0
700.0
700.0
700.0
0.0
800.0
0.0
800.0
700.0
700.0
700.0
700.0
0.0
800.0
0.0
800.0
0.0
800.0
700.0
700.0
700.0
700.0
0.0
800.0
700.0
700.0
700.0
700.0
0.0
800.0
700.0
700.0
700.0
700.0
0.0
800.0
700.0
700.0
700.0
700.0
0.0
800.0
700.0
700.0
700.0
700.0
0.0
800.0
700.0
700.0
700.0
700.0
0.0
800.0
700.0
700.0
700.0
700.0
0.0
800.0
700.0
700.0
700.0
700.0
0.0
800.0
700.0
700.0
700.0
0.0
800.0
700.0
700.0
700.0
0.0
800.0
700.0
700.0
700.0
0.0
800.0
700.0
700.0
700.0
700.0
0.0
800.0
700.0
700.0
700.0
700.0
0.0
800.0
700.0
700.0
700.0
700.0
0.0
800.0
700.0
700.0
700.0
700.0
0.0
800.0
700.0
700.0
700.0
700.0
0.0
800.0
700.0
700.0
700.0
700.0
0.0
600.0
1000.0
900.0
300.0
1000.0
0.0
600.0
1000.0
900.0
300.0
800.0
0.0
600.0
1000.0
800.0
700.0
700.0
0.0
600.0
0.0
600.0
0.0
600.0
0.0
600.0
1000.0
850.0
750.0
1350.0
0.0
600.0
0.0
600.0
0.0
600.0
0.0
600.0
0.0
600.0
1000.0
850.0
750.0
1350.0
0.0
600.0
1000.0
0.0
600.0
1000.0
0.0
600.0
0.0
600.0
1000.0
0.0
600.0
0.0
600.0
1000.0
850.0
0.0
600.0
1000.0
850.0
0.0
600.0
1000.0
0.0
600.0
0.0
600.0
0.0
600.0
1000.0
0.0
600.0
600.0
0.0
600.0
600.0
0.0
600.0
600.0
600.0
600.0
600.0
0.0
600.0
0.0
600.0
600.0
600.0
600.0
600.0
0.0
600.0
600.0
600.0
600.0
600.0
0.0
600.0
600.0
600.0
600.0
600.0
0.0
600.0
600.0
600.0
600.0
600.0
0.0
600.0
0.0
600.0
0.0
600.0
0.0
600.0
600.0
600.0
600.0
600.0
0.0
600.0
0.0
600.0
0.0
600.0
0.0
600.0
0.0
600.0
0.0
600.0
0.0
600.0
0.0
600.0
0.0
600.0
0.0
600.0
0.0
600.0
0.0
600.0
0.0
600.0
0.0
600.0
0.0
600.0
1000.0
850.0
250.0
950.0
0.0
600.0
1000.0
850.0
250.0
950.0
0.0
600.0
1000.0
850.0
250.0
950.0
0.0
600.0
1000.0
850.0
250.0
950.0
0.0
600.0
1000.0
850.0
250.0
0.0
600.0
1000.0
850.0
250.0
950.0
0.0
600.0
1000.0
850.0
250.0
950.0
0.0
600.0
1000.0
850.0
250.0
0.0
600.0
1000.0
850.0
250.0
950.0
0.0
600.0
0.0
600.0
1000.0
850.0
250.0
0.0
600.0
1000.0
850.0
250.0
950.0
0.0
600.0
800.0
650.0
1050.0
650.0
0.0
600.0
800.0
650.0
1050.0
650.0
0.0
600.0
1000.0
850.0
250.0
950.0
0.0
600.0
1000.0
850.0
250.0
850.0
0.0
600.0
1000.0
850.0
750.0
1350.0
0.0
600.0
1000.0
850.0
750.0
1150.0
0.0
600.0
1000.0
850.0
750.0
1350.0
0.0
600.0
1000.0
400.0
1000.0
400.0
0.0
600.0
1000.0
900.0
300.0
900.0
0.0
600.0
1000.0
900.0
300.0
900.0
0.0
600.0
1000.0
900.0
300.0
900.0
0.0
600.0
1000.0
900.0
300.0
900.0
0.0
550.0
550.0
550.0
550.0
550.0
0.0
550.0
550.0
550.0
550.0
550.0
0.0
550.0
550.0
550.0
550.0
550.0
0.0
550.0
550.0
550.0
550.0
550.0
0.0
550.0
550.0
550.0
550.0
550.0
0.0
550.0
550.0
550.0
550.0
550.0
0.0
550.0
550.0
550.0
550.0
550.0
0.0
550.0
550.0
550.0
550.0
550.0
0.0
550.0
550.0
550.0
550.0
550.0
0.0
550.0
550.0
550.0
550.0
550.0
0.0
550.0
550.0
550.0
550.0
550.0
0.0
550.0
550.0
550.0
550.0
550.0
0.0
550.0
550.0
550.0
550.0
550.0
0.0
550.0
550.0
550.0
550.0
550.0
0.0
550.0
550.0
550.0
550.0
0.0
200.0
0.0
550.0
550.0
550.0
550.0
0.0
550.0
550.0
550.0
550.0
0.0
800.0
650.0
550.0
550.0
0.0
950.0
950.0
950.0
950.0
0.0
950.0
950.0
950.0
950.0
0.0
950.0
950.0
950.0
950.0
0.0
950.0
950.0
950.0
950.0
0.0
950.0
950.0
950.0
950.0
0.0
950.0
950.0
950.0
950.0
0.0
950.0
950.0
950.0
950.0
0.0
950.0
950.0
950.0
950.0
0.0
950.0
950.0
950.0
950.0
0.0
950.0
950.0
950.0
950.0
0.0
950.0
950.0
950.0
950.0
0.0
0.0
600.0
0.0
950.0
0.0
950.0
950.0
950.0
950.0
0.0
600.0
