0.0
800.0
700.0
700.0
700.0
0.0
0.0
0.0
0.0
0.0
0.0
0.0
0.0
0.0
0.0
0.0
0.0
0.0
0.0
0.0
1100.0
0.0
750.0
750.0
750.0
750.0
0.0
0.0
0.0
0.0
0.0
0.0
0.0
0.0
0.0
0.0
0.0
0.0
0.0
0.0
1400.0
1200.0
1000.0
800.0
0.0
950.0
500.0
700.0
700.0
0.0
800.0
650.0
550.0
1250.0
0.0
950.0
950.0
950.0
950.0
0.0
950.0
950.0
950.0
950.0
0.0
950.0
950.0
950.0
950.0
0.0
950.0
950.0
950.0
950.0
0.0
950.0
950.0
950.0
950.0
0.0
950.0
950.0
950.0
950.0
0.0
950.0
950.0
950.0
950.0
0.0
950.0
950.0
950.0
950.0
0.0
950.0
950.0
950.0
950.0
0.0
950.0
950.0
950.0
950.0
0.0
950.0
950.0
950.0
950.0
0.0
0.0
0.0
0.0
0.0
0.0
0.0
0.0
0.0
0.0
