0.0
900.0
900.0
900.0
900.0
0.0
0.0
0.0
0.0
0.0
0.0
0.0
0.0
0.0
0.0
0.0
0.0
1500.0
1500.0
1500.0
1500.0
0.0
900.0
900.0
900.0
900.0
0.0
0.0
0.0
0.0
0.0
0.0
0.0
0.0
0.0
0.0
1500.0
0.0
0.0
0.0
1300.0
1100.0
900.0
900.0
0.0
900.0
900.0
900.0
600.0
0.0
650.0
1150.0
650.0
650.0
0.0
900.0
900.0
900.0
900.0
0.0
900.0
900.0
900.0
900.0
0.0
900.0
900.0
900.0
900.0
0.0
900.0
900.0
900.0
900.0
0.0
900.0
900.0
900.0
900.0
0.0
900.0
900.0
900.0
900.0
0.0
900.0
900.0
900.0
900.0
0.0
900.0
900.0
900.0
900.0
0.0
900.0
900.0
900.0
900.0
0.0
900.0
900.0
900.0
900.0
0.0
900.0
900.0
900.0
900.0
0.0
0.0
0.0
0.0
0.0
0.0
0.0
0.0
0.0
0.0
