0.0
900.0
900.0
900.0
900.0
0.0
0.0
0.0
0.0
0.0
0.0
0.0
0.0
0.0
0.0
0.0
0.0
0.0
0.0
0.0
0.0
0.0
900.0
900.0
900.0
900.0
0.0
0.0
0.0
0.0
0.0
0.0
0.0
0.0
0.0
0.0
0.0
0.0
0.0
0.0
1300.0
1300.0
1300.0
1300.0
0.0
900.0
900.0
600.0
600.0
0.0
650.0
1350.0
1050.0
850.0
0.0
900.0
900.0
900.0
900.0
0.0
900.0
900.0
900.0
900.0
0.0
900.0
900.0
900.0
900.0
0.0
900.0
900.0
900.0
900.0
0.0
900.0
900.0
900.0
900.0
0.0
900.0
900.0
900.0
900.0
0.0
900.0
900.0
900.0
900.0
0.0
900.0
900.0
900.0
900.0
0.0
900.0
900.0
900.0
900.0
0.0
900.0
900.0
900.0
900.0
0.0
900.0
900.0
900.0
900.0
0.0
0.0
0.0
0.0
0.0
0.0
0.0
0.0
0.0
0.0
