0.0
800.0
800.0
800.0
800.0
0.0
800.0
800.0
800.0
800.0
800.0
0.0
800.0
800.0
800.0
800.0
800.0
0.0
800.0
800.0
800.0
800.0
800.0
0.0
800.0
800.0
800.0
800.0
800.0
0.0
800.0
800.0
800.0
800.0
800.0
0.0
800.0
800.0
800.0
800.0
800.0
0.0
800.0
800.0
800.0
800.0
800.0
0.0
800.0
800.0
800.0
800.0
800.0
0.0
800.0
800.0
800.0
800.0
800.0
0.0
800.0
0.0
800.0
800.0
800.0
800.0
800.0
0.0
800.0
0.0
800.0
0.0
800.0
800.0
800.0
800.0
800.0
0.0
800.0
800.0
800.0
800.0
800.0
0.0
800.0
800.0
800.0
800.0
800.0
0.0
800.0
800.0
800.0
800.0
800.0
0.0
800.0
800.0
800.0
800.0
800.0
0.0
800.0
800.0
800.0
800.0
800.0
0.0
800.0
800.0
800.0
800.0
800.0
0.0
800.0
800.0
800.0
800.0
800.0
0.0
800.0
800.0
800.0
800.0
0.0
800.0
800.0
800.0
800.0
0.0
800.0
800.0
800.0
800.0
0.0
800.0
800.0
800.0
800.0
800.0
0.0
800.0
800.0
800.0
800.0
800.0
0.0
800.0
800.0
800.0
800.0
800.0
0.0
950.0
950.0
800.0
800.0
800.0
0.0
950.0
950.0
800.0
800.0
800.0
0.0
800.0
800.0
800.0
800.0
800.0
0.0
950.0
600.0
600.0
600.0
600.0
0.0
800.0
450.0
1050.0
450.0
1050.0
0.0
950.0
600.0
600.0
600.0
600.0
0.0
950.0
0.0
950.0
0.0
0.0
650.0
900.0
750.0
1350.0
750.0
0.0
650.0
0.0
650.0
0.0
650.0
0.0
650.0
0.0
650.0
900.0
750.0
1350.0
750.0
0.0
650.0
900.0
0.0
650.0
900.0
0.0
650.0
0.0
650.0
900.0
0.0
650.0
0.0
650.0
900.0
750.0
0.0
650.0
900.0
750.0
0.0
650.0
900.0
0.0
650.0
0.0
650.0
0.0
650.0
900.0
0.0
650.0
650.0
0.0
650.0
650.0
0.0
650.0
650.0
650.0
650.0
650.0
0.0
650.0
0.0
650.0
650.0
650.0
650.0
650.0
0.0
650.0
650.0
650.0
650.0
650.0
0.0
650.0
650.0
650.0
650.0
650.0
0.0
650.0
650.0
650.0
650.0
650.0
0.0
650.0
0.0
650.0
0.0
650.0
0.0
650.0
650.0
650.0
650.0
650.0
0.0
650.0
0.0
650.0
0.0
650.0
0.0
650.0
0.0
0.0
650.0
0.0
650.0
0.0
650.0
0.0
650.0
0.0
650.0
0.0
650.0
0.0
650.0
0.0
650.0
0.0
650.0
0.0
650.0
800.0
650.0
1150.0
650.0
0.0
650.0
800.0
650.0
1150.0
650.0
0.0
650.0
800.0
650.0
1150.0
650.0
0.0
650.0
800.0
650.0
1150.0
650.0
0.0
650.0
800.0
650.0
1150.0
0.0
650.0
800.0
650.0
1150.0
650.0
0.0
650.0
800.0
650.0
1150.0
650.0
0.0
650.0
800.0
650.0
1150.0
0.0
650.0
800.0
650.0
1150.0
650.0
0.0
650.0
0.0
650.0
800.0
650.0
1150.0
0.0
650.0
800.0
650.0
1150.0
650.0
0.0
650.0
1000.0
850.0
150.0
750.0
0.0
650.0
900.0
750.0
1350.0
750.0
0.0
650.0
900.0
750.0
1350.0
750.0
0.0
650.0
900.0
600.0
1300.0
600.0
0.0
950.0
650.0
650.0
650.0
650.0
0.0
950.0
600.0
800.0
800.0
800.0
0.0
950.0
600.0
800.0
800.0
800.0
0.0
950.0
600.0
800.0
800.0
800.0
0.0
950.0
600.0
800.0
800.0
800.0
0.0
950.0
600.0
800.0
800.0
800.0
0.0
950.0
600.0
800.0
800.0
800.0
0.0
950.0
600.0
800.0
800.0
800.0
0.0
950.0
950.0
650.0
650.0
650.0
0.0
950.0
950.0
650.0
650.0
650.0
0.0
950.0
950.0
650.0
650.0
650.0
0.0
950.0
950.0
650.0
650.0
650.0
0.0
950.0
950.0
650.0
650.0
650.0
0.0
950.0
950.0
650.0
650.0
650.0
0.0
950.0
950.0
650.0
650.0
650.0
0.0
950.0
950.0
650.0
650.0
650.0
0.0
950.0
950.0
950.0
950.0
950.0
0.0
950.0
950.0
650.0
650.0
650.0
0.0
950.0
950.0
650.0
650.0
650.0
0.0
950.0
950.0
650.0
650.0
650.0
0.0
950.0
950.0
650.0
650.0
650.0
0.0
950.0
950.0
650.0
650.0
650.0
0.0
950.0
950.0
650.0
650.0
0.0
0.0
0.0
950.0
950.0
650.0
650.0
0.0
950.0
950.0
650.0
650.0
0.0
800.0
650.0
1150.0
650.0
0.0
950.0
950.0
950.0
950.0
0.0
950.0
950.0
950.0
950.0
0.0
950.0
950.0
950.0
950.0
0.0
950.0
950.0
950.0
950.0
0.0
950.0
950.0
950.0
950.0
0.0
950.0
950.0
950.0
950.0
0.0
950.0
950.0
950.0
950.0
0.0
950.0
950.0
950.0
950.0
0.0
950.0
950.0
950.0
950.0
0.0
950.0
950.0
950.0
950.0
0.0
950.0
950.0
950.0
950.0
0.0
0.0
600.0
0.0
0.0
0.0
950.0
950.0
950.0
950.0
0.0
600.0
