0.0
800.0
700.0
700.0
700.0
0.0
1400.0
1400.0
1400.0
1400.0
1400.0
0.0
1400.0
1400.0
1400.0
1400.0
1400.0
0.0
1000.0
1000.0
1000.0
1000.0
1000.0
0.0
1200.0
1200.0
1200.0
1200.0
1200.0
0.0
1400.0
1400.0
1400.0
1400.0
1400.0
0.0
1400.0
1400.0
1400.0
1400.0
1400.0
0.0
1400.0
1400.0
1400.0
1400.0
1400.0
0.0
1200.0
1200.0
1200.0
1200.0
1200.0
0.0
500.0
1400.0
1400.0
1400.0
1400.0
0.0
0.0
1400.0
1400.0
1400.0
1400.0
1400.0
0.0
0.0
0.0
1400.0
1400.0
1400.0
1400.0
0.0
1400.0
1400.0
1400.0
1400.0
1400.0
0.0
1400.0
1400.0
1400.0
1400.0
1400.0
0.0
1400.0
1400.0
1400.0
1400.0
1400.0
0.0
0.0
1300.0
1300.0
1300.0
1300.0
0.0
0.0
1300.0
1300.0
1300.0
1300.0
0.0
0.0
1300.0
1300.0
1300.0
1300.0
0.0
0.0
1300.0
1300.0
1300.0
1300.0
0.0
850.0
850.0
850.0
700.0
0.0
850.0
700.0
700.0
700.0
0.0
850.0
700.0
700.0
700.0
0.0
0.0
1300.0
1300.0
1300.0
1300.0
0.0
0.0
1300.0
1300.0
1300.0
1300.0
0.0
0.0
1200.0
1200.0
1200.0
1200.0
0.0
0.0
1200.0
1200.0
1200.0
1200.0
0.0
0.0
600.0
1500.0
1500.0
1500.0
0.0
0.0
1300.0
1300.0
1300.0
1300.0
0.0
0.0
1300.0
1300.0
700.0
700.0
0.0
1100.0
900.0
700.0
700.0
0.0
0.0
1000.0
800.0
1400.0
800.0
1400.0
0.0
0.0
0.0
0.0
1300.0
600.0
1300.0
700.0
0.0
0.0
0.0
0.0
0.0
0.0
1300.0
600.0
1300.0
700.0
0.0
0.0
1300.0
0.0
1300.0
0.0
0.0
1300.0
0.0
0.0
1300.0
600.0
0.0
1300.0
600.0
0.0
1300.0
0.0
0.0
0.0
1300.0
600.0
0.0
300.0
300.0
0.0
300.0
300.0
0.0
300.0
300.0
300.0
300.0
300.0
0.0
0.0
300.0
300.0
300.0
300.0
300.0
0.0
700.0
700.0
700.0
700.0
700.0
0.0
700.0
700.0
700.0
700.0
700.0
0.0
700.0
700.0
700.0
700.0
700.0
0.0
0.0
0.0
0.0
700.0
700.0
700.0
700.0
700.0
0.0
0.0
0.0
0.0
0.0
0.0
0.0
0.0
0.0
0.0
0.0
0.0
0.0
0.0
0.0
1100.0
400.0
1400.0
800.0
400.0
0.0
1100.0
400.0
1400.0
800.0
400.0
0.0
1100.0
400.0
1400.0
800.0
400.0
0.0
1100.0
400.0
1400.0
800.0
400.0
0.0
1100.0
400.0
1400.0
0.0
1100.0
400.0
1400.0
800.0
0.0
1100.0
400.0
1400.0
800.0
0.0
1100.0
400.0
1400.0
0.0
1100.0
400.0
1400.0
800.0
400.0
0.0
0.0
1100.0
400.0
1400.0
0.0
1100.0
400.0
1400.0
800.0
400.0
0.0
1300.0
700.0
0.0
1100.0
400.0
0.0
1500.0
900.0
300.0
300.0
1000.0
0.0
1300.0
700.0
700.0
0.0
0.0
0.0
1300.0
700.0
700.0
0.0
1100.0
0.0
1400.0
900.0
700.0
1500.0
1300.0
0.0
1400.0
1100.0
900.0
700.0
1300.0
0.0
1400.0
900.0
700.0
1100.0
700.0
0.0
1200.0
1200.0
1200.0
1200.0
1200.0
0.0
1200.0
1200.0
1200.0
1200.0
1200.0
0.0
1400.0
1100.0
900.0
700.0
1300.0
0.0
1400.0
1100.0
900.0
700.0
1300.0
0.0
1200.0
1200.0
1200.0
1200.0
1200.0
0.0
1400.0
1100.0
900.0
700.0
1100.0
0.0
1400.0
1100.0
900.0
700.0
1300.0
0.0
1400.0
1200.0
1000.0
800.0
800.0
0.0
1400.0
1200.0
1000.0
800.0
800.0
0.0
1400.0
1200.0
1000.0
800.0
800.0
0.0
1400.0
1200.0
1000.0
800.0
800.0
0.0
1400.0
1200.0
1000.0
800.0
800.0
0.0
1400.0
1200.0
1000.0
800.0
800.0
0.0
1400.0
1200.0
1000.0
800.0
800.0
0.0
1400.0
1200.0
1000.0
800.0
800.0
0.0
1400.0
1200.0
1000.0
800.0
800.0
0.0
1400.0
1200.0
1000.0
800.0
800.0
0.0
1400.0
1200.0
1000.0
800.0
800.0
0.0
1400.0
1200.0
1000.0
800.0
800.0
0.0
950.0
950.0
950.0
950.0
0.0
0.0
0.0
950.0
950.0
950.0
550.0
0.0
950.0
950.0
500.0
700.0
0.0
800.0
650.0
550.0
1150.0
0.0
950.0
950.0
950.0
950.0
0.0
950.0
950.0
950.0
950.0
0.0
950.0
950.0
950.0
950.0
0.0
950.0
950.0
950.0
950.0
0.0
950.0
950.0
950.0
950.0
0.0
950.0
950.0
950.0
950.0
0.0
950.0
950.0
950.0
950.0
0.0
950.0
950.0
950.0
950.0
0.0
950.0
950.0
950.0
950.0
0.0
950.0
950.0
950.0
950.0
0.0
950.0
950.0
950.0
950.0
0.0
0.0
0.0
0.0
0.0
950.0
950.0
950.0
950.0
0.0
