0.0
700.0
700.0
700.0
700.0
0.0
0.0
0.0
0.0
0.0
0.0
0.0
0.0
0.0
0.0
0.0
0.0
0.0
0.0
0.0
0.0
0.0
0.0
0.0
0.0
0.0
0.0
0.0
0.0
0.0
0.0
0.0
0.0
0.0
0.0
0.0
0.0
0.0
0.0
0.0
0.0
0.0
0.0
0.0
0.0
0.0
0.0
0.0
0.0
0.0
0.0
0.0
0.0
0.0
0.0
0.0
0.0
0.0
0.0
0.0
0.0
0.0
0.0
0.0
0.0
0.0
0.0
0.0
0.0
0.0
0.0
0.0
0.0
0.0
0.0
0.0
0.0
0.0
0.0
0.0
0.0
0.0
0.0
0.0
0.0
0.0
0.0
0.0
0.0
0.0
0.0
0.0
0.0
0.0
0.0
0.0
0.0
0.0
0.0
0.0
0.0
0.0
0.0
0.0
0.0
0.0
0.0
0.0
0.0
0.0
0.0
0.0
0.0
0.0
0.0
0.0
1100.0
1100.0
1100.0
1100.0
0.0
800.0
800.0
800.0
800.0
0.0
800.0
800.0
800.0
800.0
0.0
0.0
0.0
0.0
0.0
0.0
0.0
0.0
0.0
0.0
0.0
0.0
0.0
0.0
0.0
0.0
0.0
0.0
0.0
0.0
0.0
0.0
0.0
0.0
0.0
0.0
0.0
0.0
0.0
0.0
0.0
0.0
0.0
0.0
0.0
0.0
0.0
0.0
0.0
0.0
0.0
1300.0
0.0
0.0
0.0
0.0
1300.0
600.0
0.0
0.0
0.0
0.0
1300.0
700.0
0.0
0.0
0.0
0.0
0.0
1400.0
1000.0
400.0
1200.0
0.0
0.0
0.0
0.0
0.0
0.0
1400.0
1000.0
400.0
1200.0
0.0
0.0
0.0
0.0
0.0
0.0
0.0
0.0
0.0
0.0
1400.0
0.0
0.0
1400.0
0.0
0.0
0.0
0.0
0.0
0.0
0.0
600.0
600.0
0.0
600.0
600.0
0.0
600.0
600.0
600.0
600.0
600.0
0.0
0.0
600.0
600.0
600.0
600.0
600.0
0.0
200.0
200.0
200.0
200.0
200.0
0.0
200.0
200.0
200.0
200.0
200.0
0.0
200.0
200.0
200.0
200.0
200.0
0.0
0.0
0.0
0.0
200.0
200.0
200.0
200.0
200.0
0.0
0.0
0.0
0.0
0.0
0.0
0.0
0.0
0.0
0.0
0.0
0.0
0.0
0.0
0.0
0.0
1300.0
600.0
1300.0
600.0
0.0
0.0
1300.0
600.0
1300.0
600.0
0.0
0.0
1300.0
600.0
1300.0
0.0
0.0
1300.0
600.0
1300.0
600.0
0.0
0.0
1300.0
600.0
0.0
0.0
1300.0
600.0
1300.0
0.0
0.0
1300.0
600.0
1300.0
0.0
0.0
1300.0
600.0
0.0
0.0
1300.0
600.0
1300.0
600.0
0.0
0.0
0.0
1300.0
600.0
0.0
0.0
1300.0
600.0
1300.0
600.0
0.0
0.0
700.0
700.0
700.0
0.0
0.0
0.0
700.0
0.0
0.0
0.0
0.0
0.0
0.0
1300.0
600.0
1400.0
0.0
0.0
0.0
1300.0
700.0
0.0
0.0
0.0
0.0
1400.0
800.0
800.0
0.0
0.0
0.0
1400.0
1200.0
1000.0
0.0
0.0
0.0
0.0
1300.0
700.0
0.0
0.0
0.0
0.0
1100.0
400.0
0.0
0.0
0.0
0.0
0.0
1400.0
0.0
0.0
0.0
0.0
1300.0
600.0
0.0
0.0
0.0
0.0
1300.0
600.0
0.0
0.0
0.0
0.0
0.0
1200.0
0.0
0.0
0.0
0.0
0.0
1200.0
0.0
0.0
0.0
0.0
0.0
1200.0
0.0
0.0
0.0
0.0
0.0
1400.0
0.0
0.0
0.0
0.0
0.0
1200.0
0.0
0.0
0.0
0.0
0.0
1200.0
0.0
0.0
0.0
0.0
0.0
1200.0
0.0
0.0
0.0
0.0
0.0
600.0
0.0
0.0
0.0
0.0
0.0
600.0
0.0
0.0
0.0
0.0
0.0
0.0
0.0
0.0
0.0
0.0
0.0
600.0
0.0
0.0
0.0
0.0
0.0
600.0
0.0
0.0
0.0
0.0
0.0
600.0
0.0
0.0
0.0
0.0
0.0
600.0
0.0
0.0
0.0
0.0
0.0
600.0
0.0
1500.0
1300.0
1100.0
900.0
0.0
0.0
0.0
550.0
550.0
550.0
550.0
0.0
550.0
550.0
550.0
550.0
0.0
800.0
550.0
1250.0
1050.0
0.0
900.0
900.0
900.0
900.0
0.0
900.0
900.0
900.0
900.0
0.0
900.0
900.0
900.0
900.0
0.0
900.0
900.0
900.0
900.0
0.0
900.0
900.0
900.0
900.0
0.0
900.0
900.0
900.0
900.0
0.0
900.0
900.0
900.0
900.0
0.0
900.0
900.0
900.0
900.0
0.0
900.0
900.0
900.0
900.0
0.0
900.0
900.0
900.0
900.0
0.0
900.0
900.0
900.0
900.0
0.0
0.0
0.0
0.0
0.0
900.0
900.0
900.0
900.0
0.0
