0.0
900.0
900.0
900.0
900.0
0.0
900.0
900.0
900.0
900.0
900.0
0.0
900.0
900.0
900.0
900.0
900.0
0.0
900.0
900.0
900.0
900.0
900.0
0.0
900.0
900.0
900.0
900.0
900.0
0.0
900.0
900.0
900.0
900.0
900.0
0.0
900.0
900.0
900.0
900.0
900.0
0.0
900.0
900.0
900.0
900.0
900.0
0.0
900.0
900.0
900.0
900.0
900.0
0.0
900.0
900.0
900.0
900.0
900.0
0.0
900.0
0.0
900.0
900.0
900.0
900.0
900.0
0.0
900.0
0.0
900.0
0.0
900.0
900.0
900.0
900.0
900.0
0.0
900.0
900.0
900.0
900.0
900.0
0.0
900.0
900.0
900.0
900.0
900.0
0.0
900.0
900.0
900.0
900.0
900.0
0.0
900.0
900.0
900.0
900.0
900.0
0.0
900.0
900.0
900.0
900.0
900.0
0.0
900.0
900.0
900.0
900.0
900.0
0.0
900.0
900.0
900.0
900.0
900.0
0.0
900.0
900.0
900.0
900.0
0.0
900.0
900.0
900.0
900.0
0.0
900.0
900.0
900.0
900.0
0.0
900.0
900.0
900.0
900.0
900.0
0.0
900.0
900.0
900.0
900.0
900.0
0.0
900.0
900.0
900.0
900.0
900.0
0.0
900.0
900.0
900.0
900.0
900.0
0.0
900.0
900.0
900.0
900.0
900.0
0.0
900.0
900.0
900.0
900.0
900.0
0.0
900.0
550.0
550.0
550.0
550.0
0.0
900.0
550.0
550.0
550.0
550.0
0.0
900.0
550.0
950.0
750.0
750.0
0.0
900.0
0.0
900.0
0.0
0.0
550.0
1000.0
700.0
700.0
700.0
0.0
550.0
0.0
0.0
550.0
0.0
550.0
0.0
550.0
1000.0
700.0
700.0
700.0
0.0
550.0
1000.0
0.0
550.0
1000.0
0.0
550.0
0.0
550.0
1000.0
0.0
550.0
0.0
550.0
1000.0
700.0
0.0
550.0
1000.0
700.0
0.0
550.0
1000.0
0.0
550.0
0.0
550.0
0.0
550.0
1000.0
0.0
550.0
550.0
0.0
550.0
550.0
0.0
550.0
550.0
550.0
550.0
550.0
0.0
550.0
0.0
550.0
550.0
550.0
550.0
550.0
0.0
900.0
900.0
900.0
900.0
900.0
0.0
900.0
900.0
900.0
900.0
900.0
0.0
900.0
900.0
900.0
900.0
900.0
0.0
900.0
0.0
900.0
0.0
0.0
900.0
900.0
900.0
900.0
900.0
0.0
900.0
0.0
0.0
0.0
0.0
0.0
0.0
900.0
0.0
0.0
0.0
900.0
0.0
0.0
550.0
0.0
550.0
0.0
550.0
0.0
550.0
1000.0
700.0
0.0
700.0
0.0
550.0
1000.0
700.0
0.0
700.0
0.0
550.0
1000.0
700.0
0.0
700.0
0.0
550.0
1000.0
700.0
0.0
700.0
0.0
550.0
1000.0
700.0
0.0
0.0
550.0
1000.0
700.0
0.0
700.0
0.0
550.0
1000.0
700.0
0.0
700.0
0.0
550.0
1000.0
700.0
0.0
0.0
550.0
1000.0
700.0
0.0
700.0
0.0
550.0
0.0
550.0
1000.0
700.0
0.0
0.0
550.0
1000.0
700.0
0.0
700.0
0.0
550.0
1000.0
700.0
0.0
1100.0
0.0
550.0
900.0
600.0
1300.0
600.0
0.0
550.0
900.0
600.0
1300.0
600.0
0.0
600.0
950.0
350.0
950.0
350.0
0.0
900.0
550.0
950.0
750.0
950.0
0.0
900.0
550.0
850.0
550.0
950.0
0.0
900.0
550.0
850.0
850.0
850.0
0.0
900.0
550.0
950.0
750.0
950.0
0.0
900.0
550.0
950.0
750.0
950.0
0.0
900.0
550.0
950.0
750.0
950.0
0.0
900.0
550.0
950.0
750.0
950.0
0.0
900.0
550.0
950.0
750.0
950.0
0.0
900.0
550.0
950.0
750.0
950.0
0.0
900.0
600.0
600.0
600.0
600.0
0.0
900.0
600.0
600.0
600.0
600.0
0.0
900.0
600.0
600.0
600.0
600.0
0.0
900.0
600.0
600.0
600.0
600.0
0.0
900.0
900.0
600.0
600.0
600.0
0.0
900.0
900.0
600.0
600.0
600.0
0.0
900.0
900.0
600.0
600.0
600.0
0.0
900.0
900.0
900.0
900.0
900.0
0.0
900.0
900.0
600.0
600.0
600.0
0.0
900.0
900.0
600.0
600.0
600.0
0.0
900.0
900.0
600.0
600.0
600.0
0.0
900.0
900.0
600.0
600.0
600.0
0.0
900.0
900.0
600.0
600.0
600.0
0.0
900.0
900.0
900.0
600.0
0.0
0.0
0.0
900.0
900.0
600.0
600.0
0.0
900.0
900.0
900.0
600.0
0.0
650.0
1150.0
650.0
650.0
0.0
900.0
900.0
900.0
900.0
0.0
900.0
900.0
900.0
900.0
0.0
900.0
900.0
900.0
900.0
0.0
900.0
900.0
900.0
900.0
0.0
900.0
900.0
900.0
900.0
0.0
900.0
900.0
900.0
900.0
0.0
900.0
900.0
900.0
900.0
0.0
900.0
900.0
900.0
900.0
0.0
900.0
900.0
900.0
900.0
0.0
900.0
900.0
900.0
900.0
0.0
900.0
900.0
900.0
900.0
0.0
0.0
550.0
0.0
0.0
0.0
900.0
900.0
900.0
900.0
0.0
550.0
