0.0
800.0
800.0
800.0
800.0
0.0
800.0
800.0
800.0
800.0
800.0
0.0
800.0
800.0
800.0
800.0
800.0
0.0
900.0
900.0
900.0
900.0
750.0
0.0
900.0
900.0
900.0
900.0
750.0
0.0
800.0
800.0
800.0
800.0
800.0
0.0
800.0
800.0
800.0
800.0
800.0
0.0
800.0
800.0
800.0
800.0
800.0
0.0
800.0
800.0
800.0
800.0
800.0
0.0
900.0
900.0
900.0
900.0
900.0
0.0
800.0
0.0
800.0
800.0
800.0
800.0
800.0
0.0
800.0
0.0
800.0
0.0
800.0
800.0
800.0
800.0
800.0
0.0
800.0
800.0
800.0
800.0
800.0
0.0
800.0
800.0
800.0
800.0
800.0
0.0
800.0
800.0
800.0
800.0
800.0
0.0
900.0
900.0
900.0
900.0
900.0
0.0
900.0
900.0
900.0
900.0
900.0
0.0
900.0
900.0
900.0
900.0
900.0
0.0
900.0
900.0
900.0
900.0
900.0
0.0
900.0
900.0
900.0
900.0
0.0
900.0
900.0
900.0
900.0
0.0
900.0
900.0
900.0
900.0
0.0
900.0
900.0
900.0
900.0
900.0
0.0
900.0
900.0
900.0
900.0
900.0
0.0
900.0
900.0
900.0
900.0
900.0
0.0
900.0
900.0
900.0
900.0
900.0
0.0
900.0
900.0
900.0
900.0
900.0
0.0
900.0
900.0
900.0
900.0
900.0
0.0
1000.0
700.0
700.0
700.0
700.0
0.0
900.0
700.0
700.0
700.0
700.0
0.0
1000.0
800.0
800.0
800.0
800.0
0.0
1000.0
0.0
1000.0
0.0
1000.0
0.0
800.0
500.0
1100.0
1000.0
850.0
0.0
800.0
0.0
800.0
0.0
800.0
0.0
800.0
0.0
800.0
500.0
1100.0
1000.0
850.0
0.0
800.0
500.0
0.0
800.0
500.0
0.0
800.0
0.0
800.0
500.0
0.0
800.0
0.0
800.0
500.0
1100.0
0.0
800.0
500.0
1100.0
0.0
800.0
500.0
0.0
800.0
0.0
800.0
0.0
800.0
500.0
0.0
800.0
800.0
0.0
800.0
800.0
0.0
800.0
800.0
800.0
800.0
800.0
0.0
800.0
0.0
800.0
800.0
800.0
800.0
800.0
0.0
650.0
650.0
650.0
650.0
650.0
0.0
650.0
650.0
650.0
650.0
650.0
0.0
650.0
650.0
650.0
650.0
650.0
0.0
650.0
0.0
650.0
0.0
650.0
0.0
650.0
650.0
650.0
650.0
650.0
0.0
650.0
0.0
650.0
0.0
650.0
0.0
650.0
0.0
650.0
0.0
650.0
0.0
650.0
0.0
650.0
0.0
650.0
0.0
650.0
0.0
650.0
0.0
650.0
0.0
650.0
0.0
650.0
0.0
650.0
750.0
650.0
1050.0
650.0
0.0
650.0
750.0
650.0
1050.0
650.0
0.0
650.0
750.0
650.0
1050.0
650.0
0.0
650.0
750.0
650.0
1050.0
650.0
0.0
650.0
750.0
650.0
1050.0
0.0
650.0
750.0
650.0
1050.0
650.0
0.0
650.0
750.0
650.0
1050.0
650.0
0.0
650.0
750.0
650.0
1050.0
0.0
650.0
750.0
650.0
1050.0
650.0
0.0
650.0
0.0
650.0
750.0
650.0
1050.0
0.0
650.0
750.0
650.0
1050.0
650.0
0.0
700.0
900.0
800.0
400.0
900.0
0.0
700.0
900.0
800.0
400.0
1000.0
0.0
700.0
900.0
800.0
400.0
1000.0
0.0
700.0
900.0
800.0
400.0
1000.0
0.0
1000.0
700.0
700.0
700.0
700.0
0.0
1000.0
700.0
700.0
700.0
700.0
0.0
1000.0
700.0
700.0
700.0
700.0
0.0
1000.0
700.0
700.0
700.0
700.0
0.0
1000.0
700.0
700.0
700.0
700.0
0.0
1000.0
700.0
700.0
700.0
700.0
0.0
1000.0
700.0
700.0
700.0
700.0
0.0
1000.0
700.0
700.0
700.0
700.0
0.0
1000.0
700.0
700.0
700.0
700.0
0.0
1000.0
700.0
700.0
700.0
700.0
0.0
1000.0
700.0
700.0
700.0
700.0
0.0
1000.0
700.0
700.0
700.0
700.0
0.0
1000.0
1000.0
1000.0
700.0
700.0
0.0
1000.0
1000.0
1000.0
700.0
700.0
0.0
1000.0
1000.0
1000.0
700.0
700.0
0.0
1000.0
1000.0
1000.0
700.0
700.0
0.0
1000.0
1000.0
1000.0
1000.0
1000.0
0.0
1000.0
1000.0
1000.0
700.0
700.0
0.0
1000.0
1000.0
1000.0
700.0
700.0
0.0
1000.0
1000.0
1000.0
700.0
700.0
0.0
1000.0
1000.0
1000.0
700.0
700.0
0.0
1000.0
1000.0
1000.0
700.0
700.0
0.0
1000.0
1000.0
550.0
950.0
0.0
600.0
0.0
1000.0
1000.0
550.0
950.0
0.0
1000.0
1000.0
700.0
700.0
0.0
850.0
750.0
500.0
500.0
0.0
1000.0
1000.0
1000.0
1000.0
0.0
1000.0
1000.0
1000.0
1000.0
0.0
1000.0
1000.0
1000.0
1000.0
0.0
1000.0
1000.0
1000.0
1000.0
0.0
1000.0
1000.0
1000.0
1000.0
0.0
1000.0
1000.0
1000.0
1000.0
0.0
1000.0
1000.0
1000.0
1000.0
0.0
1000.0
1000.0
1000.0
1000.0
0.0
1000.0
1000.0
1000.0
1000.0
0.0
1000.0
1000.0
1000.0
1000.0
0.0
1000.0
1000.0
1000.0
1000.0
0.0
0.0
700.0
0.0
750.0
0.0
1000.0
1000.0
1000.0
1000.0
0.0
700.0
