0.0
900.0
900.0
900.0
900.0
0.0
900.0
900.0
900.0
900.0
900.0
0.0
900.0
900.0
900.0
900.0
900.0
0.0
900.0
900.0
900.0
900.0
900.0
0.0
900.0
900.0
900.0
900.0
900.0
0.0
900.0
900.0
900.0
900.0
900.0
0.0
900.0
900.0
900.0
900.0
900.0
0.0
900.0
900.0
900.0
900.0
900.0
0.0
900.0
900.0
900.0
900.0
900.0
0.0
900.0
900.0
900.0
900.0
900.0
0.0
900.0
0.0
900.0
900.0
900.0
900.0
900.0
0.0
900.0
0.0
900.0
0.0
900.0
900.0
900.0
900.0
900.0
0.0
900.0
900.0
900.0
900.0
900.0
0.0
900.0
900.0
900.0
900.0
900.0
0.0
900.0
900.0
900.0
900.0
900.0
0.0
900.0
900.0
900.0
900.0
900.0
0.0
900.0
900.0
900.0
900.0
900.0
0.0
900.0
900.0
900.0
900.0
900.0
0.0
900.0
900.0
900.0
900.0
900.0
0.0
900.0
900.0
900.0
900.0
0.0
900.0
900.0
900.0
900.0
0.0
900.0
900.0
900.0
900.0
0.0
900.0
900.0
900.0
900.0
900.0
0.0
900.0
900.0
900.0
900.0
900.0
0.0
900.0
900.0
900.0
900.0
900.0
0.0
900.0
900.0
900.0
900.0
900.0
0.0
900.0
900.0
900.0
900.0
900.0
0.0
900.0
900.0
900.0
900.0
900.0
0.0
900.0
600.0
600.0
600.0
600.0
0.0
900.0
600.0
600.0
600.0
600.0
0.0
900.0
600.0
600.0
600.0
600.0
0.0
0.0
900.0
0.0
0.0
650.0
750.0
400.0
1300.0
600.0
0.0
650.0
0.0
0.0
650.0
0.0
650.0
0.0
650.0
750.0
400.0
1300.0
600.0
0.0
650.0
750.0
0.0
650.0
750.0
0.0
650.0
0.0
650.0
750.0
0.0
650.0
0.0
650.0
750.0
400.0
0.0
650.0
750.0
400.0
0.0
650.0
750.0
0.0
650.0
0.0
650.0
0.0
650.0
750.0
0.0
650.0
650.0
0.0
650.0
650.0
0.0
650.0
650.0
650.0
650.0
650.0
0.0
650.0
0.0
650.0
650.0
650.0
650.0
650.0
0.0
900.0
900.0
900.0
900.0
900.0
0.0
900.0
900.0
900.0
900.0
900.0
0.0
900.0
900.0
900.0
900.0
900.0
0.0
900.0
0.0
0.0
0.0
900.0
900.0
900.0
900.0
900.0
0.0
900.0
0.0
0.0
0.0
0.0
0.0
0.0
0.0
0.0
0.0
900.0
0.0
0.0
650.0
0.0
650.0
0.0
650.0
0.0
650.0
750.0
400.0
1100.0
400.0
0.0
650.0
750.0
400.0
1100.0
400.0
0.0
650.0
750.0
400.0
1100.0
400.0
0.0
650.0
750.0
400.0
1100.0
400.0
0.0
650.0
750.0
400.0
1100.0
0.0
650.0
750.0
400.0
1100.0
400.0
0.0
650.0
750.0
400.0
1100.0
400.0
0.0
650.0
750.0
400.0
1100.0
0.0
650.0
750.0
400.0
1100.0
400.0
0.0
650.0
0.0
650.0
750.0
400.0
1100.0
0.0
650.0
750.0
400.0
1100.0
400.0
0.0
600.0
950.0
250.0
950.0
250.0
0.0
600.0
1050.0
650.0
1050.0
800.0
0.0
900.0
600.0
600.0
600.0
600.0
0.0
900.0
600.0
600.0
600.0
600.0
0.0
900.0
600.0
600.0
600.0
600.0
0.0
900.0
600.0
600.0
600.0
600.0
0.0
900.0
600.0
600.0
600.0
600.0
0.0
900.0
600.0
600.0
600.0
600.0
0.0
900.0
600.0
600.0
600.0
600.0
0.0
900.0
600.0
600.0
600.0
600.0
0.0
900.0
600.0
600.0
600.0
600.0
0.0
900.0
600.0
600.0
600.0
600.0
0.0
900.0
600.0
600.0
600.0
600.0
0.0
900.0
600.0
600.0
600.0
600.0
0.0
900.0
600.0
600.0
600.0
600.0
0.0
900.0
900.0
900.0
900.0
600.0
0.0
900.0
900.0
900.0
900.0
600.0
0.0
900.0
900.0
900.0
900.0
600.0
0.0
900.0
900.0
900.0
900.0
600.0
0.0
900.0
900.0
900.0
900.0
600.0
0.0
900.0
900.0
900.0
900.0
900.0
0.0
900.0
900.0
900.0
900.0
600.0
0.0
900.0
900.0
900.0
900.0
600.0
0.0
900.0
900.0
900.0
900.0
600.0
0.0
900.0
900.0
900.0
900.0
600.0
0.0
900.0
900.0
900.0
900.0
600.0
0.0
900.0
900.0
600.0
600.0
0.0
0.0
0.0
900.0
900.0
600.0
600.0
0.0
900.0
900.0
900.0
600.0
0.0
650.0
1250.0
1050.0
850.0
0.0
900.0
900.0
900.0
900.0
0.0
900.0
900.0
900.0
900.0
0.0
900.0
900.0
900.0
900.0
0.0
900.0
900.0
900.0
900.0
0.0
900.0
900.0
900.0
900.0
0.0
900.0
900.0
900.0
900.0
0.0
900.0
900.0
900.0
900.0
0.0
900.0
900.0
900.0
900.0
0.0
900.0
900.0
900.0
900.0
0.0
900.0
900.0
900.0
900.0
0.0
900.0
900.0
900.0
900.0
0.0
0.0
550.0
0.0
0.0
0.0
900.0
900.0
900.0
900.0
0.0
550.0
