0.0
700.0
700.0
700.0
700.0
0.0
700.0
700.0
700.0
700.0
700.0
0.0
700.0
700.0
700.0
700.0
700.0
0.0
700.0
700.0
700.0
700.0
700.0
0.0
700.0
700.0
700.0
700.0
700.0
0.0
700.0
700.0
700.0
700.0
700.0
0.0
700.0
700.0
700.0
700.0
700.0
0.0
700.0
700.0
700.0
700.0
700.0
0.0
700.0
700.0
700.0
700.0
700.0
0.0
700.0
700.0
700.0
700.0
700.0
0.0
700.0
0.0
700.0
700.0
700.0
700.0
700.0
0.0
700.0
0.0
700.0
0.0
700.0
700.0
700.0
700.0
700.0
0.0
700.0
700.0
700.0
700.0
700.0
0.0
700.0
700.0
700.0
700.0
700.0
0.0
700.0
700.0
700.0
700.0
700.0
0.0
850.0
750.0
750.0
750.0
750.0
0.0
850.0
750.0
750.0
750.0
750.0
0.0
850.0
750.0
750.0
750.0
750.0
0.0
850.0
750.0
750.0
750.0
750.0
0.0
850.0
750.0
750.0
750.0
0.0
850.0
750.0
750.0
750.0
0.0
850.0
750.0
750.0
750.0
0.0
850.0
750.0
750.0
750.0
750.0
0.0
850.0
750.0
750.0
750.0
750.0
0.0
850.0
750.0
750.0
750.0
750.0
0.0
850.0
750.0
750.0
750.0
750.0
0.0
850.0
750.0
750.0
750.0
750.0
0.0
850.0
750.0
750.0
750.0
750.0
0.0
1000.0
1000.0
1000.0
650.0
650.0
0.0
850.0
750.0
750.0
750.0
750.0
0.0
900.0
750.0
750.0
650.0
1250.0
0.0
900.0
0.0
900.0
0.0
900.0
0.0
700.0
600.0
600.0
1100.0
750.0
0.0
700.0
0.0
700.0
0.0
700.0
0.0
700.0
0.0
700.0
600.0
600.0
1100.0
750.0
0.0
700.0
600.0
0.0
700.0
600.0
0.0
700.0
0.0
700.0
600.0
0.0
700.0
0.0
700.0
600.0
600.0
0.0
700.0
600.0
600.0
0.0
700.0
600.0
0.0
700.0
0.0
700.0
0.0
700.0
600.0
0.0
0.0
0.0
1200.0
0.0
0.0
0.0
1200.0
0.0
0.0
0.0
1200.0
0.0
0.0
0.0
1200.0
0.0
0.0
1100.0
400.0
0.0
0.0
0.0
1200.0
0.0
700.0
700.0
0.0
700.0
700.0
0.0
700.0
700.0
700.0
700.0
700.0
0.0
700.0
0.0
700.0
700.0
700.0
700.0
700.0
0.0
500.0
0.0
500.0
0.0
500.0
0.0
500.0
0.0
500.0
0.0
500.0
0.0
500.0
0.0
0.0
0.0
450.0
450.0
450.0
450.0
450.0
0.0
450.0
450.0
450.0
450.0
450.0
0.0
0.0
0.0
0.0
0.0
0.0
0.0
0.0
0.0
500.0
500.0
500.0
0.0
500.0
500.0
500.0
0.0
450.0
450.0
450.0
450.0
450.0
0.0
450.0
0.0
450.0
0.0
450.0
0.0
450.0
450.0
450.0
450.0
450.0
0.0
450.0
0.0
450.0
0.0
450.0
0.0
450.0
0.0
450.0
0.0
450.0
0.0
450.0
0.0
450.0
0.0
450.0
0.0
450.0
0.0
450.0
0.0
450.0
0.0
450.0
0.0
450.0
0.0
450.0
450.0
750.0
400.0
1300.0
0.0
450.0
450.0
750.0
400.0
1300.0
0.0
450.0
450.0
750.0
400.0
1300.0
0.0
450.0
450.0
750.0
400.0
1300.0
0.0
450.0
450.0
750.0
400.0
0.0
450.0
450.0
750.0
400.0
1300.0
0.0
450.0
450.0
750.0
400.0
1300.0
0.0
450.0
450.0
750.0
400.0
0.0
450.0
450.0
750.0
400.0
1300.0
0.0
450.0
0.0
450.0
450.0
750.0
400.0
0.0
450.0
450.0
750.0
400.0
1300.0
0.0
450.0
750.0
400.0
1300.0
800.0
0.0
450.0
750.0
650.0
850.0
650.0
0.0
450.0
450.0
850.0
650.0
850.0
0.0
450.0
850.0
750.0
550.0
950.0
0.0
450.0
750.0
750.0
650.0
850.0
0.0
450.0
850.0
750.0
750.0
750.0
0.0
450.0
850.0
650.0
850.0
750.0
0.0
450.0
750.0
750.0
650.0
850.0
0.0
450.0
850.0
750.0
750.0
750.0
0.0
450.0
850.0
750.0
550.0
950.0
0.0
450.0
850.0
750.0
550.0
950.0
0.0
450.0
850.0
750.0
550.0
950.0
0.0
450.0
850.0
750.0
550.0
950.0
0.0
450.0
850.0
750.0
550.0
950.0
0.0
450.0
850.0
750.0
750.0
750.0
0.0
450.0
850.0
750.0
750.0
750.0
0.0
450.0
850.0
750.0
750.0
750.0
0.0
450.0
850.0
750.0
750.0
750.0
0.0
450.0
850.0
750.0
750.0
750.0
0.0
450.0
850.0
750.0
750.0
750.0
0.0
450.0
850.0
750.0
750.0
750.0
0.0
450.0
850.0
750.0
750.0
750.0
0.0
450.0
850.0
750.0
750.0
750.0
0.0
450.0
850.0
750.0
750.0
750.0
0.0
450.0
850.0
750.0
750.0
750.0
0.0
450.0
850.0
750.0
750.0
750.0
0.0
450.0
850.0
750.0
750.0
0.0
450.0
0.0
450.0
750.0
750.0
750.0
0.0
450.0
850.0
750.0
750.0
0.0
850.0
750.0
650.0
650.0
0.0
1000.0
1000.0
1000.0
1000.0
0.0
1000.0
1000.0
1000.0
1000.0
0.0
1000.0
1000.0
1000.0
1000.0
0.0
1000.0
1000.0
1000.0
1000.0
0.0
1000.0
1000.0
1000.0
1000.0
0.0
1000.0
1000.0
1000.0
1000.0
0.0
1000.0
1000.0
1000.0
1000.0
0.0
1000.0
1000.0
1000.0
1000.0
0.0
1000.0
1000.0
1000.0
1000.0
0.0
1000.0
1000.0
1000.0
1000.0
0.0
1000.0
1000.0
1000.0
1000.0
0.0
0.0
650.0
0.0
0.0
0.0
0.0
0.0
0.0
0.0
0.0
1000.0
0.0
1000.0
1000.0
1000.0
1000.0
0.0
0.0
650.0
