0.0
700.0
700.0
700.0
700.0
0.0
700.0
700.0
700.0
700.0
700.0
0.0
650.0
650.0
650.0
650.0
650.0
0.0
650.0
650.0
650.0
650.0
650.0
0.0
650.0
650.0
650.0
650.0
650.0
0.0
700.0
700.0
700.0
700.0
700.0
0.0
700.0
700.0
700.0
700.0
700.0
0.0
700.0
700.0
700.0
700.0
700.0
0.0
800.0
800.0
800.0
800.0
800.0
0.0
800.0
800.0
800.0
800.0
800.0
0.0
700.0
0.0
700.0
700.0
700.0
700.0
700.0
0.0
700.0
0.0
700.0
0.0
700.0
700.0
700.0
700.0
700.0
0.0
700.0
700.0
700.0
700.0
700.0
0.0
700.0
700.0
700.0
700.0
700.0
0.0
700.0
700.0
700.0
700.0
700.0
0.0
800.0
800.0
800.0
800.0
800.0
0.0
800.0
800.0
800.0
800.0
800.0
0.0
800.0
800.0
800.0
800.0
800.0
0.0
800.0
800.0
800.0
800.0
800.0
0.0
800.0
800.0
800.0
800.0
0.0
800.0
800.0
800.0
800.0
0.0
800.0
800.0
800.0
800.0
0.0
800.0
800.0
800.0
800.0
800.0
0.0
800.0
800.0
800.0
800.0
800.0
0.0
800.0
800.0
800.0
800.0
800.0
0.0
800.0
800.0
800.0
800.0
800.0
0.0
800.0
800.0
800.0
800.0
800.0
0.0
800.0
800.0
800.0
800.0
800.0
0.0
900.0
900.0
900.0
900.0
900.0
0.0
800.0
600.0
600.0
600.0
600.0
0.0
800.0
600.0
1000.0
650.0
1350.0
0.0
800.0
0.0
800.0
0.0
800.0
0.0
550.0
850.0
350.0
850.0
350.0
0.0
550.0
0.0
550.0
0.0
550.0
0.0
550.0
0.0
550.0
850.0
350.0
850.0
350.0
0.0
550.0
850.0
0.0
550.0
850.0
0.0
550.0
0.0
550.0
850.0
0.0
550.0
0.0
550.0
850.0
350.0
0.0
550.0
850.0
350.0
0.0
550.0
850.0
0.0
550.0
0.0
550.0
0.0
550.0
850.0
0.0
550.0
550.0
0.0
550.0
550.0
0.0
550.0
550.0
550.0
550.0
550.0
0.0
550.0
0.0
550.0
550.0
550.0
550.0
550.0
0.0
550.0
550.0
550.0
550.0
550.0
0.0
550.0
550.0
550.0
550.0
550.0
0.0
550.0
550.0
550.0
550.0
550.0
0.0
550.0
0.0
550.0
0.0
550.0
0.0
550.0
550.0
550.0
550.0
550.0
0.0
550.0
0.0
550.0
0.0
550.0
0.0
550.0
0.0
550.0
0.0
550.0
0.0
550.0
0.0
550.0
0.0
550.0
0.0
550.0
0.0
550.0
0.0
550.0
0.0
550.0
0.0
550.0
0.0
550.0
950.0
350.0
850.0
350.0
0.0
550.0
950.0
350.0
850.0
350.0
0.0
550.0
950.0
350.0
850.0
350.0
0.0
550.0
950.0
350.0
850.0
350.0
0.0
550.0
950.0
350.0
850.0
0.0
550.0
950.0
350.0
850.0
350.0
0.0
550.0
950.0
350.0
850.0
350.0
0.0
550.0
950.0
350.0
850.0
0.0
550.0
950.0
350.0
850.0
350.0
0.0
550.0
0.0
550.0
950.0
350.0
850.0
0.0
550.0
950.0
350.0
850.0
350.0
0.0
550.0
950.0
350.0
1150.0
850.0
0.0
550.0
750.0
650.0
1050.0
650.0
0.0
550.0
950.0
600.0
1300.0
600.0
0.0
550.0
750.0
750.0
400.0
1300.0
0.0
550.0
750.0
750.0
350.0
950.0
0.0
550.0
750.0
750.0
350.0
950.0
0.0
550.0
750.0
750.0
750.0
350.0
0.0
550.0
750.0
750.0
750.0
350.0
0.0
550.0
750.0
750.0
750.0
350.0
0.0
550.0
950.0
350.0
950.0
350.0
0.0
550.0
950.0
350.0
950.0
350.0
0.0
550.0
750.0
750.0
750.0
350.0
0.0
550.0
550.0
550.0
550.0
550.0
0.0
550.0
550.0
550.0
550.0
550.0
0.0
550.0
550.0
550.0
550.0
550.0
0.0
550.0
550.0
550.0
550.0
550.0
0.0
550.0
550.0
550.0
550.0
550.0
0.0
550.0
550.0
550.0
550.0
550.0
0.0
550.0
550.0
550.0
550.0
550.0
0.0
550.0
550.0
550.0
550.0
550.0
0.0
550.0
550.0
550.0
550.0
550.0
0.0
550.0
550.0
550.0
550.0
550.0
0.0
550.0
550.0
550.0
550.0
550.0
0.0
550.0
550.0
550.0
550.0
550.0
0.0
550.0
550.0
550.0
550.0
550.0
0.0
550.0
550.0
550.0
550.0
550.0
0.0
550.0
550.0
550.0
550.0
0.0
500.0
0.0
550.0
550.0
550.0
550.0
0.0
550.0
550.0
550.0
550.0
0.0
800.0
550.0
1250.0
1050.0
0.0
900.0
900.0
900.0
900.0
0.0
900.0
900.0
900.0
900.0
0.0
900.0
900.0
900.0
900.0
0.0
900.0
900.0
900.0
900.0
0.0
900.0
900.0
900.0
900.0
0.0
900.0
900.0
900.0
900.0
0.0
900.0
900.0
900.0
900.0
0.0
900.0
900.0
900.0
900.0
0.0
900.0
900.0
900.0
900.0
0.0
900.0
900.0
900.0
900.0
0.0
900.0
900.0
900.0
900.0
0.0
0.0
550.0
0.0
900.0
0.0
900.0
900.0
900.0
900.0
0.0
550.0
