0.0
700.0
700.0
700.0
700.0
0.0
700.0
700.0
700.0
700.0
700.0
0.0
700.0
700.0
700.0
700.0
700.0
0.0
800.0
800.0
800.0
800.0
800.0
0.0
800.0
800.0
800.0
800.0
800.0
0.0
700.0
700.0
700.0
700.0
700.0
0.0
700.0
700.0
700.0
700.0
700.0
0.0
700.0
700.0
700.0
700.0
700.0
0.0
700.0
700.0
700.0
700.0
700.0
0.0
800.0
800.0
800.0
800.0
800.0
0.0
700.0
0.0
700.0
700.0
700.0
700.0
700.0
0.0
700.0
0.0
700.0
0.0
700.0
700.0
700.0
700.0
700.0
0.0
700.0
700.0
700.0
700.0
700.0
0.0
700.0
700.0
700.0
700.0
700.0
0.0
700.0
700.0
700.0
700.0
700.0
0.0
800.0
800.0
800.0
800.0
800.0
0.0
800.0
800.0
800.0
800.0
800.0
0.0
800.0
800.0
800.0
800.0
800.0
0.0
800.0
800.0
800.0
800.0
800.0
0.0
800.0
800.0
800.0
800.0
0.0
800.0
800.0
800.0
800.0
0.0
800.0
800.0
800.0
800.0
0.0
800.0
800.0
800.0
800.0
800.0
0.0
800.0
800.0
800.0
800.0
800.0
0.0
800.0
800.0
800.0
800.0
800.0
0.0
800.0
800.0
800.0
800.0
800.0
0.0
800.0
800.0
800.0
800.0
800.0
0.0
800.0
800.0
800.0
800.0
800.0
0.0
900.0
900.0
900.0
550.0
550.0
0.0
800.0
800.0
800.0
450.0
850.0
0.0
900.0
900.0
900.0
550.0
550.0
0.0
900.0
0.0
900.0
0.0
900.0
0.0
550.0
550.0
550.0
550.0
550.0
0.0
550.0
0.0
550.0
0.0
550.0
0.0
550.0
0.0
550.0
550.0
550.0
550.0
550.0
0.0
550.0
550.0
0.0
550.0
550.0
0.0
550.0
0.0
550.0
550.0
0.0
550.0
0.0
550.0
550.0
550.0
0.0
550.0
550.0
550.0
0.0
550.0
550.0
0.0
550.0
0.0
550.0
0.0
550.0
550.0
0.0
0.0
900.0
500.0
0.0
0.0
900.0
500.0
0.0
0.0
900.0
500.0
0.0
0.0
900.0
500.0
0.0
300.0
900.0
300.0
0.0
0.0
900.0
500.0
0.0
550.0
550.0
0.0
550.0
550.0
0.0
550.0
550.0
550.0
550.0
550.0
0.0
550.0
0.0
550.0
550.0
550.0
550.0
550.0
0.0
700.0
0.0
700.0
0.0
700.0
0.0
700.0
0.0
700.0
0.0
700.0
0.0
700.0
0.0
0.0
0.0
550.0
550.0
550.0
550.0
550.0
0.0
550.0
550.0
550.0
550.0
550.0
0.0
0.0
0.0
0.0
0.0
0.0
0.0
0.0
0.0
700.0
700.0
700.0
0.0
700.0
700.0
700.0
0.0
550.0
550.0
550.0
550.0
550.0
0.0
550.0
0.0
550.0
0.0
550.0
0.0
550.0
550.0
550.0
550.0
550.0
0.0
550.0
0.0
550.0
0.0
550.0
0.0
550.0
0.0
550.0
0.0
550.0
0.0
550.0
0.0
550.0
0.0
550.0
0.0
550.0
0.0
550.0
0.0
550.0
0.0
550.0
0.0
550.0
0.0
550.0
850.0
650.0
1050.0
650.0
0.0
550.0
850.0
650.0
1050.0
650.0
0.0
550.0
850.0
650.0
1050.0
650.0
0.0
550.0
850.0
650.0
1050.0
650.0
0.0
550.0
850.0
650.0
1050.0
0.0
550.0
850.0
650.0
1050.0
650.0
0.0
550.0
850.0
650.0
1050.0
650.0
0.0
550.0
850.0
650.0
1050.0
0.0
550.0
850.0
650.0
1050.0
650.0
0.0
550.0
0.0
550.0
850.0
650.0
1050.0
0.0
550.0
850.0
650.0
1050.0
650.0
0.0
600.0
600.0
600.0
600.0
600.0
0.0
600.0
600.0
600.0
600.0
600.0
0.0
600.0
600.0
600.0
600.0
600.0
0.0
600.0
600.0
600.0
600.0
600.0
0.0
600.0
600.0
600.0
600.0
600.0
0.0
600.0
600.0
600.0
600.0
600.0
0.0
900.0
600.0
600.0
600.0
600.0
0.0
900.0
600.0
600.0
600.0
600.0
0.0
900.0
600.0
600.0
600.0
600.0
0.0
900.0
600.0
600.0
600.0
600.0
0.0
900.0
600.0
600.0
600.0
600.0
0.0
900.0
600.0
600.0
600.0
600.0
0.0
900.0
600.0
600.0
600.0
600.0
0.0
900.0
600.0
600.0
600.0
600.0
0.0
900.0
600.0
600.0
600.0
600.0
0.0
900.0
600.0
600.0
600.0
600.0
0.0
900.0
600.0
600.0
600.0
600.0
0.0
900.0
600.0
600.0
600.0
600.0
0.0
900.0
600.0
600.0
600.0
600.0
0.0
900.0
600.0
600.0
600.0
600.0
0.0
900.0
600.0
600.0
600.0
600.0
0.0
900.0
600.0
600.0
600.0
600.0
0.0
900.0
600.0
600.0
600.0
600.0
0.0
900.0
600.0
600.0
600.0
600.0
0.0
900.0
600.0
600.0
600.0
600.0
0.0
900.0
600.0
600.0
600.0
600.0
0.0
900.0
900.0
900.0
550.0
0.0
900.0
0.0
900.0
900.0
600.0
600.0
0.0
900.0
900.0
900.0
900.0
0.0
800.0
550.0
1350.0
1050.0
0.0
900.0
900.0
900.0
900.0
0.0
900.0
900.0
900.0
900.0
0.0
900.0
900.0
900.0
900.0
0.0
900.0
900.0
900.0
900.0
0.0
900.0
900.0
900.0
900.0
0.0
900.0
900.0
900.0
900.0
0.0
900.0
900.0
900.0
900.0
0.0
900.0
900.0
900.0
900.0
0.0
900.0
900.0
900.0
900.0
0.0
900.0
900.0
900.0
900.0
0.0
900.0
900.0
900.0
900.0
0.0
0.0
550.0
0.0
0.0
0.0
0.0
0.0
0.0
0.0
0.0
900.0
0.0
900.0
900.0
900.0
900.0
0.0
0.0
550.0
