0.0
700.0
700.0
700.0
700.0
0.0
0.0
0.0
0.0
0.0
0.0
0.0
0.0
0.0
0.0
0.0
0.0
0.0
1500.0
1500.0
1500.0
0.0
800.0
800.0
800.0
800.0
0.0
0.0
0.0
0.0
0.0
0.0
0.0
0.0
0.0
0.0
1200.0
0.0
0.0
0.0
1400.0
1200.0
1000.0
1000.0
0.0
550.0
550.0
550.0
550.0
0.0
800.0
550.0
1250.0
1050.0
0.0
900.0
900.0
900.0
900.0
0.0
900.0
900.0
900.0
900.0
0.0
900.0
900.0
900.0
900.0
0.0
900.0
900.0
900.0
900.0
0.0
900.0
900.0
900.0
900.0
0.0
900.0
900.0
900.0
900.0
0.0
900.0
900.0
900.0
900.0
0.0
900.0
900.0
900.0
900.0
0.0
900.0
900.0
900.0
900.0
0.0
900.0
900.0
900.0
900.0
0.0
900.0
900.0
900.0
900.0
0.0
0.0
0.0
0.0
0.0
0.0
0.0
0.0
0.0
0.0
