115.48387096774194
103.84946236559139
117.0
103.84946236559139
117.0
103.84946236559139
115.48387096774194
103.84946236559139
115.48387096774194
103.84946236559139
115.48387096774194
103.84946236559139
117.0
103.84946236559139
117.0
103.84946236559139
115.48387096774194
103.84946236559139
117.0
103.84946236559139
117.0
103.84946236559139
115.48387096774194
103.84946236559139
117.0
103.84946236559139
117.0
103.84946236559139
115.48387096774194
103.84946236559139
117.0
103.84946236559139
117.0
103.84946236559139
115.48387096774194
103.84946236559139
117.0
103.84946236559139
117.0
115.48387096774194
103.84946236559139
117.0
103.84946236559139
117.0
103.84946236559139
115.48387096774194
103.84946236559139
117.0
103.84946236559139
117.0
115.48387096774194
103.84946236559139
117.0
103.84946236559139
117.0
115.48387096774194
103.84946236559139
117.0
103.84946236559139
117.0
115.48387096774194
103.84946236559139
115.48387096774194
103.84946236559139
0.0
103.84946236559139
117.0
103.84946236559139
117.0
