115.41935483870968
103.76344086021506
103.76344086021506
117.0
103.76344086021506
117.0
115.41935483870968
115.41935483870968
115.41935483870968
103.76344086021506
103.76344086021506
117.0
103.76344086021506
117.0
115.41935483870968
103.76344086021506
103.76344086021506
117.0
103.76344086021506
117.0
115.41935483870968
103.76344086021506
103.76344086021506
117.0
103.76344086021506
117.0
115.41935483870968
103.76344086021506
103.76344086021506
117.0
103.76344086021506
117.0
115.41935483870968
103.76344086021506
117.0
103.76344086021506
117.0
115.41935483870968
103.76344086021506
103.76344086021506
117.0
103.76344086021506
117.0
115.41935483870968
103.76344086021506
117.0
103.76344086021506
117.0
115.41935483870968
103.76344086021506
117.0
103.76344086021506
117.0
115.41935483870968
103.76344086021506
117.0
103.76344086021506
117.0
115.41935483870968
115.41935483870968
0.0
103.76344086021506
117.0
103.76344086021506
117.0
