0.0
0.0
0.0
117.0
112.12903225806451
0.0
0.0
0.0
0.0
0.0
0.0
117.0
112.12903225806451
0.0
0.0
0.0
0.0
117.0
112.12903225806451
0.0
0.0
0.0
0.0
117.0
112.12903225806451
0.0
0.0
0.0
0.0
117.0
112.12903225806451
0.0
113.87096774193549
101.75806451612902
101.75806451612902
117.0
101.75806451612902
0.0
0.0
0.0
117.0
112.12903225806451
0.0
116.3225806451613
104.96774193548387
104.96774193548387
117.0
104.96774193548387
116.3225806451613
104.96774193548387
117.0
104.96774193548387
117.0
116.3225806451613
104.96774193548387
117.0
104.96774193548387
117.0
0.0
0.0
0.0
104.96774193548387
117.0
104.96774193548387
117.0
