99.58064516129032
117.0
117.0
103.50537634408602
117.0
103.50537634408602
99.58064516129032
99.58064516129032
99.58064516129032
117.0
117.0
103.50537634408602
117.0
103.50537634408602
99.58064516129032
117.0
117.0
103.50537634408602
117.0
103.50537634408602
99.58064516129032
117.0
117.0
103.50537634408602
117.0
103.50537634408602
99.58064516129032
117.0
117.0
103.50537634408602
117.0
103.50537634408602
115.48387096774194
103.84946236559139
103.84946236559139
117.0
103.84946236559139
99.58064516129032
117.0
117.0
103.50537634408602
117.0
103.50537634408602
115.48387096774194
103.84946236559139
117.0
103.84946236559139
117.0
115.48387096774194
103.84946236559139
117.0
103.84946236559139
117.0
115.48387096774194
103.84946236559139
117.0
103.84946236559139
117.0
99.58064516129032
99.58064516129032
0.0
103.84946236559139
117.0
103.84946236559139
117.0
