114.70967741935483
102.81720430107526
117.0
102.81720430107526
117.0
102.81720430107526
114.70967741935483
102.81720430107526
114.70967741935483
102.81720430107526
114.70967741935483
102.81720430107526
117.0
102.81720430107526
117.0
102.81720430107526
114.70967741935483
102.81720430107526
117.0
102.81720430107526
117.0
102.81720430107526
114.70967741935483
102.81720430107526
117.0
102.81720430107526
117.0
102.81720430107526
114.70967741935483
102.81720430107526
117.0
102.81720430107526
117.0
102.81720430107526
114.70967741935483
102.81720430107526
117.0
102.81720430107526
117.0
114.70967741935483
102.81720430107526
117.0
102.81720430107526
117.0
102.81720430107526
114.70967741935483
102.81720430107526
117.0
102.81720430107526
117.0
114.70967741935483
102.81720430107526
117.0
102.81720430107526
117.0
114.70967741935483
102.81720430107526
117.0
102.81720430107526
117.0
114.70967741935483
102.81720430107526
114.70967741935483
102.81720430107526
0.0
102.81720430107526
117.0
102.81720430107526
117.0
