0.0
117.0
117.0
103.50537634408602
117.0
103.50537634408602
0.0
0.0
0.0
117.0
117.0
103.50537634408602
117.0
103.50537634408602
0.0
117.0
117.0
103.50537634408602
117.0
103.50537634408602
0.0
117.0
117.0
103.50537634408602
117.0
103.50537634408602
0.0
117.0
117.0
103.50537634408602
117.0
103.50537634408602
115.41935483870968
103.76344086021506
103.76344086021506
117.0
103.76344086021506
0.0
117.0
117.0
103.50537634408602
117.0
103.50537634408602
115.41935483870968
103.76344086021506
103.76344086021506
117.0
103.76344086021506
115.41935483870968
103.76344086021506
117.0
103.76344086021506
117.0
115.41935483870968
103.76344086021506
117.0
103.76344086021506
117.0
0.0
0.0
0.0
103.76344086021506
117.0
103.76344086021506
117.0
