0.0
0.0
0.0
0.0
0.0
0.0
0.0
0.0
0.0
0.0
0.0
0.0
0.0
0.0
0.0
0.0
0.0
0.0
0.0
0.0
0.0
0.0
0.0
0.0
0.0
0.0
0.0
0.0
0.0
0.0
0.0
0.0
0.0
117.0
112.12903225806451
0.0
0.0
0.0
0.0
0.0
0.0
0.0
0.0
110.23655913978494
97.84408602150538
97.84408602150538
117.0
97.84408602150538
116.3225806451613
104.96774193548387
104.96774193548387
117.0
104.96774193548387
116.3225806451613
104.96774193548387
104.96774193548387
117.0
104.96774193548387
0.0
0.0
0.0
104.96774193548387
104.96774193548387
117.0
104.96774193548387
