116.3225806451613
104.96774193548387
104.96774193548387
117.0
104.96774193548387
117.0
116.3225806451613
116.3225806451613
104.96774193548387
116.3225806451613
104.96774193548387
104.96774193548387
117.0
104.96774193548387
117.0
116.3225806451613
104.96774193548387
104.96774193548387
117.0
104.96774193548387
117.0
116.3225806451613
104.96774193548387
104.96774193548387
117.0
104.96774193548387
117.0
116.3225806451613
104.96774193548387
104.96774193548387
117.0
104.96774193548387
117.0
116.3225806451613
104.96774193548387
117.0
104.96774193548387
117.0
116.3225806451613
104.96774193548387
104.96774193548387
117.0
104.96774193548387
117.0
116.3225806451613
104.96774193548387
117.0
104.96774193548387
117.0
116.3225806451613
104.96774193548387
117.0
104.96774193548387
117.0
116.3225806451613
104.96774193548387
117.0
104.96774193548387
117.0
116.3225806451613
116.3225806451613
0.0
104.96774193548387
117.0
104.96774193548387
117.0
