0.0
117.0
117.0
103.50537634408602
117.0
103.50537634408602
0.0
0.0
0.0
117.0
117.0
103.50537634408602
117.0
103.50537634408602
0.0
117.0
117.0
103.50537634408602
117.0
103.50537634408602
0.0
117.0
117.0
103.50537634408602
117.0
103.50537634408602
0.0
117.0
117.0
103.50537634408602
117.0
103.50537634408602
115.38709677419355
107.54838709677419
107.54838709677419
107.54838709677419
107.54838709677419
0.0
117.0
117.0
103.50537634408602
117.0
103.50537634408602
115.38709677419355
107.54838709677419
107.54838709677419
107.54838709677419
107.54838709677419
115.38709677419355
107.54838709677419
107.54838709677419
117.0
107.54838709677419
115.38709677419355
107.54838709677419
107.54838709677419
117.0
107.54838709677419
0.0
0.0
0.0
107.54838709677419
107.54838709677419
117.0
107.54838709677419
