115.58064516129032
107.6774193548387
107.6774193548387
107.6774193548387
107.6774193548387
107.6774193548387
115.58064516129032
107.6774193548387
115.58064516129032
107.6774193548387
115.58064516129032
107.6774193548387
107.6774193548387
107.6774193548387
107.6774193548387
107.6774193548387
115.58064516129032
107.6774193548387
107.6774193548387
107.6774193548387
107.6774193548387
107.6774193548387
115.58064516129032
107.6774193548387
107.6774193548387
107.6774193548387
107.6774193548387
107.6774193548387
115.58064516129032
107.6774193548387
107.6774193548387
107.6774193548387
107.6774193548387
107.6774193548387
115.58064516129032
107.6774193548387
107.6774193548387
117.0
107.6774193548387
115.58064516129032
107.6774193548387
107.6774193548387
107.6774193548387
107.6774193548387
107.6774193548387
115.58064516129032
107.6774193548387
107.6774193548387
117.0
107.6774193548387
115.58064516129032
107.6774193548387
107.6774193548387
117.0
107.6774193548387
115.58064516129032
107.6774193548387
107.6774193548387
117.0
107.6774193548387
115.58064516129032
107.6774193548387
115.58064516129032
107.6774193548387
0.0
107.6774193548387
107.6774193548387
117.0
107.6774193548387
