115.38709677419355
107.54838709677419
107.54838709677419
117.0
107.54838709677419
117.0
115.38709677419355
107.54838709677419
115.38709677419355
107.54838709677419
115.38709677419355
107.54838709677419
107.54838709677419
117.0
107.54838709677419
117.0
115.38709677419355
107.54838709677419
107.54838709677419
117.0
107.54838709677419
117.0
115.38709677419355
107.54838709677419
107.54838709677419
117.0
107.54838709677419
117.0
115.38709677419355
107.54838709677419
107.54838709677419
117.0
107.54838709677419
117.0
115.38709677419355
107.54838709677419
107.54838709677419
117.0
107.54838709677419
115.38709677419355
107.54838709677419
107.54838709677419
117.0
107.54838709677419
117.0
115.38709677419355
107.54838709677419
107.54838709677419
117.0
107.54838709677419
115.38709677419355
107.54838709677419
107.54838709677419
117.0
107.54838709677419
115.38709677419355
107.54838709677419
107.54838709677419
117.0
107.54838709677419
115.38709677419355
107.54838709677419
115.38709677419355
107.54838709677419
0.0
107.54838709677419
107.54838709677419
117.0
107.54838709677419
