0.0
117.0
112.12903225806451
0.0
0.0
112.12903225806451
0.0
0.0
0.0
117.0
112.12903225806451
0.0
0.0
112.12903225806451
0.0
117.0
112.12903225806451
0.0
0.0
112.12903225806451
0.0
117.0
112.12903225806451
0.0
0.0
112.12903225806451
0.0
117.0
112.12903225806451
0.0
0.0
112.12903225806451
114.58064516129032
102.64516129032258
102.64516129032258
117.0
102.64516129032258
0.0
117.0
112.12903225806451
0.0
0.0
112.12903225806451
114.58064516129032
102.64516129032258
102.64516129032258
117.0
102.64516129032258
114.58064516129032
102.64516129032258
117.0
102.64516129032258
117.0
114.58064516129032
102.64516129032258
117.0
102.64516129032258
117.0
0.0
0.0
0.0
102.64516129032258
117.0
102.64516129032258
117.0
