115.48387096774194
101.05913978494624
101.05913978494624
101.05913978494624
101.05913978494624
101.05913978494624
115.48387096774194
101.05913978494624
101.05913978494624
101.05913978494624
101.05913978494624
115.48387096774194
101.05913978494624
101.05913978494624
101.05913978494624
101.05913978494624
101.05913978494624
115.48387096774194
101.05913978494624
101.05913978494624
101.05913978494624
101.05913978494624
115.48387096774194
101.05913978494624
101.05913978494624
101.05913978494624
101.05913978494624
115.48387096774194
101.05913978494624
101.05913978494624
101.05913978494624
101.05913978494624
115.48387096774194
115.48387096774194
115.48387096774194
115.48387096774194
115.48387096774194
115.48387096774194
115.48387096774194
101.05913978494624
101.05913978494624
101.05913978494624
101.05913978494624
101.05913978494624
115.48387096774194
115.48387096774194
115.48387096774194
115.48387096774194
115.48387096774194
115.48387096774194
115.48387096774194
101.05913978494624
101.05913978494624
101.05913978494624
101.05913978494624
101.05913978494624
115.48387096774194
115.48387096774194
115.48387096774194
115.48387096774194
115.48387096774194
115.48387096774194
115.48387096774194
101.05913978494624
101.05913978494624
101.05913978494624
101.05913978494624
101.05913978494624
115.48387096774194
101.05913978494624
101.05913978494624
101.05913978494624
101.05913978494624
101.05913978494624
115.48387096774194
101.05913978494624
101.05913978494624
101.05913978494624
101.05913978494624
101.05913978494624
115.48387096774194
101.05913978494624
101.05913978494624
101.05913978494624
101.05913978494624
115.48387096774194
101.05913978494624
101.05913978494624
101.05913978494624
101.05913978494624
101.05913978494624
115.48387096774194
101.05913978494624
101.05913978494624
101.05913978494624
101.05913978494624
115.48387096774194
115.48387096774194
115.48387096774194
115.48387096774194
115.48387096774194
115.48387096774194
101.05913978494624
101.05913978494624
101.05913978494624
101.05913978494624
0.0
101.05913978494624
101.05913978494624
101.05913978494624
101.05913978494624
