0.0
117.0
117.0
117.0
117.0
117.0
0.0
0.0
0.0
0.0
0.0
0.0
0.0
0.0
0.0
0.0
0.0
115.38709677419355
109.24731182795699
109.24731182795699
109.24731182795699
109.24731182795699
115.38709677419355
101.05913978494624
101.05913978494624
101.05913978494624
101.05913978494624
115.38709677419355
101.05913978494624
101.05913978494624
101.05913978494624
101.05913978494624
0.0
0.0
0.0
0.0
0.0
0.0
0.0
117.0
117.0
117.0
117.0
117.0
0.0
0.0
0.0
0.0
0.0
0.0
0.0
117.0
117.0
117.0
117.0
117.0
0.0
0.0
0.0
0.0
0.0
0.0
0.0
117.0
117.0
117.0
117.0
117.0
0.0
117.0
117.0
117.0
117.0
117.0
0.0
0.0
0.0
0.0
0.0
0.0
0.0
0.0
0.0
0.0
0.0
0.0
0.0
0.0
0.0
0.0
0.0
0.0
0.0
0.0
0.0
0.0
115.38709677419355
115.38709677419355
115.38709677419355
115.38709677419355
115.38709677419355
115.38709677419355
101.05913978494624
101.05913978494624
101.05913978494624
101.05913978494624
0.0
101.05913978494624
101.05913978494624
101.05913978494624
101.05913978494624
