0.0
117.0
117.0
117.0
117.0
117.0
0.0
0.0
0.0
0.0
0.0
0.0
0.0
0.0
0.0
0.0
0.0
115.41935483870968
99.66129032258064
99.66129032258064
99.66129032258064
99.66129032258064
115.41935483870968
99.66129032258064
99.66129032258064
99.66129032258064
99.66129032258064
115.41935483870968
99.66129032258064
99.66129032258064
99.66129032258064
99.66129032258064
0.0
0.0
0.0
0.0
0.0
0.0
0.0
117.0
117.0
117.0
117.0
117.0
0.0
0.0
0.0
0.0
0.0
0.0
0.0
117.0
117.0
117.0
117.0
117.0
0.0
0.0
0.0
0.0
0.0
0.0
0.0
117.0
117.0
117.0
117.0
117.0
0.0
117.0
117.0
117.0
117.0
117.0
0.0
0.0
0.0
0.0
0.0
0.0
0.0
0.0
0.0
0.0
0.0
0.0
0.0
0.0
0.0
0.0
0.0
0.0
0.0
0.0
0.0
0.0
115.41935483870968
115.41935483870968
103.76344086021506
103.76344086021506
103.76344086021506
115.41935483870968
99.66129032258064
99.66129032258064
99.66129032258064
99.66129032258064
0.0
99.66129032258064
99.66129032258064
99.66129032258064
99.66129032258064
