115.58064516129032
106.0
106.0
106.0
106.0
106.0
115.58064516129032
106.0
106.0
106.0
106.0
115.58064516129032
106.0
106.0
106.0
106.0
106.0
115.58064516129032
106.0
106.0
106.0
106.0
115.58064516129032
106.0
106.0
106.0
106.0
115.58064516129032
106.0
106.0
106.0
106.0
115.58064516129032
115.58064516129032
115.58064516129032
115.58064516129032
115.58064516129032
115.58064516129032
115.58064516129032
106.0
106.0
106.0
106.0
106.0
115.58064516129032
115.58064516129032
115.58064516129032
115.58064516129032
115.58064516129032
115.58064516129032
115.58064516129032
106.0
106.0
106.0
106.0
106.0
115.58064516129032
115.58064516129032
115.58064516129032
115.58064516129032
115.58064516129032
115.58064516129032
115.58064516129032
106.0
106.0
106.0
106.0
106.0
115.58064516129032
106.0
106.0
106.0
106.0
106.0
115.58064516129032
106.0
106.0
106.0
106.0
106.0
115.58064516129032
106.0
106.0
106.0
106.0
115.58064516129032
106.0
106.0
106.0
106.0
106.0
115.58064516129032
106.0
106.0
106.0
106.0
115.58064516129032
115.58064516129032
115.58064516129032
115.58064516129032
115.58064516129032
115.58064516129032
106.0
106.0
106.0
106.0
0.0
106.0
106.0
106.0
106.0
