0.0
117.0
108.21505376344086
108.21505376344086
108.21505376344086
108.21505376344086
0.0
0.0
0.0
0.0
0.0
0.0
0.0
0.0
0.0
0.0
0.0
94.20860215053763
94.20860215053763
94.20860215053763
94.20860215053763
94.20860215053763
114.58064516129032
102.64516129032258
102.64516129032258
102.64516129032258
102.64516129032258
114.58064516129032
102.64516129032258
102.64516129032258
102.64516129032258
102.64516129032258
0.0
0.0
0.0
0.0
0.0
0.0
0.0
117.0
108.21505376344086
108.21505376344086
108.21505376344086
108.21505376344086
0.0
0.0
0.0
0.0
0.0
0.0
0.0
117.0
117.0
117.0
117.0
117.0
0.0
0.0
0.0
0.0
0.0
0.0
0.0
117.0
117.0
117.0
117.0
117.0
0.0
117.0
117.0
117.0
117.0
117.0
0.0
0.0
0.0
0.0
0.0
0.0
0.0
0.0
0.0
0.0
0.0
0.0
0.0
0.0
0.0
0.0
0.0
0.0
0.0
0.0
0.0
0.0
94.20860215053763
94.20860215053763
94.20860215053763
94.20860215053763
94.20860215053763
114.58064516129032
102.64516129032258
102.64516129032258
102.64516129032258
102.64516129032258
0.0
102.64516129032258
102.64516129032258
102.64516129032258
102.64516129032258
