114.58064516129032
94.20860215053763
94.20860215053763
94.20860215053763
94.20860215053763
94.20860215053763
114.58064516129032
94.20860215053763
94.20860215053763
94.20860215053763
94.20860215053763
114.58064516129032
94.20860215053763
94.20860215053763
94.20860215053763
94.20860215053763
94.20860215053763
114.58064516129032
94.20860215053763
94.20860215053763
94.20860215053763
94.20860215053763
114.58064516129032
94.20860215053763
94.20860215053763
94.20860215053763
94.20860215053763
114.58064516129032
94.20860215053763
94.20860215053763
94.20860215053763
94.20860215053763
114.58064516129032
114.58064516129032
114.58064516129032
114.58064516129032
114.58064516129032
114.58064516129032
114.58064516129032
94.20860215053763
94.20860215053763
94.20860215053763
94.20860215053763
94.20860215053763
114.58064516129032
114.58064516129032
114.58064516129032
114.58064516129032
114.58064516129032
114.58064516129032
114.58064516129032
94.20860215053763
94.20860215053763
94.20860215053763
94.20860215053763
94.20860215053763
114.58064516129032
114.58064516129032
114.58064516129032
114.58064516129032
114.58064516129032
114.58064516129032
114.58064516129032
94.20860215053763
94.20860215053763
94.20860215053763
94.20860215053763
94.20860215053763
114.58064516129032
94.20860215053763
94.20860215053763
94.20860215053763
94.20860215053763
94.20860215053763
114.58064516129032
94.20860215053763
94.20860215053763
94.20860215053763
94.20860215053763
94.20860215053763
114.58064516129032
94.20860215053763
94.20860215053763
94.20860215053763
94.20860215053763
114.58064516129032
94.20860215053763
94.20860215053763
94.20860215053763
94.20860215053763
94.20860215053763
114.58064516129032
94.20860215053763
94.20860215053763
94.20860215053763
94.20860215053763
114.58064516129032
114.58064516129032
114.58064516129032
114.58064516129032
114.58064516129032
114.58064516129032
94.20860215053763
94.20860215053763
94.20860215053763
94.20860215053763
0.0
94.20860215053763
94.20860215053763
94.20860215053763
94.20860215053763
