0.0
0.0
0.0
0.0
0.0
0.0
0.0
0.0
117.0
112.12903225806451
112.12903225806451
0.0
0.0
0.0
0.0
0.0
112.19354838709677
94.93978494623656
94.93978494623656
94.93978494623656
94.93978494623656
112.19354838709677
94.93978494623656
94.93978494623656
94.93978494623656
94.93978494623656
0.0
0.0
0.0
0.0
0.0
0.0
0.0
0.0
0.0
0.0
0.0
0.0
0.0
0.0
0.0
0.0
0.0
0.0
0.0
0.0
0.0
0.0
0.0
0.0
0.0
0.0
0.0
112.19354838709677
94.93978494623656
94.93978494623656
94.93978494623656
94.93978494623656
0.0
94.93978494623656
94.93978494623656
94.93978494623656
94.93978494623656
