0.0
0.0
0.0
117.0
112.12903225806451
112.12903225806451
113.31182795698925
93.11182795698925
93.11182795698925
93.11182795698925
93.11182795698925
0.0
0.0
0.0
0.0
0.0
0.0
115.48387096774194
101.05913978494624
101.05913978494624
101.05913978494624
101.05913978494624
115.48387096774194
101.05913978494624
101.05913978494624
101.05913978494624
101.05913978494624
115.48387096774194
101.05913978494624
101.05913978494624
101.05913978494624
101.05913978494624
0.0
0.0
0.0
0.0
0.0
0.0
0.0
0.0
0.0
117.0
112.12903225806451
112.12903225806451
0.0
0.0
0.0
0.0
0.0
0.0
0.0
0.0
0.0
0.0
0.0
0.0
0.0
0.0
0.0
0.0
0.0
0.0
0.0
0.0
0.0
0.0
0.0
0.0
0.0
0.0
0.0
0.0
0.0
0.0
0.0
0.0
0.0
0.0
0.0
0.0
113.31182795698925
93.11182795698925
93.11182795698925
93.11182795698925
93.11182795698925
113.31182795698925
93.11182795698925
93.11182795698925
93.11182795698925
93.11182795698925
93.11182795698925
113.31182795698925
93.11182795698925
93.11182795698925
93.11182795698925
93.11182795698925
115.48387096774194
115.48387096774194
115.48387096774194
115.48387096774194
115.48387096774194
115.48387096774194
101.05913978494624
101.05913978494624
101.05913978494624
101.05913978494624
0.0
101.05913978494624
101.05913978494624
101.05913978494624
101.05913978494624
