114.70967741935483
100.41397849462365
100.41397849462365
100.41397849462365
100.41397849462365
100.41397849462365
114.70967741935483
100.41397849462365
100.41397849462365
100.41397849462365
100.41397849462365
114.70967741935483
100.41397849462365
100.41397849462365
100.41397849462365
100.41397849462365
100.41397849462365
114.70967741935483
100.41397849462365
100.41397849462365
100.41397849462365
100.41397849462365
114.70967741935483
100.41397849462365
100.41397849462365
100.41397849462365
100.41397849462365
114.70967741935483
100.41397849462365
100.41397849462365
100.41397849462365
100.41397849462365
114.70967741935483
114.70967741935483
114.70967741935483
114.70967741935483
114.70967741935483
114.70967741935483
114.70967741935483
100.41397849462365
100.41397849462365
100.41397849462365
100.41397849462365
100.41397849462365
114.70967741935483
114.70967741935483
114.70967741935483
114.70967741935483
114.70967741935483
114.70967741935483
114.70967741935483
100.41397849462365
100.41397849462365
100.41397849462365
100.41397849462365
100.41397849462365
114.70967741935483
114.70967741935483
114.70967741935483
114.70967741935483
114.70967741935483
114.70967741935483
114.70967741935483
100.41397849462365
100.41397849462365
100.41397849462365
100.41397849462365
100.41397849462365
114.70967741935483
100.41397849462365
100.41397849462365
100.41397849462365
100.41397849462365
100.41397849462365
114.70967741935483
100.41397849462365
100.41397849462365
100.41397849462365
100.41397849462365
100.41397849462365
114.70967741935483
100.41397849462365
100.41397849462365
100.41397849462365
100.41397849462365
114.70967741935483
100.41397849462365
100.41397849462365
100.41397849462365
100.41397849462365
100.41397849462365
114.70967741935483
100.41397849462365
100.41397849462365
100.41397849462365
100.41397849462365
114.70967741935483
114.70967741935483
114.70967741935483
114.70967741935483
114.70967741935483
114.70967741935483
100.41397849462365
100.41397849462365
100.41397849462365
100.41397849462365
0.0
100.41397849462365
100.41397849462365
100.41397849462365
100.41397849462365
