0.0
0.0
117.0
117.0
117.0
117.0
0.0
0.0
0.0
0.0
0.0
0.0
0.0
0.0
0.0
0.0
0.0
116.3225806451613
101.75806451612902
101.75806451612902
101.75806451612902
101.75806451612902
116.3225806451613
101.75806451612902
101.75806451612902
101.75806451612902
101.75806451612902
116.3225806451613
101.75806451612902
101.75806451612902
101.75806451612902
101.75806451612902
0.0
0.0
0.0
0.0
0.0
0.0
0.0
0.0
117.0
117.0
117.0
117.0
0.0
0.0
0.0
0.0
0.0
0.0
0.0
0.0
0.0
0.0
0.0
0.0
0.0
0.0
0.0
0.0
0.0
0.0
0.0
0.0
0.0
0.0
0.0
0.0
0.0
0.0
0.0
0.0
0.0
0.0
0.0
0.0
0.0
0.0
0.0
0.0
0.0
0.0
0.0
0.0
0.0
0.0
0.0
0.0
0.0
0.0
0.0
0.0
0.0
0.0
0.0
0.0
116.3225806451613
116.3225806451613
104.96774193548387
104.96774193548387
104.96774193548387
116.3225806451613
101.75806451612902
101.75806451612902
101.75806451612902
101.75806451612902
0.0
101.75806451612902
101.75806451612902
101.75806451612902
101.75806451612902
