0.0
0.0
0.0
117.0
112.12903225806451
112.12903225806451
113.87096774193549
113.87096774193549
101.75806451612902
101.75806451612902
101.75806451612902
0.0
0.0
0.0
0.0
0.0
0.0
116.3225806451613
101.75806451612902
101.75806451612902
101.75806451612902
101.75806451612902
116.3225806451613
101.75806451612902
101.75806451612902
101.75806451612902
101.75806451612902
116.3225806451613
101.75806451612902
101.75806451612902
101.75806451612902
101.75806451612902
0.0
0.0
0.0
0.0
0.0
0.0
0.0
0.0
0.0
117.0
112.12903225806451
112.12903225806451
0.0
0.0
0.0
0.0
0.0
0.0
0.0
0.0
0.0
0.0
0.0
0.0
0.0
0.0
0.0
0.0
0.0
0.0
0.0
0.0
0.0
0.0
0.0
0.0
0.0
0.0
0.0
0.0
0.0
0.0
0.0
0.0
0.0
0.0
0.0
0.0
113.87096774193549
99.66129032258064
99.66129032258064
99.66129032258064
99.66129032258064
113.87096774193549
99.66129032258064
99.66129032258064
99.66129032258064
99.66129032258064
99.66129032258064
113.87096774193549
99.66129032258064
99.66129032258064
99.66129032258064
99.66129032258064
116.3225806451613
116.3225806451613
116.3225806451613
116.3225806451613
116.3225806451613
116.3225806451613
101.75806451612902
101.75806451612902
101.75806451612902
101.75806451612902
0.0
101.75806451612902
101.75806451612902
101.75806451612902
101.75806451612902
