0.0
0.0
117.0
117.0
117.0
117.0
0.0
0.0
0.0
0.0
0.0
0.0
0.0
0.0
0.0
0.0
0.0
116.3225806451613
100.41397849462365
100.41397849462365
100.41397849462365
100.41397849462365
116.3225806451613
100.41397849462365
100.41397849462365
100.41397849462365
100.41397849462365
116.3225806451613
100.41397849462365
100.41397849462365
100.41397849462365
100.41397849462365
0.0
0.0
0.0
0.0
0.0
0.0
0.0
0.0
117.0
117.0
117.0
117.0
0.0
0.0
0.0
0.0
0.0
0.0
0.0
0.0
0.0
0.0
0.0
0.0
0.0
0.0
0.0
0.0
0.0
0.0
0.0
0.0
0.0
0.0
0.0
0.0
0.0
0.0
0.0
0.0
0.0
0.0
0.0
0.0
0.0
0.0
0.0
0.0
0.0
0.0
0.0
0.0
0.0
0.0
0.0
0.0
0.0
0.0
0.0
0.0
0.0
0.0
0.0
0.0
116.3225806451613
116.3225806451613
116.3225806451613
116.3225806451613
116.3225806451613
116.3225806451613
100.41397849462365
100.41397849462365
100.41397849462365
100.41397849462365
0.0
100.41397849462365
100.41397849462365
100.41397849462365
100.41397849462365
