0.0
117.0
117.0
117.0
117.0
117.0
0.0
0.0
0.0
0.0
0.0
0.0
0.0
0.0
0.0
0.0
0.0
110.23655913978494
110.23655913978494
97.84408602150538
97.84408602150538
97.84408602150538
116.3225806451613
100.41397849462365
100.41397849462365
100.41397849462365
100.41397849462365
116.3225806451613
100.41397849462365
100.41397849462365
100.41397849462365
100.41397849462365
0.0
0.0
0.0
0.0
0.0
0.0
0.0
117.0
117.0
117.0
117.0
117.0
0.0
0.0
0.0
0.0
0.0
0.0
0.0
117.0
117.0
117.0
117.0
117.0
0.0
0.0
0.0
0.0
0.0
0.0
0.0
117.0
117.0
117.0
117.0
117.0
0.0
117.0
117.0
117.0
117.0
117.0
0.0
0.0
0.0
0.0
0.0
0.0
0.0
0.0
0.0
0.0
0.0
0.0
0.0
0.0
0.0
0.0
0.0
0.0
0.0
0.0
0.0
0.0
110.23655913978494
110.23655913978494
97.84408602150538
97.84408602150538
97.84408602150538
116.3225806451613
100.41397849462365
100.41397849462365
100.41397849462365
100.41397849462365
0.0
100.41397849462365
100.41397849462365
100.41397849462365
100.41397849462365
