115.58064516129032
100.41397849462365
100.41397849462365
100.41397849462365
100.41397849462365
100.41397849462365
115.58064516129032
100.41397849462365
100.41397849462365
100.41397849462365
100.41397849462365
115.58064516129032
100.41397849462365
100.41397849462365
100.41397849462365
100.41397849462365
100.41397849462365
115.58064516129032
107.6774193548387
107.6774193548387
107.6774193548387
107.6774193548387
115.58064516129032
100.41397849462365
100.41397849462365
100.41397849462365
100.41397849462365
115.58064516129032
100.41397849462365
100.41397849462365
100.41397849462365
100.41397849462365
115.58064516129032
115.58064516129032
115.58064516129032
115.58064516129032
115.58064516129032
115.58064516129032
115.58064516129032
100.41397849462365
100.41397849462365
100.41397849462365
100.41397849462365
100.41397849462365
115.58064516129032
115.58064516129032
115.58064516129032
115.58064516129032
115.58064516129032
115.58064516129032
115.58064516129032
100.41397849462365
100.41397849462365
100.41397849462365
100.41397849462365
100.41397849462365
115.58064516129032
115.58064516129032
115.58064516129032
115.58064516129032
115.58064516129032
115.58064516129032
115.58064516129032
100.41397849462365
100.41397849462365
100.41397849462365
100.41397849462365
100.41397849462365
115.58064516129032
100.41397849462365
100.41397849462365
100.41397849462365
100.41397849462365
100.41397849462365
115.58064516129032
100.41397849462365
100.41397849462365
100.41397849462365
100.41397849462365
100.41397849462365
115.58064516129032
100.41397849462365
100.41397849462365
100.41397849462365
100.41397849462365
115.58064516129032
100.41397849462365
100.41397849462365
100.41397849462365
100.41397849462365
100.41397849462365
115.58064516129032
100.41397849462365
100.41397849462365
100.41397849462365
100.41397849462365
115.58064516129032
115.58064516129032
115.58064516129032
115.58064516129032
115.58064516129032
115.58064516129032
100.41397849462365
100.41397849462365
100.41397849462365
100.41397849462365
0.0
100.41397849462365
100.41397849462365
100.41397849462365
100.41397849462365
