0.0
117.0
108.21505376344086
108.21505376344086
108.21505376344086
108.21505376344086
0.0
0.0
0.0
0.0
0.0
0.0
0.0
0.0
0.0
0.0
0.0
114.58064516129032
94.20860215053763
94.20860215053763
94.20860215053763
94.20860215053763
114.58064516129032
94.20860215053763
94.20860215053763
94.20860215053763
94.20860215053763
114.58064516129032
94.20860215053763
94.20860215053763
94.20860215053763
94.20860215053763
0.0
0.0
0.0
0.0
0.0
0.0
0.0
117.0
108.21505376344086
108.21505376344086
108.21505376344086
108.21505376344086
0.0
0.0
0.0
0.0
0.0
0.0
0.0
117.0
117.0
117.0
117.0
117.0
0.0
0.0
0.0
0.0
0.0
0.0
0.0
117.0
117.0
117.0
117.0
117.0
0.0
117.0
117.0
117.0
117.0
117.0
0.0
0.0
0.0
0.0
0.0
0.0
0.0
0.0
0.0
0.0
0.0
0.0
0.0
0.0
0.0
0.0
0.0
0.0
0.0
0.0
0.0
0.0
114.58064516129032
114.58064516129032
114.58064516129032
114.58064516129032
114.58064516129032
114.58064516129032
94.20860215053763
94.20860215053763
94.20860215053763
94.20860215053763
0.0
94.20860215053763
94.20860215053763
94.20860215053763
94.20860215053763
