0.0
0.0
0.0
0.0
0.0
0.0
0.0
0.0
0.0
0.0
0.0
0.0
0.0
0.0
0.0
0.0
116.3225806451613
101.75806451612902
101.75806451612902
101.75806451612902
101.75806451612902
116.3225806451613
101.75806451612902
101.75806451612902
101.75806451612902
101.75806451612902
0.0
0.0
0.0
0.0
0.0
0.0
0.0
0.0
0.0
0.0
0.0
0.0
0.0
0.0
0.0
0.0
0.0
0.0
0.0
0.0
0.0
0.0
0.0
0.0
0.0
0.0
0.0
116.3225806451613
101.75806451612902
101.75806451612902
101.75806451612902
101.75806451612902
0.0
101.75806451612902
101.75806451612902
101.75806451612902
101.75806451612902
