0.0
0.0
0.0
117.0
112.12903225806451
112.12903225806451
107.44086021505376
107.44086021505376
107.44086021505376
107.44086021505376
107.44086021505376
0.0
0.0
0.0
0.0
0.0
0.0
115.41935483870968
99.66129032258064
99.66129032258064
99.66129032258064
99.66129032258064
115.41935483870968
99.66129032258064
99.66129032258064
99.66129032258064
99.66129032258064
115.41935483870968
99.66129032258064
99.66129032258064
99.66129032258064
99.66129032258064
0.0
0.0
0.0
0.0
0.0
0.0
0.0
0.0
0.0
117.0
112.12903225806451
112.12903225806451
0.0
0.0
0.0
0.0
0.0
0.0
0.0
0.0
0.0
0.0
0.0
0.0
0.0
0.0
0.0
0.0
0.0
0.0
0.0
0.0
0.0
0.0
0.0
0.0
0.0
0.0
0.0
0.0
0.0
0.0
0.0
0.0
0.0
0.0
0.0
0.0
107.44086021505376
107.44086021505376
107.44086021505376
107.44086021505376
107.44086021505376
107.44086021505376
107.44086021505376
107.44086021505376
107.44086021505376
107.44086021505376
107.44086021505376
107.44086021505376
107.44086021505376
107.44086021505376
107.44086021505376
107.44086021505376
115.41935483870968
115.41935483870968
115.41935483870968
115.41935483870968
115.41935483870968
115.41935483870968
99.66129032258064
99.66129032258064
99.66129032258064
99.66129032258064
0.0
99.66129032258064
99.66129032258064
99.66129032258064
99.66129032258064
