0.0
0.0
0.0
117.0
112.12903225806451
112.12903225806451
113.3763440860215
101.05913978494624
101.05913978494624
101.05913978494624
101.05913978494624
0.0
0.0
0.0
0.0
0.0
0.0
115.58064516129032
106.0
106.0
106.0
106.0
115.58064516129032
106.0
106.0
106.0
106.0
115.58064516129032
106.0
106.0
106.0
106.0
0.0
0.0
0.0
0.0
0.0
0.0
0.0
0.0
0.0
117.0
112.12903225806451
112.12903225806451
0.0
0.0
0.0
0.0
0.0
0.0
0.0
0.0
0.0
0.0
0.0
0.0
0.0
0.0
0.0
0.0
0.0
0.0
0.0
0.0
0.0
0.0
0.0
0.0
0.0
0.0
0.0
0.0
0.0
0.0
0.0
0.0
0.0
0.0
0.0
0.0
113.3763440860215
101.05913978494624
101.05913978494624
101.05913978494624
101.05913978494624
113.3763440860215
101.05913978494624
101.05913978494624
101.05913978494624
101.05913978494624
101.05913978494624
113.3763440860215
101.05913978494624
101.05913978494624
101.05913978494624
101.05913978494624
115.58064516129032
115.58064516129032
115.58064516129032
115.58064516129032
115.58064516129032
115.58064516129032
106.0
106.0
106.0
106.0
0.0
106.0
106.0
106.0
106.0
