0.0
117.0
108.21505376344086
108.21505376344086
108.21505376344086
108.21505376344086
0.0
0.0
0.0
0.0
0.0
0.0
0.0
0.0
0.0
0.0
0.0
115.48387096774194
101.05913978494624
101.05913978494624
101.05913978494624
101.05913978494624
115.48387096774194
101.05913978494624
101.05913978494624
101.05913978494624
101.05913978494624
115.48387096774194
101.05913978494624
101.05913978494624
101.05913978494624
101.05913978494624
0.0
0.0
0.0
0.0
0.0
0.0
0.0
117.0
108.21505376344086
108.21505376344086
108.21505376344086
108.21505376344086
0.0
0.0
0.0
0.0
0.0
0.0
0.0
117.0
117.0
117.0
117.0
117.0
0.0
0.0
0.0
0.0
0.0
0.0
0.0
117.0
117.0
117.0
117.0
117.0
0.0
117.0
117.0
117.0
117.0
117.0
0.0
0.0
0.0
0.0
0.0
0.0
0.0
0.0
0.0
0.0
0.0
0.0
0.0
0.0
0.0
0.0
0.0
0.0
0.0
0.0
0.0
0.0
115.48387096774194
115.48387096774194
115.48387096774194
115.48387096774194
115.48387096774194
115.48387096774194
101.05913978494624
101.05913978494624
101.05913978494624
101.05913978494624
0.0
101.05913978494624
101.05913978494624
101.05913978494624
101.05913978494624
