0.0
0.0
0.0
112.12903225806451
112.12903225806451
112.12903225806451
115.48387096774194
101.05913978494624
101.05913978494624
101.05913978494624
101.05913978494624
0.0
0.0
0.0
0.0
0.0
0.0
115.48387096774194
101.05913978494624
101.05913978494624
101.05913978494624
101.05913978494624
115.48387096774194
101.05913978494624
101.05913978494624
101.05913978494624
101.05913978494624
115.48387096774194
101.05913978494624
101.05913978494624
101.05913978494624
101.05913978494624
0.0
0.0
0.0
0.0
0.0
0.0
0.0
0.0
0.0
112.12903225806451
112.12903225806451
112.12903225806451
0.0
0.0
0.0
0.0
0.0
0.0
0.0
0.0
0.0
0.0
0.0
0.0
0.0
0.0
0.0
0.0
0.0
0.0
0.0
0.0
0.0
0.0
0.0
0.0
0.0
0.0
0.0
0.0
0.0
0.0
0.0
0.0
0.0
0.0
0.0
0.0
115.48387096774194
101.05913978494624
101.05913978494624
101.05913978494624
101.05913978494624
115.48387096774194
101.05913978494624
101.05913978494624
101.05913978494624
101.05913978494624
101.05913978494624
115.48387096774194
101.05913978494624
101.05913978494624
101.05913978494624
101.05913978494624
115.48387096774194
115.48387096774194
115.48387096774194
115.48387096774194
115.48387096774194
115.48387096774194
101.05913978494624
101.05913978494624
101.05913978494624
101.05913978494624
0.0
101.05913978494624
101.05913978494624
101.05913978494624
101.05913978494624
