0.0
117.0
108.21505376344086
108.21505376344086
108.21505376344086
108.21505376344086
0.0
0.0
0.0
0.0
0.0
0.0
0.0
0.0
0.0
0.0
0.0
115.41935483870968
99.66129032258064
99.66129032258064
99.66129032258064
99.66129032258064
115.41935483870968
99.66129032258064
99.66129032258064
99.66129032258064
99.66129032258064
115.41935483870968
99.66129032258064
99.66129032258064
99.66129032258064
99.66129032258064
0.0
0.0
0.0
0.0
0.0
0.0
0.0
117.0
108.21505376344086
108.21505376344086
108.21505376344086
108.21505376344086
0.0
0.0
0.0
0.0
0.0
0.0
0.0
117.0
117.0
117.0
117.0
117.0
0.0
0.0
0.0
0.0
0.0
0.0
0.0
117.0
117.0
117.0
117.0
117.0
0.0
117.0
117.0
117.0
117.0
117.0
0.0
0.0
0.0
0.0
0.0
0.0
0.0
0.0
0.0
0.0
0.0
0.0
0.0
0.0
0.0
0.0
0.0
0.0
0.0
0.0
0.0
0.0
115.41935483870968
115.41935483870968
115.41935483870968
115.41935483870968
115.41935483870968
115.41935483870968
99.66129032258064
99.66129032258064
99.66129032258064
99.66129032258064
0.0
99.66129032258064
99.66129032258064
99.66129032258064
99.66129032258064
