115.58064516129032
103.84946236559139
103.84946236559139
103.84946236559139
103.84946236559139
103.84946236559139
115.58064516129032
103.84946236559139
103.84946236559139
103.84946236559139
103.84946236559139
115.58064516129032
103.84946236559139
103.84946236559139
103.84946236559139
103.84946236559139
103.84946236559139
115.58064516129032
103.84946236559139
103.84946236559139
103.84946236559139
103.84946236559139
115.58064516129032
103.84946236559139
103.84946236559139
103.84946236559139
103.84946236559139
115.58064516129032
103.84946236559139
103.84946236559139
103.84946236559139
103.84946236559139
115.58064516129032
115.58064516129032
100.41397849462365
100.41397849462365
100.41397849462365
100.41397849462365
115.58064516129032
103.84946236559139
103.84946236559139
103.84946236559139
103.84946236559139
103.84946236559139
115.58064516129032
115.58064516129032
100.41397849462365
100.41397849462365
100.41397849462365
100.41397849462365
115.58064516129032
103.84946236559139
103.84946236559139
103.84946236559139
103.84946236559139
103.84946236559139
115.58064516129032
115.58064516129032
115.58064516129032
115.58064516129032
115.58064516129032
115.58064516129032
115.58064516129032
103.84946236559139
103.84946236559139
103.84946236559139
103.84946236559139
103.84946236559139
115.58064516129032
103.84946236559139
103.84946236559139
103.84946236559139
103.84946236559139
103.84946236559139
115.58064516129032
103.84946236559139
103.84946236559139
103.84946236559139
103.84946236559139
103.84946236559139
115.58064516129032
103.84946236559139
103.84946236559139
103.84946236559139
103.84946236559139
115.58064516129032
103.84946236559139
103.84946236559139
103.84946236559139
103.84946236559139
103.84946236559139
115.58064516129032
103.84946236559139
103.84946236559139
103.84946236559139
103.84946236559139
115.58064516129032
115.58064516129032
115.58064516129032
115.58064516129032
115.58064516129032
115.58064516129032
103.84946236559139
103.84946236559139
103.84946236559139
103.84946236559139
0.0
103.84946236559139
103.84946236559139
103.84946236559139
103.84946236559139
