114.58064516129032
102.64516129032258
102.64516129032258
102.64516129032258
102.64516129032258
102.64516129032258
114.58064516129032
102.64516129032258
102.64516129032258
102.64516129032258
102.64516129032258
114.58064516129032
102.64516129032258
102.64516129032258
102.64516129032258
102.64516129032258
102.64516129032258
114.58064516129032
102.64516129032258
102.64516129032258
102.64516129032258
102.64516129032258
114.58064516129032
102.64516129032258
102.64516129032258
102.64516129032258
102.64516129032258
114.58064516129032
102.64516129032258
102.64516129032258
102.64516129032258
102.64516129032258
114.58064516129032
114.58064516129032
102.64516129032258
102.64516129032258
102.64516129032258
102.64516129032258
114.58064516129032
102.64516129032258
102.64516129032258
102.64516129032258
102.64516129032258
102.64516129032258
114.58064516129032
114.58064516129032
102.64516129032258
102.64516129032258
102.64516129032258
102.64516129032258
114.58064516129032
102.64516129032258
102.64516129032258
102.64516129032258
102.64516129032258
102.64516129032258
114.58064516129032
114.58064516129032
114.58064516129032
114.58064516129032
114.58064516129032
114.58064516129032
114.58064516129032
102.64516129032258
102.64516129032258
102.64516129032258
102.64516129032258
102.64516129032258
114.58064516129032
102.64516129032258
102.64516129032258
102.64516129032258
102.64516129032258
102.64516129032258
114.58064516129032
102.64516129032258
102.64516129032258
102.64516129032258
102.64516129032258
102.64516129032258
114.58064516129032
102.64516129032258
102.64516129032258
102.64516129032258
102.64516129032258
114.58064516129032
102.64516129032258
102.64516129032258
102.64516129032258
102.64516129032258
102.64516129032258
114.58064516129032
102.64516129032258
102.64516129032258
102.64516129032258
102.64516129032258
114.58064516129032
114.58064516129032
114.58064516129032
114.58064516129032
114.58064516129032
114.58064516129032
102.64516129032258
102.64516129032258
102.64516129032258
102.64516129032258
0.0
102.64516129032258
102.64516129032258
102.64516129032258
102.64516129032258
