0.9473118279569892
0.4064516129032258
0.4064516129032258
0.4064516129032258
0.4064516129032258
0.4064516129032258
0.9473118279569892
0.4064516129032258
0.4064516129032258
0.4064516129032258
0.4064516129032258
0.9473118279569892
0.4064516129032258
0.4064516129032258
0.4064516129032258
0.4064516129032258
0.4064516129032258
0.9473118279569892
0.4064516129032258
0.4064516129032258
0.4064516129032258
0.4064516129032258
0.9473118279569892
0.4064516129032258
0.4064516129032258
0.4064516129032258
0.4064516129032258
0.9473118279569892
0.4064516129032258
0.4064516129032258
0.4064516129032258
0.4064516129032258
0.9473118279569892
0.9473118279569892
0.9473118279569892
0.9473118279569892
0.9473118279569892
0.9473118279569892
0.9473118279569892
0.4064516129032258
0.4064516129032258
0.4064516129032258
0.4064516129032258
0.4064516129032258
0.9473118279569892
0.9473118279569892
0.9473118279569892
0.9473118279569892
0.9473118279569892
0.9473118279569892
0.9473118279569892
0.4064516129032258
0.4064516129032258
0.4064516129032258
0.4064516129032258
0.4064516129032258
0.9473118279569892
0.9473118279569892
0.9473118279569892
0.9473118279569892
0.9473118279569892
0.9473118279569892
0.9473118279569892
0.4064516129032258
0.4064516129032258
0.4064516129032258
0.4064516129032258
0.4064516129032258
0.9473118279569892
0.4064516129032258
0.4064516129032258
0.4064516129032258
0.4064516129032258
0.4064516129032258
0.9473118279569892
0.4064516129032258
0.4064516129032258
0.4064516129032258
0.4064516129032258
0.4064516129032258
0.9473118279569892
0.4064516129032258
0.4064516129032258
0.4064516129032258
0.4064516129032258
0.9473118279569892
0.4064516129032258
0.4064516129032258
0.4064516129032258
0.4064516129032258
0.4064516129032258
0.9473118279569892
0.4064516129032258
0.4064516129032258
0.4064516129032258
0.4064516129032258
0.9473118279569892
0.9473118279569892
0.5440860215053763
0.5440860215053763
0.5440860215053763
0.9473118279569892
0.4064516129032258
0.4064516129032258
0.4064516129032258
0.4064516129032258
0.0
0.4064516129032258
0.4064516129032258
0.4064516129032258
0.4064516129032258
