0.0
0.0
0.0
0.0
0.0
0.0
0.9526881720430107
0.6
0.6
0.6
0.6
0.0
0.0
0.0
0.0
0.0
0.0
0.9526881720430107
0.6
0.6
0.6
0.6
0.9526881720430107
0.6
0.6
0.6
0.6
0.9526881720430107
0.6
0.6
0.6
0.6
0.0
0.0
0.0
0.0
0.0
0.0
0.0
0.0
0.0
0.0
0.0
0.0
0.0
0.0
0.0
0.0
0.0
0.0
0.0
0.0
0.0
0.0
0.0
0.0
0.0
0.0
0.0
0.0
0.0
0.0
0.0
0.0
0.0
0.0
0.0
0.0
0.0
0.0
0.0
0.0
0.0
0.0
0.0
0.0
0.0
0.0
0.0
0.0
0.9526881720430107
0.6
0.6
0.6
0.6
0.9526881720430107
0.6
0.6
0.6
0.6
0.6
0.9526881720430107
0.6
0.6
0.6
0.6
0.9526881720430107
0.9526881720430107
0.9526881720430107
0.9526881720430107
0.9526881720430107
0.9526881720430107
0.6
0.6
0.6
0.6
0.0
0.6
0.6
0.6
0.6
