0.9193548387096774
0.5161290322580645
0.5161290322580645
0.5161290322580645
0.5161290322580645
0.5161290322580645
0.9193548387096774
0.5161290322580645
0.5161290322580645
0.5161290322580645
0.5161290322580645
0.9193548387096774
0.5161290322580645
0.5161290322580645
0.5161290322580645
0.5161290322580645
0.5161290322580645
0.9193548387096774
0.5161290322580645
0.5161290322580645
0.5161290322580645
0.5161290322580645
0.9193548387096774
0.5161290322580645
0.5161290322580645
0.5161290322580645
0.5161290322580645
0.9193548387096774
0.5161290322580645
0.5161290322580645
0.5161290322580645
0.5161290322580645
0.9193548387096774
0.9193548387096774
0.5161290322580645
0.5161290322580645
0.5161290322580645
0.5161290322580645
0.9193548387096774
0.5161290322580645
0.5161290322580645
0.5161290322580645
0.5161290322580645
0.5161290322580645
0.9193548387096774
0.9193548387096774
0.5161290322580645
0.5161290322580645
0.5161290322580645
0.5161290322580645
0.9193548387096774
0.5161290322580645
0.5161290322580645
0.5161290322580645
0.5161290322580645
0.5161290322580645
0.9193548387096774
0.9193548387096774
0.9193548387096774
0.9193548387096774
0.9193548387096774
0.9193548387096774
0.9193548387096774
0.5161290322580645
0.5161290322580645
0.5161290322580645
0.5161290322580645
0.5161290322580645
0.9193548387096774
0.5161290322580645
0.5161290322580645
0.5161290322580645
0.5161290322580645
0.5161290322580645
0.9193548387096774
0.5161290322580645
0.5161290322580645
0.5161290322580645
0.5161290322580645
0.5161290322580645
0.9193548387096774
0.5161290322580645
0.5161290322580645
0.5161290322580645
0.5161290322580645
0.9193548387096774
0.5161290322580645
0.5161290322580645
0.5161290322580645
0.5161290322580645
0.5161290322580645
0.9193548387096774
0.5161290322580645
0.5161290322580645
0.5161290322580645
0.5161290322580645
0.9193548387096774
0.9193548387096774
0.9193548387096774
0.9193548387096774
0.9193548387096774
0.9193548387096774
0.5161290322580645
0.5161290322580645
0.5161290322580645
0.5161290322580645
0.0
0.5161290322580645
0.5161290322580645
0.5161290322580645
0.5161290322580645
