0.0
0.0
0.0
1.0
0.8064516129032258
0.8064516129032258
0.8655913978494624
0.21505376344086022
0.21505376344086022
0.21505376344086022
0.21505376344086022
0.0
0.0
0.0
0.0
0.0
0.0
0.9494623655913978
0.46236559139784944
0.46236559139784944
0.46236559139784944
0.46236559139784944
0.9494623655913978
0.46236559139784944
0.46236559139784944
0.46236559139784944
0.46236559139784944
0.9494623655913978
0.46236559139784944
0.46236559139784944
0.46236559139784944
0.46236559139784944
0.0
0.0
0.0
0.0
0.0
0.0
0.0
0.0
0.0
1.0
0.8064516129032258
0.8064516129032258
0.0
0.0
0.0
0.0
0.0
0.0
0.0
0.0
0.0
0.0
0.0
0.0
0.0
0.0
0.0
0.0
0.0
0.0
0.0
0.0
0.0
0.0
0.0
0.0
0.0
0.0
0.0
0.0
0.0
0.0
0.0
0.0
0.0
0.0
0.0
0.0
0.8655913978494624
0.21505376344086022
0.21505376344086022
0.21505376344086022
0.21505376344086022
0.8655913978494624
0.21505376344086022
0.21505376344086022
0.21505376344086022
0.21505376344086022
0.21505376344086022
0.8655913978494624
0.21505376344086022
0.21505376344086022
0.21505376344086022
0.21505376344086022
0.9494623655913978
0.9494623655913978
0.9494623655913978
0.9494623655913978
0.9494623655913978
0.9494623655913978
0.46236559139784944
0.46236559139784944
0.46236559139784944
0.46236559139784944
0.0
0.46236559139784944
0.46236559139784944
0.46236559139784944
0.46236559139784944
