0.0
0.0
1.0
1.0
1.0
1.0
0.0
0.0
0.0
0.0
0.0
0.0
0.0
0.0
0.0
0.0
0.0
0.9774193548387097
0.49032258064516127
0.49032258064516127
0.49032258064516127
0.49032258064516127
0.9774193548387097
0.49032258064516127
0.49032258064516127
0.49032258064516127
0.49032258064516127
0.9774193548387097
0.49032258064516127
0.49032258064516127
0.49032258064516127
0.49032258064516127
0.0
0.0
0.0
0.0
0.0
0.0
0.0
0.0
1.0
1.0
1.0
1.0
0.0
0.0
0.0
0.0
0.0
0.0
0.0
0.0
0.0
0.0
0.0
0.0
0.0
0.0
0.0
0.0
0.0
0.0
0.0
0.0
0.0
0.0
0.0
0.0
0.0
0.0
0.0
0.0
0.0
0.0
0.0
0.0
0.0
0.0
0.0
0.0
0.0
0.0
0.0
0.0
0.0
0.0
0.0
0.0
0.0
0.0
0.0
0.0
0.0
0.0
0.0
0.0
0.9774193548387097
0.9774193548387097
0.5741935483870968
0.5741935483870968
0.5741935483870968
0.9774193548387097
0.49032258064516127
0.49032258064516127
0.49032258064516127
0.49032258064516127
0.0
0.49032258064516127
0.49032258064516127
0.49032258064516127
0.49032258064516127
