0.0
0.0
0.0
0.0
0.0
0.0
0.0
0.0
0.0
1.0
0.8064516129032258
0.0
0.0
0.0
0.0
0.0
0.9526881720430107
0.546236559139785
0.546236559139785
0.546236559139785
0.546236559139785
0.9526881720430107
0.546236559139785
0.546236559139785
0.546236559139785
0.546236559139785
0.0
0.0
0.0
0.0
0.0
0.0
0.0
0.0
0.0
0.0
0.0
0.0
0.0
0.0
0.0
0.0
0.0
0.0
0.0
0.0
0.0
0.0
0.0
0.0
0.0
0.0
0.0
0.9526881720430107
0.546236559139785
0.546236559139785
0.546236559139785
0.546236559139785
0.0
0.546236559139785
0.546236559139785
0.546236559139785
0.546236559139785
