0.9526881720430107
0.546236559139785
0.546236559139785
0.546236559139785
0.546236559139785
0.546236559139785
0.9526881720430107
0.546236559139785
0.546236559139785
0.546236559139785
0.546236559139785
0.9526881720430107
0.546236559139785
0.546236559139785
0.546236559139785
0.546236559139785
0.546236559139785
0.9526881720430107
0.546236559139785
0.546236559139785
0.546236559139785
0.546236559139785
0.9526881720430107
0.546236559139785
0.546236559139785
0.546236559139785
0.546236559139785
0.9526881720430107
0.546236559139785
0.546236559139785
0.546236559139785
0.546236559139785
0.9526881720430107
0.9526881720430107
0.43655913978494626
0.43655913978494626
0.43655913978494626
0.43655913978494626
0.9526881720430107
0.546236559139785
0.546236559139785
0.546236559139785
0.546236559139785
0.546236559139785
0.9526881720430107
0.9526881720430107
0.43655913978494626
0.43655913978494626
0.43655913978494626
0.43655913978494626
0.9526881720430107
0.546236559139785
0.546236559139785
0.546236559139785
0.546236559139785
0.546236559139785
0.9526881720430107
0.9526881720430107
0.9526881720430107
0.9526881720430107
0.9526881720430107
0.9526881720430107
0.9526881720430107
0.546236559139785
0.546236559139785
0.546236559139785
0.546236559139785
0.546236559139785
0.9526881720430107
0.546236559139785
0.546236559139785
0.546236559139785
0.546236559139785
0.546236559139785
0.9526881720430107
0.546236559139785
0.546236559139785
0.546236559139785
0.546236559139785
0.546236559139785
0.9526881720430107
0.546236559139785
0.546236559139785
0.546236559139785
0.546236559139785
0.9526881720430107
0.546236559139785
0.546236559139785
0.546236559139785
0.546236559139785
0.546236559139785
0.9526881720430107
0.546236559139785
0.546236559139785
0.546236559139785
0.546236559139785
0.9526881720430107
0.9526881720430107
0.9526881720430107
0.9526881720430107
0.9526881720430107
0.9526881720430107
0.546236559139785
0.546236559139785
0.546236559139785
0.546236559139785
0.0
0.546236559139785
0.546236559139785
0.546236559139785
0.546236559139785
