0.0
0.0
0.0
0.0
0.0
0.0
0.0
0.0
1.0
0.8064516129032258
0.8064516129032258
0.0
0.0
0.0
0.0
0.0
0.8096774193548387
0.26881720430107525
0.26881720430107525
0.26881720430107525
0.26881720430107525
0.8096774193548387
0.26881720430107525
0.26881720430107525
0.26881720430107525
0.26881720430107525
0.0
0.0
0.0
0.0
0.0
0.0
0.0
0.0
0.0
0.0
0.0
0.0
0.0
0.0
0.0
0.0
0.0
0.0
0.0
0.0
0.0
0.0
0.0
0.0
0.0
0.0
0.0
0.8096774193548387
0.26881720430107525
0.26881720430107525
0.26881720430107525
0.26881720430107525
0.0
0.26881720430107525
0.26881720430107525
0.26881720430107525
0.26881720430107525
