0.0
0.0
0.0
0.0
0.0
1.0
0.9774193548387097
0.43655913978494626
0.43655913978494626
0.43655913978494626
0.43655913978494626
0.0
0.0
0.0
0.0
0.0
0.0
0.9774193548387097
0.43655913978494626
0.43655913978494626
0.43655913978494626
0.43655913978494626
0.9774193548387097
0.43655913978494626
0.43655913978494626
0.43655913978494626
0.43655913978494626
0.9774193548387097
0.43655913978494626
0.43655913978494626
0.43655913978494626
0.43655913978494626
0.0
0.0
0.0
0.0
0.0
0.0
0.0
0.0
0.0
0.0
0.0
1.0
0.0
0.0
0.0
0.0
0.0
0.0
0.0
0.0
0.0
0.0
0.0
0.0
0.0
0.0
0.0
0.0
0.0
0.0
0.0
0.0
0.0
0.0
0.0
0.0
0.0
0.0
0.0
0.0
0.0
0.0
0.0
0.0
0.0
0.0
0.0
0.0
0.9774193548387097
0.43655913978494626
0.43655913978494626
0.43655913978494626
0.43655913978494626
0.9774193548387097
0.43655913978494626
0.43655913978494626
0.43655913978494626
0.43655913978494626
0.43655913978494626
0.9774193548387097
0.43655913978494626
0.43655913978494626
0.43655913978494626
0.43655913978494626
0.9774193548387097
0.9774193548387097
0.9774193548387097
0.9774193548387097
0.9774193548387097
0.9774193548387097
0.43655913978494626
0.43655913978494626
0.43655913978494626
0.43655913978494626
0.0
0.43655913978494626
0.43655913978494626
0.43655913978494626
0.43655913978494626
