0.0
1.0
0.7053763440860215
0.7053763440860215
0.7053763440860215
0.7053763440860215
0.0
0.0
0.0
0.0
0.0
0.0
0.0
0.0
0.0
0.0
0.0
0.9473118279569892
0.4064516129032258
0.4064516129032258
0.4064516129032258
0.4064516129032258
0.9473118279569892
0.4064516129032258
0.4064516129032258
0.4064516129032258
0.4064516129032258
0.9473118279569892
0.4064516129032258
0.4064516129032258
0.4064516129032258
0.4064516129032258
0.0
0.0
0.0
0.0
0.0
0.0
0.0
1.0
0.7053763440860215
0.7053763440860215
0.7053763440860215
0.7053763440860215
0.0
0.0
0.0
0.0
0.0
0.0
0.0
1.0
1.0
1.0
1.0
1.0
0.0
0.0
0.0
0.0
0.0
0.0
0.0
1.0
1.0
1.0
1.0
1.0
0.0
1.0
1.0
1.0
1.0
1.0
0.0
0.0
0.0
0.0
0.0
0.0
0.0
0.0
0.0
0.0
0.0
0.0
0.0
0.0
0.0
0.0
0.0
0.0
0.0
0.0
0.0
0.0
0.9473118279569892
0.9473118279569892
0.9473118279569892
0.9473118279569892
0.9473118279569892
0.9473118279569892
0.4064516129032258
0.4064516129032258
0.4064516129032258
0.4064516129032258
0.0
0.4064516129032258
0.4064516129032258
0.4064516129032258
0.4064516129032258
