0.0
1.0
0.7053763440860215
0.7053763440860215
0.7053763440860215
0.7053763440860215
0.0
0.0
0.0
0.0
0.0
0.0
0.0
0.0
0.0
0.0
0.0
0.24731182795698925
0.24731182795698925
0.24731182795698925
0.24731182795698925
0.24731182795698925
0.9193548387096774
0.5161290322580645
0.5161290322580645
0.5161290322580645
0.5161290322580645
0.9193548387096774
0.5161290322580645
0.5161290322580645
0.5161290322580645
0.5161290322580645
0.0
0.0
0.0
0.0
0.0
0.0
0.0
1.0
0.7053763440860215
0.7053763440860215
0.7053763440860215
0.7053763440860215
0.0
0.0
0.0
0.0
0.0
0.0
0.0
1.0
1.0
1.0
1.0
1.0
0.0
0.0
0.0
0.0
0.0
0.0
0.0
1.0
1.0
1.0
1.0
1.0
0.0
1.0
1.0
1.0
1.0
1.0
0.0
0.0
0.0
0.0
0.0
0.0
0.0
0.0
0.0
0.0
0.0
0.0
0.0
0.0
0.0
0.0
0.0
0.0
0.0
0.0
0.0
0.0
0.24731182795698925
0.24731182795698925
0.24731182795698925
0.24731182795698925
0.24731182795698925
0.9193548387096774
0.5161290322580645
0.5161290322580645
0.5161290322580645
0.5161290322580645
0.0
0.5161290322580645
0.5161290322580645
0.5161290322580645
0.5161290322580645
