0.0
0.0
0.0
1.0
0.8064516129032258
0.8064516129032258
0.6720430107526881
0.6720430107526881
0.6720430107526881
0.6720430107526881
0.6720430107526881
0.0
0.0
0.0
0.0
0.0
0.0
0.9473118279569892
0.4064516129032258
0.4064516129032258
0.4064516129032258
0.4064516129032258
0.9473118279569892
0.4064516129032258
0.4064516129032258
0.4064516129032258
0.4064516129032258
0.9473118279569892
0.4064516129032258
0.4064516129032258
0.4064516129032258
0.4064516129032258
0.0
0.0
0.0
0.0
0.0
0.0
0.0
0.0
0.0
1.0
0.8064516129032258
0.8064516129032258
0.0
0.0
0.0
0.0
0.0
0.0
0.0
0.0
0.0
0.0
0.0
0.0
0.0
0.0
0.0
0.0
0.0
0.0
0.0
0.0
0.0
0.0
0.0
0.0
0.0
0.0
0.0
0.0
0.0
0.0
0.0
0.0
0.0
0.0
0.0
0.0
0.6720430107526881
0.6720430107526881
0.6720430107526881
0.6720430107526881
0.6720430107526881
0.6720430107526881
0.6720430107526881
0.6720430107526881
0.6720430107526881
0.6720430107526881
0.6720430107526881
0.6720430107526881
0.6720430107526881
0.6720430107526881
0.6720430107526881
0.6720430107526881
0.9473118279569892
0.9473118279569892
0.9473118279569892
0.9473118279569892
0.9473118279569892
0.9473118279569892
0.4064516129032258
0.4064516129032258
0.4064516129032258
0.4064516129032258
0.0
0.4064516129032258
0.4064516129032258
0.4064516129032258
0.4064516129032258
