0.0
0.0
0.0
0.0
0.0
0.0
0.0
0.0
0.0
1.0
0.8064516129032258
0.0
0.0
0.0
0.0
0.0
0.9193548387096774
0.5161290322580645
0.5161290322580645
0.5161290322580645
0.5161290322580645
0.9193548387096774
0.5161290322580645
0.5161290322580645
0.5161290322580645
0.5161290322580645
0.0
0.0
0.0
0.0
0.0
0.0
0.0
0.0
0.0
0.0
0.0
0.0
0.0
0.0
0.0
0.0
0.0
0.0
0.0
0.0
0.0
0.0
0.0
0.0
0.0
0.0
0.0
0.9193548387096774
0.5161290322580645
0.5161290322580645
0.5161290322580645
0.5161290322580645
0.0
0.5161290322580645
0.5161290322580645
0.5161290322580645
0.5161290322580645
