0.0
1.0
1.0
1.0
1.0
1.0
0.0
0.0
0.0
0.0
0.0
0.0
0.0
0.0
0.0
0.0
0.0
0.9193548387096774
0.24731182795698925
0.24731182795698925
0.24731182795698925
0.24731182795698925
0.9193548387096774
0.24731182795698925
0.24731182795698925
0.24731182795698925
0.24731182795698925
0.9193548387096774
0.24731182795698925
0.24731182795698925
0.24731182795698925
0.24731182795698925
0.0
0.0
0.0
0.0
0.0
0.0
0.0
1.0
1.0
1.0
1.0
1.0
0.0
0.0
0.0
0.0
0.0
0.0
0.0
1.0
1.0
1.0
1.0
1.0
0.0
0.0
0.0
0.0
0.0
0.0
0.0
1.0
1.0
1.0
1.0
1.0
0.0
1.0
1.0
1.0
1.0
1.0
0.0
0.0
0.0
0.0
0.0
0.0
0.0
0.0
0.0
0.0
0.0
0.0
0.0
0.0
0.0
0.0
0.0
0.0
0.0
0.0
0.0
0.0
0.9193548387096774
0.9193548387096774
0.9193548387096774
0.9193548387096774
0.9193548387096774
0.9193548387096774
0.24731182795698925
0.24731182795698925
0.24731182795698925
0.24731182795698925
0.0
0.24731182795698925
0.24731182795698925
0.24731182795698925
0.24731182795698925
