0.0
0.0
0.0
1.0
0.8064516129032258
0.8064516129032258
0.8688172043010752
0.46236559139784944
0.46236559139784944
0.46236559139784944
0.46236559139784944
0.0
0.0
0.0
0.0
0.0
0.0
0.9526881720430107
0.6
0.6
0.6
0.6
0.9526881720430107
0.6
0.6
0.6
0.6
0.9526881720430107
0.6
0.6
0.6
0.6
0.0
0.0
0.0
0.0
0.0
0.0
0.0
0.0
0.0
1.0
0.8064516129032258
0.8064516129032258
0.0
0.0
0.0
0.0
0.0
0.0
0.0
0.0
0.0
0.0
0.0
0.0
0.0
0.0
0.0
0.0
0.0
0.0
0.0
0.0
0.0
0.0
0.0
0.0
0.0
0.0
0.0
0.0
0.0
0.0
0.0
0.0
0.0
0.0
0.0
0.0
0.8688172043010752
0.46236559139784944
0.46236559139784944
0.46236559139784944
0.46236559139784944
0.8688172043010752
0.46236559139784944
0.46236559139784944
0.46236559139784944
0.46236559139784944
0.46236559139784944
0.8688172043010752
0.46236559139784944
0.46236559139784944
0.46236559139784944
0.46236559139784944
0.9526881720430107
0.9526881720430107
0.9526881720430107
0.9526881720430107
0.9526881720430107
0.9526881720430107
0.6
0.6
0.6
0.6
0.0
0.6
0.6
0.6
0.6
