0.0
0.0
0.0
0.0
0.0
0.0
0.0
0.0
0.0
0.0
0.0
0.0
0.0
0.0
0.0
0.0
0.946236559139785
0.46236559139784944
0.46236559139784944
0.46236559139784944
0.46236559139784944
0.946236559139785
0.46236559139784944
0.46236559139784944
0.46236559139784944
0.46236559139784944
0.0
0.0
0.0
0.0
0.0
0.0
0.0
0.0
0.0
0.0
0.0
0.0
0.0
0.0
0.0
0.0
0.0
0.0
0.0
0.0
0.0
0.0
0.0
0.0
0.0
0.0
0.0
0.946236559139785
0.46236559139784944
0.46236559139784944
0.46236559139784944
0.46236559139784944
0.0
0.46236559139784944
0.46236559139784944
0.46236559139784944
0.46236559139784944
