0.9526881720430107
0.43655913978494626
0.43655913978494626
0.43655913978494626
0.43655913978494626
0.43655913978494626
0.9526881720430107
0.43655913978494626
0.43655913978494626
0.43655913978494626
0.43655913978494626
0.9526881720430107
0.43655913978494626
0.43655913978494626
0.43655913978494626
0.43655913978494626
0.43655913978494626
0.9526881720430107
0.6838709677419355
0.6838709677419355
0.6838709677419355
0.6838709677419355
0.9526881720430107
0.43655913978494626
0.43655913978494626
0.43655913978494626
0.43655913978494626
0.9526881720430107
0.43655913978494626
0.43655913978494626
0.43655913978494626
0.43655913978494626
0.9526881720430107
0.9526881720430107
0.9526881720430107
0.9526881720430107
0.9526881720430107
0.9526881720430107
0.9526881720430107
0.43655913978494626
0.43655913978494626
0.43655913978494626
0.43655913978494626
0.43655913978494626
0.9526881720430107
0.9526881720430107
0.9526881720430107
0.9526881720430107
0.9526881720430107
0.9526881720430107
0.9526881720430107
0.43655913978494626
0.43655913978494626
0.43655913978494626
0.43655913978494626
0.43655913978494626
0.9526881720430107
0.9526881720430107
0.9526881720430107
0.9526881720430107
0.9526881720430107
0.9526881720430107
0.9526881720430107
0.43655913978494626
0.43655913978494626
0.43655913978494626
0.43655913978494626
0.43655913978494626
0.9526881720430107
0.43655913978494626
0.43655913978494626
0.43655913978494626
0.43655913978494626
0.43655913978494626
0.9526881720430107
0.43655913978494626
0.43655913978494626
0.43655913978494626
0.43655913978494626
0.43655913978494626
0.9526881720430107
0.43655913978494626
0.43655913978494626
0.43655913978494626
0.43655913978494626
0.9526881720430107
0.43655913978494626
0.43655913978494626
0.43655913978494626
0.43655913978494626
0.43655913978494626
0.9526881720430107
0.43655913978494626
0.43655913978494626
0.43655913978494626
0.43655913978494626
0.9526881720430107
0.9526881720430107
0.9526881720430107
0.9526881720430107
0.9526881720430107
0.9526881720430107
0.43655913978494626
0.43655913978494626
0.43655913978494626
0.43655913978494626
0.0
0.43655913978494626
0.43655913978494626
0.43655913978494626
0.43655913978494626
