0.9236559139784947
0.43655913978494626
0.43655913978494626
0.43655913978494626
0.43655913978494626
0.43655913978494626
0.9236559139784947
0.43655913978494626
0.43655913978494626
0.43655913978494626
0.43655913978494626
0.9236559139784947
0.43655913978494626
0.43655913978494626
0.43655913978494626
0.43655913978494626
0.43655913978494626
0.9236559139784947
0.43655913978494626
0.43655913978494626
0.43655913978494626
0.43655913978494626
0.9236559139784947
0.43655913978494626
0.43655913978494626
0.43655913978494626
0.43655913978494626
0.9236559139784947
0.43655913978494626
0.43655913978494626
0.43655913978494626
0.43655913978494626
0.9236559139784947
0.9236559139784947
0.9236559139784947
0.9236559139784947
0.9236559139784947
0.9236559139784947
0.9236559139784947
0.43655913978494626
0.43655913978494626
0.43655913978494626
0.43655913978494626
0.43655913978494626
0.9236559139784947
0.9236559139784947
0.9236559139784947
0.9236559139784947
0.9236559139784947
0.9236559139784947
0.9236559139784947
0.43655913978494626
0.43655913978494626
0.43655913978494626
0.43655913978494626
0.43655913978494626
0.9236559139784947
0.9236559139784947
0.9236559139784947
0.9236559139784947
0.9236559139784947
0.9236559139784947
0.9236559139784947
0.43655913978494626
0.43655913978494626
0.43655913978494626
0.43655913978494626
0.43655913978494626
0.9236559139784947
0.43655913978494626
0.43655913978494626
0.43655913978494626
0.43655913978494626
0.43655913978494626
0.9236559139784947
0.43655913978494626
0.43655913978494626
0.43655913978494626
0.43655913978494626
0.43655913978494626
0.9236559139784947
0.43655913978494626
0.43655913978494626
0.43655913978494626
0.43655913978494626
0.9236559139784947
0.43655913978494626
0.43655913978494626
0.43655913978494626
0.43655913978494626
0.43655913978494626
0.9236559139784947
0.43655913978494626
0.43655913978494626
0.43655913978494626
0.43655913978494626
0.9236559139784947
0.9236559139784947
0.9236559139784947
0.9236559139784947
0.9236559139784947
0.9236559139784947
0.43655913978494626
0.43655913978494626
0.43655913978494626
0.43655913978494626
0.0
0.43655913978494626
0.43655913978494626
0.43655913978494626
0.43655913978494626
