114.58064516129032
114.58064516129032
114.58064516129032
114.58064516129032
114.58064516129032
0.0
117.0
117.0
117.0
117.0
117.0
0.0
117.0
117.0
117.0
117.0
117.0
0.0
116.41935483870968
116.41935483870968
116.41935483870968
116.41935483870968
116.41935483870968
0.0
117.0
117.0
117.0
117.0
117.0
0.0
117.0
117.0
117.0
117.0
117.0
0.0
117.0
117.0
117.0
117.0
117.0
0.0
117.0
117.0
117.0
117.0
117.0
0.0
117.0
117.0
117.0
117.0
117.0
0.0
117.0
117.0
117.0
117.0
117.0
0.0
0.0
117.0
117.0
117.0
117.0
117.0
0.0
0.0
0.0
117.0
117.0
117.0
117.0
0.0
117.0
117.0
117.0
117.0
117.0
0.0
117.0
117.0
117.0
117.0
117.0
0.0
117.0
117.0
117.0
117.0
117.0
0.0
101.86559139784946
117.0
117.0
117.0
117.0
0.0
101.86559139784946
117.0
117.0
117.0
117.0
0.0
101.86559139784946
117.0
117.0
117.0
117.0
0.0
101.86559139784946
117.0
117.0
117.0
117.0
114.58064516129032
114.58064516129032
114.58064516129032
114.58064516129032
114.58064516129032
114.58064516129032
114.58064516129032
114.58064516129032
114.58064516129032
114.58064516129032
114.58064516129032
114.58064516129032
114.58064516129032
114.58064516129032
114.58064516129032
0.0
101.86559139784946
117.0
117.0
117.0
117.0
0.0
0.0
117.0
117.0
117.0
117.0
0.0
0.0
117.0
117.0
117.0
117.0
0.0
0.0
117.0
117.0
117.0
117.0
0.0
0.0
112.7741935483871
112.7741935483871
112.7741935483871
112.7741935483871
0.0
101.86559139784946
111.13978494623656
111.13978494623656
111.13978494623656
111.13978494623656
0.0
0.0
114.74193548387096
114.74193548387096
114.74193548387096
114.74193548387096
0.0
117.0
117.0
116.2258064516129
91.56774193548387
116.2258064516129
0.0
117.0
117.0
117.0
97.24193548387098
117.0
0.0
0.0
0.0
0.0
117.0
113.20430107526882
113.20430107526882
113.20430107526882
113.20430107526882
0.0
0.0
0.0
0.0
0.0
117.0
113.20430107526882
113.20430107526882
113.20430107526882
113.20430107526882
0.0
117.0
0.0
117.0
0.0
0.0
117.0
0.0
0.0
117.0
113.20430107526882
0.0
117.0
113.20430107526882
0.0
117.0
0.0
0.0
0.0
117.0
113.20430107526882
0.0
101.86559139784946
101.86559139784946
0.0
101.86559139784946
101.86559139784946
0.0
101.86559139784946
101.86559139784946
101.86559139784946
101.86559139784946
101.86559139784946
0.0
0.0
101.86559139784946
101.86559139784946
101.86559139784946
101.86559139784946
101.86559139784946
0.0
101.86559139784946
101.86559139784946
101.86559139784946
101.86559139784946
101.86559139784946
0.0
101.86559139784946
101.86559139784946
101.86559139784946
101.86559139784946
101.86559139784946
0.0
101.86559139784946
101.86559139784946
101.86559139784946
101.86559139784946
101.86559139784946
0.0
0.0
0.0
0.0
101.86559139784946
101.86559139784946
101.86559139784946
101.86559139784946
101.86559139784946
0.0
0.0
0.0
0.0
0.0
0.0
0.0
0.0
0.0
0.0
0.0
0.0
0.0
0.0
0.0
117.0
112.25806451612902
103.50537634408602
117.0
112.12903225806451
0.0
117.0
112.25806451612902
103.50537634408602
117.0
112.12903225806451
0.0
117.0
112.25806451612902
103.50537634408602
117.0
112.12903225806451
0.0
117.0
112.25806451612902
103.50537634408602
117.0
112.12903225806451
0.0
117.0
112.25806451612902
103.50537634408602
0.0
117.0
112.25806451612902
103.50537634408602
117.0
0.0
117.0
112.25806451612902
103.50537634408602
117.0
0.0
117.0
112.25806451612902
103.50537634408602
0.0
117.0
112.25806451612902
103.50537634408602
117.0
112.12903225806451
0.0
0.0
117.0
112.25806451612902
103.50537634408602
0.0
117.0
112.25806451612902
103.50537634408602
117.0
112.12903225806451
0.0
117.0
116.03225806451613
103.50537634408602
117.0
112.12903225806451
0.0
117.0
116.03225806451613
103.50537634408602
117.0
112.12903225806451
0.0
117.0
113.46236559139786
97.24193548387098
117.0
117.0
0.0
117.0
110.6236559139785
105.91397849462366
117.0
108.21505376344086
0.0
117.0
112.12903225806451
112.12903225806451
0.0
117.0
0.0
117.0
117.0
116.6774193548387
116.6774193548387
116.6774193548387
0.0
117.0
116.93548387096774
112.6021505376344
107.24731182795699
117.0
0.0
117.0
117.0
116.6774193548387
116.6774193548387
116.6774193548387
0.0
117.0
117.0
116.6774193548387
116.6774193548387
116.6774193548387
0.0
117.0
117.0
117.0
117.0
117.0
0.0
117.0
117.0
117.0
117.0
117.0
0.0
117.0
112.6021505376344
107.24731182795699
117.0
107.24731182795699
0.0
117.0
116.93548387096774
112.6021505376344
107.24731182795699
117.0
0.0
117.0
116.93548387096774
112.6021505376344
107.24731182795699
117.0
0.0
117.0
117.0
115.12903225806451
110.79569892473118
110.79569892473118
0.0
117.0
117.0
115.12903225806451
110.79569892473118
110.79569892473118
0.0
117.0
117.0
115.12903225806451
110.79569892473118
110.79569892473118
0.0
117.0
117.0
115.12903225806451
110.79569892473118
110.79569892473118
0.0
117.0
117.0
115.12903225806451
110.79569892473118
110.79569892473118
0.0
117.0
117.0
115.12903225806451
110.79569892473118
110.79569892473118
0.0
117.0
117.0
115.12903225806451
110.79569892473118
110.79569892473118
0.0
117.0
117.0
115.12903225806451
110.79569892473118
110.79569892473118
0.0
117.0
117.0
115.12903225806451
110.79569892473118
110.79569892473118
0.0
117.0
117.0
115.12903225806451
110.79569892473118
110.79569892473118
0.0
117.0
117.0
115.12903225806451
110.79569892473118
110.79569892473118
0.0
117.0
117.0
115.12903225806451
110.79569892473118
110.79569892473118
0.0
114.58064516129032
114.58064516129032
107.01075268817205
107.01075268817205
0.0
0.0
0.0
114.58064516129032
114.58064516129032
107.01075268817205
107.01075268817205
0.0
114.58064516129032
114.58064516129032
114.58064516129032
114.58064516129032
0.0
107.44086021505376
117.0
115.41935483870968
107.44086021505376
0.0
114.58064516129032
114.58064516129032
114.58064516129032
114.58064516129032
0.0
114.58064516129032
114.58064516129032
114.58064516129032
114.58064516129032
0.0
114.58064516129032
114.58064516129032
114.58064516129032
114.58064516129032
0.0
114.58064516129032
114.58064516129032
114.58064516129032
114.58064516129032
0.0
114.58064516129032
114.58064516129032
114.58064516129032
114.58064516129032
0.0
114.58064516129032
114.58064516129032
114.58064516129032
114.58064516129032
0.0
114.58064516129032
114.58064516129032
114.58064516129032
114.58064516129032
0.0
114.58064516129032
114.58064516129032
114.58064516129032
114.58064516129032
0.0
114.58064516129032
114.58064516129032
114.58064516129032
114.58064516129032
0.0
114.58064516129032
114.58064516129032
114.58064516129032
114.58064516129032
0.0
114.58064516129032
114.58064516129032
114.58064516129032
114.58064516129032
0.0
0.0
102.64516129032258
0.0
0.0
0.0
114.58064516129032
114.58064516129032
114.58064516129032
114.58064516129032
0.0
