115.58064516129032
112.3010752688172
109.24731182795699
109.24731182795699
109.24731182795699
115.58064516129032
112.3010752688172
109.24731182795699
109.24731182795699
109.24731182795699
109.24731182795699
115.58064516129032
112.3010752688172
109.24731182795699
109.24731182795699
109.24731182795699
109.24731182795699
115.58064516129032
109.50537634408603
109.50537634408603
109.50537634408603
109.50537634408603
109.50537634408603
115.58064516129032
109.50537634408603
109.50537634408603
109.50537634408603
109.50537634408603
109.50537634408603
115.58064516129032
112.3010752688172
109.24731182795699
109.24731182795699
109.24731182795699
109.24731182795699
115.58064516129032
112.3010752688172
109.24731182795699
109.24731182795699
109.24731182795699
109.24731182795699
115.58064516129032
112.3010752688172
109.24731182795699
109.24731182795699
109.24731182795699
109.24731182795699
115.58064516129032
112.3010752688172
109.24731182795699
109.24731182795699
109.24731182795699
109.24731182795699
115.58064516129032
112.3010752688172
109.24731182795699
109.24731182795699
109.24731182795699
109.24731182795699
115.58064516129032
112.3010752688172
115.58064516129032
112.3010752688172
109.24731182795699
109.24731182795699
109.24731182795699
109.24731182795699
115.58064516129032
112.3010752688172
115.58064516129032
112.3010752688172
115.58064516129032
112.3010752688172
109.24731182795699
109.24731182795699
109.24731182795699
109.24731182795699
115.58064516129032
112.3010752688172
109.24731182795699
109.24731182795699
109.24731182795699
109.24731182795699
115.58064516129032
112.3010752688172
109.24731182795699
109.24731182795699
109.24731182795699
109.24731182795699
115.58064516129032
112.3010752688172
109.24731182795699
109.24731182795699
109.24731182795699
109.24731182795699
115.58064516129032
113.3763440860215
113.3763440860215
113.3763440860215
113.3763440860215
113.3763440860215
115.58064516129032
113.3763440860215
113.3763440860215
113.3763440860215
113.3763440860215
113.3763440860215
115.58064516129032
113.3763440860215
113.3763440860215
113.3763440860215
113.3763440860215
113.3763440860215
115.58064516129032
113.3763440860215
113.3763440860215
113.3763440860215
113.3763440860215
113.3763440860215
115.58064516129032
113.3763440860215
113.3763440860215
113.3763440860215
113.3763440860215
115.58064516129032
113.3763440860215
113.3763440860215
109.24731182795699
109.24731182795699
115.58064516129032
113.3763440860215
113.3763440860215
109.24731182795699
109.24731182795699
115.58064516129032
113.3763440860215
113.3763440860215
113.3763440860215
113.3763440860215
113.3763440860215
115.58064516129032
113.3763440860215
113.3763440860215
113.3763440860215
113.3763440860215
113.3763440860215
115.58064516129032
113.3763440860215
113.3763440860215
113.3763440860215
113.3763440860215
113.3763440860215
115.58064516129032
113.3763440860215
113.3763440860215
113.3763440860215
113.3763440860215
113.3763440860215
115.58064516129032
113.3763440860215
113.3763440860215
113.3763440860215
113.3763440860215
113.3763440860215
115.58064516129032
113.3763440860215
113.3763440860215
113.3763440860215
113.3763440860215
113.3763440860215
115.58064516129032
115.58064516129032
115.58064516129032
107.6774193548387
107.6774193548387
107.6774193548387
115.58064516129032
113.3763440860215
113.3763440860215
113.3763440860215
106.0
106.0
115.58064516129032
113.3763440860215
113.3763440860215
113.3763440860215
106.0
117.0
115.58064516129032
113.3763440860215
115.58064516129032
113.3763440860215
115.58064516129032
113.3763440860215
115.58064516129032
112.3010752688172
106.0
106.0
106.0
117.0
115.58064516129032
112.3010752688172
115.58064516129032
112.3010752688172
115.58064516129032
112.3010752688172
115.58064516129032
112.3010752688172
115.58064516129032
112.3010752688172
106.0
106.0
106.0
117.0
115.58064516129032
112.3010752688172
106.0
115.58064516129032
112.3010752688172
106.0
0.0
112.3010752688172
0.0
112.3010752688172
106.0
0.0
112.3010752688172
0.0
112.3010752688172
106.0
106.0
0.0
112.3010752688172
106.0
106.0
0.0
112.3010752688172
106.0
0.0
112.3010752688172
0.0
112.3010752688172
0.0
112.3010752688172
106.0
0.0
112.3010752688172
106.0
117.0
0.0
112.3010752688172
106.0
117.0
0.0
112.3010752688172
106.0
117.0
0.0
112.3010752688172
106.0
117.0
0.0
112.3010752688172
106.0
113.50537634408602
0.0
112.3010752688172
106.0
117.0
0.0
112.3010752688172
112.3010752688172
0.0
112.3010752688172
112.3010752688172
0.0
112.3010752688172
112.3010752688172
112.3010752688172
112.3010752688172
112.3010752688172
0.0
112.3010752688172
0.0
112.3010752688172
112.3010752688172
112.3010752688172
112.3010752688172
112.3010752688172
0.0
91.56774193548387
0.0
91.56774193548387
0.0
91.56774193548387
0.0
91.56774193548387
0.0
91.56774193548387
0.0
91.56774193548387
0.0
91.56774193548387
0.0
101.86559139784946
0.0
106.43010752688173
106.43010752688173
106.43010752688173
106.43010752688173
106.43010752688173
0.0
106.43010752688173
106.43010752688173
106.43010752688173
106.43010752688173
106.43010752688173
0.0
101.86559139784946
0.0
101.86559139784946
0.0
101.86559139784946
0.0
101.86559139784946
0.0
113.3763440860215
113.3763440860215
113.3763440860215
0.0
113.3763440860215
113.3763440860215
113.3763440860215
0.0
106.43010752688173
106.43010752688173
106.43010752688173
106.43010752688173
106.43010752688173
0.0
106.43010752688173
0.0
106.43010752688173
0.0
106.43010752688173
0.0
106.43010752688173
106.43010752688173
106.43010752688173
106.43010752688173
106.43010752688173
0.0
106.43010752688173
0.0
106.43010752688173
0.0
106.43010752688173
0.0
106.43010752688173
0.0
106.43010752688173
0.0
106.43010752688173
0.0
106.43010752688173
0.0
106.43010752688173
0.0
106.43010752688173
0.0
106.43010752688173
0.0
106.43010752688173
0.0
106.43010752688173
0.0
106.43010752688173
0.0
106.43010752688173
0.0
106.43010752688173
106.43010752688173
106.43010752688173
106.43010752688173
106.43010752688173
0.0
106.43010752688173
106.43010752688173
106.43010752688173
106.43010752688173
106.43010752688173
0.0
106.43010752688173
106.43010752688173
106.43010752688173
106.43010752688173
106.43010752688173
0.0
106.43010752688173
106.43010752688173
106.43010752688173
106.43010752688173
106.43010752688173
0.0
106.43010752688173
106.43010752688173
106.43010752688173
106.43010752688173
0.0
106.43010752688173
106.43010752688173
106.43010752688173
106.43010752688173
106.43010752688173
0.0
106.43010752688173
106.43010752688173
106.43010752688173
106.43010752688173
106.43010752688173
0.0
106.43010752688173
106.43010752688173
106.43010752688173
106.43010752688173
0.0
106.43010752688173
106.43010752688173
106.43010752688173
106.43010752688173
106.43010752688173
0.0
106.43010752688173
0.0
106.43010752688173
106.43010752688173
106.43010752688173
106.43010752688173
0.0
106.43010752688173
106.43010752688173
106.43010752688173
106.43010752688173
106.43010752688173
0.0
106.43010752688173
106.43010752688173
106.43010752688173
106.43010752688173
106.43010752688173
0.0
106.43010752688173
106.43010752688173
106.43010752688173
106.43010752688173
106.43010752688173
0.0
106.43010752688173
106.43010752688173
106.43010752688173
106.43010752688173
106.43010752688173
0.0
106.43010752688173
106.43010752688173
106.43010752688173
106.43010752688173
106.43010752688173
0.0
106.43010752688173
106.43010752688173
106.43010752688173
106.43010752688173
106.43010752688173
0.0
106.43010752688173
106.43010752688173
106.43010752688173
106.43010752688173
106.43010752688173
0.0
106.43010752688173
106.43010752688173
106.43010752688173
106.43010752688173
106.43010752688173
0.0
106.43010752688173
106.43010752688173
106.43010752688173
106.43010752688173
106.43010752688173
0.0
106.43010752688173
106.43010752688173
106.43010752688173
106.43010752688173
106.43010752688173
0.0
106.43010752688173
106.43010752688173
106.43010752688173
106.43010752688173
106.43010752688173
0.0
106.43010752688173
106.43010752688173
106.43010752688173
106.43010752688173
106.43010752688173
0.0
106.43010752688173
106.43010752688173
106.43010752688173
106.43010752688173
106.43010752688173
0.0
106.43010752688173
106.43010752688173
106.43010752688173
106.43010752688173
106.43010752688173
0.0
106.43010752688173
106.43010752688173
106.43010752688173
106.43010752688173
106.43010752688173
0.0
106.43010752688173
106.43010752688173
106.43010752688173
106.43010752688173
106.43010752688173
0.0
106.43010752688173
106.43010752688173
106.43010752688173
106.43010752688173
106.43010752688173
0.0
106.43010752688173
106.43010752688173
106.43010752688173
106.43010752688173
106.43010752688173
0.0
106.43010752688173
106.43010752688173
106.43010752688173
106.43010752688173
106.43010752688173
0.0
106.43010752688173
106.43010752688173
106.43010752688173
106.43010752688173
106.43010752688173
0.0
106.43010752688173
106.43010752688173
106.43010752688173
106.43010752688173
106.43010752688173
0.0
106.43010752688173
106.43010752688173
106.43010752688173
106.43010752688173
106.43010752688173
0.0
106.43010752688173
106.43010752688173
106.43010752688173
106.43010752688173
106.43010752688173
0.0
106.43010752688173
106.43010752688173
106.43010752688173
106.43010752688173
106.43010752688173
0.0
106.43010752688173
106.43010752688173
106.43010752688173
106.43010752688173
106.43010752688173
0.0
106.43010752688173
106.43010752688173
106.43010752688173
106.43010752688173
106.43010752688173
0.0
106.43010752688173
106.43010752688173
106.43010752688173
106.43010752688173
106.43010752688173
0.0
106.43010752688173
106.43010752688173
106.43010752688173
106.43010752688173
0.0
106.43010752688173
0.0
106.43010752688173
106.43010752688173
106.43010752688173
106.43010752688173
0.0
106.43010752688173
106.43010752688173
106.43010752688173
106.43010752688173
0.0
112.3010752688172
109.24731182795699
101.59677419354838
101.59677419354838
0.0
115.58064516129032
115.58064516129032
115.58064516129032
115.58064516129032
0.0
115.58064516129032
115.58064516129032
115.58064516129032
115.58064516129032
0.0
115.58064516129032
115.58064516129032
115.58064516129032
115.58064516129032
0.0
115.58064516129032
115.58064516129032
115.58064516129032
115.58064516129032
0.0
115.58064516129032
115.58064516129032
115.58064516129032
115.58064516129032
0.0
115.58064516129032
115.58064516129032
115.58064516129032
115.58064516129032
0.0
115.58064516129032
115.58064516129032
115.58064516129032
115.58064516129032
0.0
115.58064516129032
115.58064516129032
115.58064516129032
115.58064516129032
0.0
115.58064516129032
115.58064516129032
115.58064516129032
115.58064516129032
0.0
115.58064516129032
115.58064516129032
115.58064516129032
115.58064516129032
0.0
115.58064516129032
115.58064516129032
115.58064516129032
115.58064516129032
0.0
0.0
107.6774193548387
0.0
0.0
0.0
0.0
0.0
0.0
0.0
0.0
115.58064516129032
0.0
115.58064516129032
115.58064516129032
115.58064516129032
115.58064516129032
103.50537634408602
0.0
107.6774193548387
