115.58064516129032
109.50537634408603
109.50537634408603
109.50537634408603
109.50537634408603
115.58064516129032
109.50537634408603
109.50537634408603
109.50537634408603
109.50537634408603
109.50537634408603
115.58064516129032
109.50537634408603
109.50537634408603
109.50537634408603
109.50537634408603
109.50537634408603
115.58064516129032
109.50537634408603
109.50537634408603
109.50537634408603
109.50537634408603
109.50537634408603
115.58064516129032
109.50537634408603
109.50537634408603
109.50537634408603
109.50537634408603
109.50537634408603
115.58064516129032
109.50537634408603
109.50537634408603
109.50537634408603
109.50537634408603
109.50537634408603
115.58064516129032
109.50537634408603
109.50537634408603
109.50537634408603
109.50537634408603
109.50537634408603
115.58064516129032
109.50537634408603
109.50537634408603
109.50537634408603
109.50537634408603
109.50537634408603
115.58064516129032
112.3010752688172
109.24731182795699
109.24731182795699
109.24731182795699
109.24731182795699
115.58064516129032
112.3010752688172
109.24731182795699
109.24731182795699
109.24731182795699
109.24731182795699
115.58064516129032
109.50537634408603
115.58064516129032
109.50537634408603
109.50537634408603
109.50537634408603
109.50537634408603
109.50537634408603
115.58064516129032
109.50537634408603
115.58064516129032
109.50537634408603
115.58064516129032
109.50537634408603
109.50537634408603
109.50537634408603
109.50537634408603
109.50537634408603
115.58064516129032
109.50537634408603
109.50537634408603
109.50537634408603
109.50537634408603
109.50537634408603
115.58064516129032
109.50537634408603
109.50537634408603
109.50537634408603
109.50537634408603
109.50537634408603
115.58064516129032
109.50537634408603
109.50537634408603
109.50537634408603
109.50537634408603
109.50537634408603
115.58064516129032
109.50537634408603
109.50537634408603
109.50537634408603
109.50537634408603
109.50537634408603
115.58064516129032
109.50537634408603
109.50537634408603
109.50537634408603
109.50537634408603
109.50537634408603
115.58064516129032
109.50537634408603
109.50537634408603
109.50537634408603
109.50537634408603
109.50537634408603
115.58064516129032
109.50537634408603
109.50537634408603
109.50537634408603
109.50537634408603
109.50537634408603
115.58064516129032
109.50537634408603
109.50537634408603
109.50537634408603
109.50537634408603
115.58064516129032
109.50537634408603
109.50537634408603
109.50537634408603
109.50537634408603
115.58064516129032
109.50537634408603
109.50537634408603
109.50537634408603
109.50537634408603
115.58064516129032
109.50537634408603
109.50537634408603
109.50537634408603
109.50537634408603
109.50537634408603
115.58064516129032
109.50537634408603
109.50537634408603
109.50537634408603
109.50537634408603
109.50537634408603
115.58064516129032
109.50537634408603
109.50537634408603
109.50537634408603
109.50537634408603
109.50537634408603
115.58064516129032
113.3763440860215
113.3763440860215
113.3763440860215
113.3763440860215
113.3763440860215
115.58064516129032
113.3763440860215
113.3763440860215
113.3763440860215
113.3763440860215
113.3763440860215
115.58064516129032
109.50537634408603
109.50537634408603
109.50537634408603
109.50537634408603
109.50537634408603
115.58064516129032
115.58064516129032
115.58064516129032
107.6774193548387
107.6774193548387
107.6774193548387
115.58064516129032
109.50537634408603
109.50537634408603
107.0752688172043
107.0752688172043
107.0752688172043
115.58064516129032
109.50537634408603
109.50537634408603
107.0752688172043
117.0
112.3010752688172
115.58064516129032
109.50537634408603
115.58064516129032
109.50537634408603
115.58064516129032
109.50537634408603
115.58064516129032
109.50537634408603
101.75806451612902
117.0
110.36559139784947
106.43010752688173
115.58064516129032
109.50537634408603
115.58064516129032
109.50537634408603
115.58064516129032
109.50537634408603
115.58064516129032
109.50537634408603
115.58064516129032
109.50537634408603
101.75806451612902
117.0
110.36559139784947
106.43010752688173
115.58064516129032
109.50537634408603
101.75806451612902
115.58064516129032
109.50537634408603
101.75806451612902
0.0
109.50537634408603
0.0
109.50537634408603
101.75806451612902
0.0
109.50537634408603
0.0
109.50537634408603
101.75806451612902
117.0
0.0
109.50537634408603
101.75806451612902
117.0
0.0
109.50537634408603
101.75806451612902
0.0
109.50537634408603
0.0
109.50537634408603
0.0
109.50537634408603
101.75806451612902
0.0
109.50537634408603
109.50537634408603
0.0
109.50537634408603
109.50537634408603
0.0
109.50537634408603
109.50537634408603
109.50537634408603
109.50537634408603
109.50537634408603
0.0
109.50537634408603
0.0
109.50537634408603
109.50537634408603
109.50537634408603
109.50537634408603
109.50537634408603
0.0
106.43010752688173
106.43010752688173
106.43010752688173
106.43010752688173
106.43010752688173
0.0
106.43010752688173
106.43010752688173
106.43010752688173
106.43010752688173
106.43010752688173
0.0
106.43010752688173
106.43010752688173
106.43010752688173
106.43010752688173
106.43010752688173
0.0
106.43010752688173
0.0
106.43010752688173
0.0
106.43010752688173
0.0
106.43010752688173
106.43010752688173
106.43010752688173
106.43010752688173
106.43010752688173
0.0
106.43010752688173
0.0
106.43010752688173
0.0
106.43010752688173
0.0
106.43010752688173
0.0
106.43010752688173
0.0
106.43010752688173
0.0
106.43010752688173
0.0
106.43010752688173
0.0
106.43010752688173
0.0
106.43010752688173
0.0
106.43010752688173
0.0
106.43010752688173
0.0
106.43010752688173
0.0
106.43010752688173
0.0
106.43010752688173
114.03225806451613
106.64516129032258
117.0
106.64516129032258
0.0
106.43010752688173
114.03225806451613
106.64516129032258
117.0
106.64516129032258
0.0
106.43010752688173
114.03225806451613
106.64516129032258
117.0
106.64516129032258
0.0
106.43010752688173
114.03225806451613
106.64516129032258
117.0
106.64516129032258
0.0
106.43010752688173
114.03225806451613
106.64516129032258
117.0
0.0
106.43010752688173
114.03225806451613
106.64516129032258
117.0
106.64516129032258
0.0
106.43010752688173
114.03225806451613
106.64516129032258
117.0
106.64516129032258
0.0
106.43010752688173
114.03225806451613
106.64516129032258
117.0
0.0
106.43010752688173
114.03225806451613
106.64516129032258
117.0
106.64516129032258
0.0
106.43010752688173
0.0
106.43010752688173
114.03225806451613
106.64516129032258
117.0
0.0
106.43010752688173
114.03225806451613
106.64516129032258
117.0
106.64516129032258
0.0
106.43010752688173
114.03225806451613
106.64516129032258
117.0
106.64516129032258
0.0
106.43010752688173
112.73118279569893
104.70967741935483
117.0
104.70967741935483
0.0
106.43010752688173
114.03225806451613
106.64516129032258
117.0
106.64516129032258
0.0
106.43010752688173
114.03225806451613
106.64516129032258
117.0
106.64516129032258
0.0
106.43010752688173
114.03225806451613
106.64516129032258
117.0
106.64516129032258
0.0
106.43010752688173
112.73118279569893
104.70967741935483
117.0
104.70967741935483
0.0
106.43010752688173
114.03225806451613
106.64516129032258
117.0
106.64516129032258
0.0
106.43010752688173
112.98924731182795
105.22580645161291
117.0
105.22580645161291
0.0
106.43010752688173
112.73118279569893
104.70967741935483
117.0
104.70967741935483
0.0
106.43010752688173
112.73118279569893
104.70967741935483
117.0
104.70967741935483
0.0
106.43010752688173
112.73118279569893
104.70967741935483
117.0
104.70967741935483
0.0
106.43010752688173
112.73118279569893
104.70967741935483
117.0
104.70967741935483
0.0
106.43010752688173
106.43010752688173
106.43010752688173
106.43010752688173
106.43010752688173
0.0
106.43010752688173
106.43010752688173
106.43010752688173
106.43010752688173
106.43010752688173
0.0
106.43010752688173
106.43010752688173
106.43010752688173
106.43010752688173
106.43010752688173
0.0
106.43010752688173
106.43010752688173
106.43010752688173
106.43010752688173
106.43010752688173
0.0
106.43010752688173
106.43010752688173
106.43010752688173
106.43010752688173
106.43010752688173
0.0
106.43010752688173
106.43010752688173
106.43010752688173
106.43010752688173
106.43010752688173
0.0
106.43010752688173
106.43010752688173
106.43010752688173
106.43010752688173
106.43010752688173
0.0
106.43010752688173
106.43010752688173
106.43010752688173
106.43010752688173
106.43010752688173
0.0
106.43010752688173
106.43010752688173
106.43010752688173
106.43010752688173
106.43010752688173
0.0
106.43010752688173
106.43010752688173
106.43010752688173
106.43010752688173
106.43010752688173
0.0
106.43010752688173
106.43010752688173
106.43010752688173
106.43010752688173
106.43010752688173
0.0
106.43010752688173
106.43010752688173
106.43010752688173
106.43010752688173
106.43010752688173
0.0
106.43010752688173
106.43010752688173
106.43010752688173
106.43010752688173
106.43010752688173
0.0
106.43010752688173
106.43010752688173
106.43010752688173
106.43010752688173
106.43010752688173
0.0
106.43010752688173
106.43010752688173
106.43010752688173
106.43010752688173
0.0
91.56774193548387
0.0
106.43010752688173
106.43010752688173
106.43010752688173
106.43010752688173
0.0
106.43010752688173
106.43010752688173
106.43010752688173
106.43010752688173
0.0
112.3010752688172
109.24731182795699
101.59677419354838
101.59677419354838
0.0
115.58064516129032
115.58064516129032
115.58064516129032
115.58064516129032
0.0
115.58064516129032
115.58064516129032
115.58064516129032
115.58064516129032
0.0
115.58064516129032
115.58064516129032
115.58064516129032
115.58064516129032
0.0
115.58064516129032
115.58064516129032
115.58064516129032
115.58064516129032
0.0
115.58064516129032
115.58064516129032
115.58064516129032
115.58064516129032
0.0
115.58064516129032
115.58064516129032
115.58064516129032
115.58064516129032
0.0
115.58064516129032
115.58064516129032
115.58064516129032
115.58064516129032
0.0
115.58064516129032
115.58064516129032
115.58064516129032
115.58064516129032
0.0
115.58064516129032
115.58064516129032
115.58064516129032
115.58064516129032
0.0
115.58064516129032
115.58064516129032
115.58064516129032
115.58064516129032
0.0
115.58064516129032
115.58064516129032
115.58064516129032
115.58064516129032
0.0
0.0
107.6774193548387
0.0
0.0
0.0
0.0
0.0
0.0
0.0
0.0
115.58064516129032
0.0
115.58064516129032
115.58064516129032
115.58064516129032
115.58064516129032
0.0
0.0
107.6774193548387
