116.3225806451613
108.34408602150538
108.34408602150538
108.34408602150538
108.34408602150538
0.0
116.41935483870968
116.41935483870968
116.41935483870968
116.41935483870968
116.41935483870968
0.0
117.0
117.0
117.0
117.0
117.0
0.0
0.0
117.0
117.0
117.0
117.0
0.0
0.0
117.0
117.0
117.0
117.0
0.0
116.41935483870968
116.41935483870968
116.41935483870968
116.41935483870968
116.41935483870968
0.0
116.41935483870968
116.41935483870968
116.41935483870968
116.41935483870968
116.41935483870968
0.0
116.41935483870968
116.41935483870968
116.41935483870968
116.41935483870968
116.41935483870968
0.0
0.0
115.38709677419355
115.38709677419355
115.38709677419355
115.38709677419355
0.0
0.0
0.0
0.0
0.0
0.0
0.0
0.0
116.41935483870968
116.41935483870968
116.41935483870968
116.41935483870968
116.41935483870968
0.0
0.0
0.0
116.41935483870968
116.41935483870968
116.41935483870968
116.41935483870968
0.0
116.41935483870968
116.41935483870968
116.41935483870968
116.41935483870968
116.41935483870968
0.0
116.41935483870968
116.41935483870968
116.41935483870968
116.41935483870968
116.41935483870968
0.0
116.41935483870968
116.41935483870968
116.41935483870968
116.41935483870968
116.41935483870968
0.0
0.0
0.0
0.0
0.0
0.0
0.0
0.0
0.0
0.0
0.0
0.0
0.0
0.0
0.0
0.0
0.0
0.0
0.0
0.0
0.0
0.0
0.0
0.0
116.3225806451613
112.79569892473118
110.23655913978494
110.23655913978494
110.23655913978494
116.3225806451613
112.79569892473118
110.23655913978494
110.23655913978494
110.23655913978494
116.3225806451613
112.79569892473118
110.23655913978494
110.23655913978494
110.23655913978494
0.0
0.0
0.0
0.0
0.0
0.0
0.0
0.0
0.0
0.0
0.0
0.0
0.0
0.0
0.0
0.0
0.0
0.0
0.0
0.0
0.0
0.0
0.0
0.0
0.0
0.0
0.0
0.0
0.0
0.0
0.0
0.0
0.0
0.0
0.0
0.0
0.0
0.0
103.50537634408602
117.0
103.50537634408602
117.0
0.0
0.0
117.0
117.0
110.79569892473118
110.79569892473118
0.0
0.0
117.0
112.12903225806451
112.12903225806451
112.12903225806451
0.0
0.0
0.0
0.0
117.0
103.50537634408602
117.0
113.46236559139786
108.21505376344086
0.0
0.0
0.0
0.0
0.0
117.0
103.50537634408602
117.0
113.46236559139786
108.21505376344086
0.0
117.0
0.0
117.0
0.0
0.0
117.0
0.0
0.0
117.0
103.50537634408602
0.0
117.0
103.50537634408602
0.0
117.0
0.0
0.0
0.0
117.0
103.50537634408602
0.0
100.25268817204301
100.25268817204301
0.0
100.25268817204301
100.25268817204301
0.0
100.25268817204301
100.25268817204301
100.25268817204301
100.25268817204301
100.25268817204301
0.0
0.0
100.25268817204301
100.25268817204301
100.25268817204301
100.25268817204301
100.25268817204301
0.0
100.25268817204301
100.25268817204301
100.25268817204301
100.25268817204301
100.25268817204301
0.0
100.25268817204301
100.25268817204301
100.25268817204301
100.25268817204301
100.25268817204301
0.0
100.25268817204301
100.25268817204301
100.25268817204301
100.25268817204301
100.25268817204301
0.0
0.0
0.0
0.0
100.25268817204301
100.25268817204301
100.25268817204301
100.25268817204301
100.25268817204301
0.0
0.0
0.0
0.0
0.0
0.0
0.0
0.0
0.0
0.0
0.0
0.0
0.0
0.0
0.0
117.0
100.5752688172043
117.0
113.46236559139786
100.5752688172043
0.0
117.0
100.5752688172043
117.0
113.46236559139786
100.5752688172043
0.0
117.0
100.5752688172043
117.0
113.46236559139786
100.5752688172043
0.0
117.0
100.5752688172043
117.0
113.46236559139786
100.5752688172043
0.0
117.0
100.5752688172043
117.0
0.0
117.0
100.5752688172043
117.0
113.46236559139786
0.0
117.0
100.5752688172043
117.0
113.46236559139786
0.0
117.0
100.5752688172043
117.0
0.0
117.0
100.5752688172043
117.0
113.46236559139786
100.5752688172043
0.0
0.0
117.0
100.5752688172043
117.0
0.0
117.0
100.5752688172043
117.0
113.46236559139786
100.5752688172043
0.0
117.0
112.12903225806451
0.0
112.12903225806451
0.0
0.0
117.0
103.50537634408602
117.0
108.21505376344086
108.21505376344086
0.0
117.0
112.6021505376344
107.24731182795699
117.0
114.74193548387096
0.0
117.0
112.6021505376344
107.24731182795699
117.0
117.0
0.0
117.0
116.93548387096774
112.6021505376344
107.24731182795699
117.0
0.0
117.0
112.12903225806451
112.12903225806451
112.12903225806451
112.12903225806451
0.0
117.0
117.0
116.2258064516129
91.56774193548387
117.0
0.0
117.0
112.6021505376344
107.24731182795699
117.0
107.24731182795699
0.0
117.0
112.6021505376344
107.24731182795699
117.0
107.24731182795699
0.0
117.0
117.0
117.0
117.0
117.0
0.0
117.0
117.0
117.0
117.0
117.0
0.0
117.0
112.6021505376344
107.24731182795699
117.0
107.24731182795699
0.0
117.0
117.0
117.0
117.0
110.79569892473118
0.0
117.0
117.0
117.0
117.0
117.0
0.0
117.0
117.0
117.0
117.0
117.0
0.0
117.0
117.0
117.0
117.0
117.0
0.0
117.0
117.0
117.0
117.0
117.0
0.0
117.0
117.0
117.0
117.0
117.0
0.0
117.0
117.0
117.0
117.0
117.0
0.0
117.0
117.0
117.0
117.0
117.0
0.0
117.0
117.0
117.0
117.0
117.0
0.0
117.0
117.0
117.0
117.0
117.0
0.0
117.0
117.0
117.0
117.0
117.0
0.0
117.0
117.0
117.0
117.0
117.0
0.0
117.0
117.0
117.0
117.0
117.0
0.0
117.0
117.0
117.0
117.0
117.0
0.0
107.44086021505376
107.44086021505376
107.44086021505376
107.44086021505376
0.0
0.0
0.0
107.44086021505376
107.44086021505376
107.44086021505376
107.44086021505376
0.0
107.44086021505376
107.44086021505376
107.44086021505376
107.44086021505376
0.0
112.79569892473118
110.23655913978494
107.44086021505376
107.44086021505376
0.0
116.3225806451613
116.3225806451613
116.3225806451613
116.3225806451613
0.0
116.3225806451613
116.3225806451613
116.3225806451613
116.3225806451613
0.0
116.3225806451613
116.3225806451613
116.3225806451613
116.3225806451613
0.0
116.3225806451613
116.3225806451613
116.3225806451613
116.3225806451613
0.0
116.3225806451613
116.3225806451613
116.3225806451613
116.3225806451613
0.0
116.3225806451613
116.3225806451613
116.3225806451613
116.3225806451613
0.0
116.3225806451613
116.3225806451613
116.3225806451613
116.3225806451613
0.0
116.3225806451613
116.3225806451613
116.3225806451613
116.3225806451613
0.0
116.3225806451613
116.3225806451613
116.3225806451613
116.3225806451613
0.0
116.3225806451613
116.3225806451613
116.3225806451613
116.3225806451613
0.0
116.3225806451613
116.3225806451613
116.3225806451613
116.3225806451613
0.0
0.0
0.0
0.0
0.0
116.3225806451613
116.3225806451613
116.3225806451613
116.3225806451613
0.0
