115.48387096774194
109.3763440860215
109.3763440860215
109.3763440860215
109.3763440860215
115.48387096774194
109.3763440860215
109.3763440860215
109.3763440860215
109.3763440860215
109.3763440860215
115.48387096774194
109.3763440860215
109.3763440860215
109.3763440860215
109.3763440860215
109.3763440860215
115.48387096774194
113.31182795698925
113.31182795698925
113.31182795698925
113.31182795698925
113.31182795698925
115.48387096774194
113.31182795698925
113.31182795698925
113.31182795698925
113.31182795698925
113.31182795698925
115.48387096774194
109.3763440860215
109.3763440860215
109.3763440860215
109.3763440860215
109.3763440860215
115.48387096774194
109.3763440860215
109.3763440860215
109.3763440860215
109.3763440860215
109.3763440860215
115.48387096774194
109.3763440860215
109.3763440860215
109.3763440860215
109.3763440860215
109.3763440860215
115.48387096774194
109.3763440860215
109.3763440860215
109.3763440860215
109.3763440860215
109.3763440860215
115.48387096774194
113.31182795698925
113.31182795698925
113.31182795698925
113.31182795698925
113.31182795698925
115.48387096774194
109.3763440860215
115.48387096774194
109.3763440860215
109.3763440860215
109.3763440860215
109.3763440860215
109.3763440860215
115.48387096774194
109.3763440860215
115.48387096774194
109.3763440860215
115.48387096774194
109.3763440860215
109.3763440860215
109.3763440860215
109.3763440860215
109.3763440860215
115.48387096774194
109.3763440860215
109.3763440860215
109.3763440860215
109.3763440860215
109.3763440860215
115.48387096774194
109.3763440860215
109.3763440860215
109.3763440860215
109.3763440860215
109.3763440860215
115.48387096774194
109.3763440860215
109.3763440860215
109.3763440860215
109.3763440860215
109.3763440860215
115.48387096774194
113.31182795698925
113.31182795698925
113.31182795698925
113.31182795698925
113.31182795698925
115.48387096774194
113.31182795698925
113.31182795698925
113.31182795698925
113.31182795698925
113.31182795698925
115.48387096774194
113.31182795698925
113.31182795698925
113.31182795698925
113.31182795698925
113.31182795698925
115.48387096774194
113.31182795698925
113.31182795698925
113.31182795698925
113.31182795698925
113.31182795698925
115.48387096774194
113.31182795698925
113.31182795698925
113.31182795698925
113.31182795698925
115.48387096774194
113.31182795698925
113.31182795698925
113.31182795698925
113.31182795698925
115.48387096774194
113.31182795698925
113.31182795698925
113.31182795698925
113.31182795698925
115.48387096774194
113.31182795698925
113.31182795698925
113.31182795698925
113.31182795698925
113.31182795698925
115.48387096774194
113.31182795698925
113.31182795698925
113.31182795698925
113.31182795698925
113.31182795698925
115.48387096774194
113.31182795698925
113.31182795698925
113.31182795698925
113.31182795698925
113.31182795698925
115.48387096774194
113.31182795698925
113.31182795698925
113.31182795698925
113.31182795698925
113.31182795698925
115.48387096774194
113.31182795698925
113.31182795698925
113.31182795698925
113.31182795698925
113.31182795698925
115.48387096774194
113.31182795698925
113.31182795698925
113.31182795698925
113.31182795698925
113.31182795698925
115.48387096774194
115.48387096774194
115.48387096774194
115.48387096774194
103.84946236559139
103.84946236559139
115.48387096774194
113.31182795698925
113.31182795698925
113.31182795698925
101.05913978494624
113.84946236559139
115.48387096774194
115.48387096774194
115.48387096774194
115.48387096774194
103.84946236559139
103.84946236559139
115.48387096774194
115.48387096774194
115.48387096774194
115.48387096774194
115.48387096774194
115.48387096774194
115.48387096774194
103.84946236559139
103.84946236559139
103.84946236559139
103.84946236559139
103.84946236559139
115.48387096774194
103.84946236559139
115.48387096774194
103.84946236559139
115.48387096774194
103.84946236559139
115.48387096774194
103.84946236559139
115.48387096774194
103.84946236559139
103.84946236559139
103.84946236559139
103.84946236559139
103.84946236559139
115.48387096774194
103.84946236559139
103.84946236559139
115.48387096774194
103.84946236559139
103.84946236559139
0.0
103.84946236559139
0.0
103.84946236559139
103.84946236559139
0.0
103.84946236559139
0.0
103.84946236559139
103.84946236559139
103.84946236559139
0.0
103.84946236559139
103.84946236559139
103.84946236559139
0.0
103.84946236559139
103.84946236559139
0.0
103.84946236559139
0.0
103.84946236559139
0.0
103.84946236559139
103.84946236559139
0.0
0.0
114.74193548387096
101.86559139784946
0.0
0.0
114.74193548387096
101.86559139784946
0.0
0.0
114.74193548387096
101.86559139784946
0.0
0.0
114.74193548387096
101.86559139784946
0.0
95.15913978494623
112.25806451612902
95.15913978494623
0.0
0.0
114.74193548387096
101.86559139784946
0.0
103.84946236559139
103.84946236559139
0.0
103.84946236559139
103.84946236559139
0.0
103.84946236559139
103.84946236559139
103.84946236559139
103.84946236559139
103.84946236559139
0.0
103.84946236559139
0.0
103.84946236559139
103.84946236559139
103.84946236559139
103.84946236559139
103.84946236559139
0.0
112.12903225806451
0.0
112.12903225806451
0.0
112.12903225806451
0.0
112.12903225806451
0.0
112.12903225806451
0.0
112.12903225806451
0.0
112.12903225806451
0.0
0.0
0.0
103.84946236559139
103.84946236559139
103.84946236559139
103.84946236559139
103.84946236559139
0.0
103.84946236559139
103.84946236559139
103.84946236559139
103.84946236559139
103.84946236559139
0.0
0.0
0.0
0.0
0.0
0.0
0.0
0.0
0.0
112.12903225806451
112.12903225806451
112.12903225806451
0.0
112.12903225806451
112.12903225806451
112.12903225806451
0.0
103.84946236559139
103.84946236559139
103.84946236559139
103.84946236559139
103.84946236559139
0.0
103.84946236559139
0.0
103.84946236559139
0.0
103.84946236559139
0.0
103.84946236559139
103.84946236559139
103.84946236559139
103.84946236559139
103.84946236559139
0.0
103.84946236559139
0.0
103.84946236559139
0.0
103.84946236559139
0.0
103.84946236559139
0.0
103.84946236559139
0.0
103.84946236559139
0.0
103.84946236559139
0.0
103.84946236559139
0.0
103.84946236559139
0.0
103.84946236559139
0.0
103.84946236559139
0.0
103.84946236559139
0.0
103.84946236559139
0.0
103.84946236559139
0.0
103.84946236559139
112.43010752688173
106.12903225806451
117.0
106.12903225806451
0.0
103.84946236559139
112.43010752688173
106.12903225806451
117.0
106.12903225806451
0.0
103.84946236559139
112.43010752688173
106.12903225806451
117.0
106.12903225806451
0.0
103.84946236559139
112.43010752688173
106.12903225806451
117.0
106.12903225806451
0.0
103.84946236559139
112.43010752688173
106.12903225806451
117.0
0.0
103.84946236559139
112.43010752688173
106.12903225806451
117.0
106.12903225806451
0.0
103.84946236559139
112.43010752688173
106.12903225806451
117.0
106.12903225806451
0.0
103.84946236559139
112.43010752688173
106.12903225806451
117.0
0.0
103.84946236559139
112.43010752688173
106.12903225806451
117.0
106.12903225806451
0.0
103.84946236559139
0.0
103.84946236559139
112.43010752688173
106.12903225806451
117.0
0.0
103.84946236559139
112.43010752688173
106.12903225806451
117.0
106.12903225806451
0.0
107.01075268817205
107.01075268817205
107.01075268817205
107.01075268817205
107.01075268817205
0.0
107.01075268817205
107.01075268817205
107.01075268817205
107.01075268817205
107.01075268817205
0.0
107.01075268817205
107.01075268817205
107.01075268817205
107.01075268817205
107.01075268817205
0.0
107.01075268817205
107.01075268817205
107.01075268817205
107.01075268817205
107.01075268817205
0.0
107.01075268817205
107.01075268817205
107.01075268817205
107.01075268817205
107.01075268817205
0.0
107.01075268817205
107.01075268817205
107.01075268817205
107.01075268817205
107.01075268817205
0.0
115.48387096774194
107.01075268817205
107.01075268817205
107.01075268817205
107.01075268817205
0.0
115.48387096774194
107.01075268817205
107.01075268817205
107.01075268817205
107.01075268817205
0.0
115.48387096774194
107.01075268817205
107.01075268817205
107.01075268817205
107.01075268817205
0.0
115.48387096774194
107.01075268817205
107.01075268817205
107.01075268817205
107.01075268817205
0.0
115.48387096774194
107.01075268817205
107.01075268817205
107.01075268817205
107.01075268817205
0.0
115.48387096774194
107.01075268817205
107.01075268817205
107.01075268817205
107.01075268817205
0.0
115.48387096774194
107.01075268817205
107.01075268817205
107.01075268817205
107.01075268817205
0.0
115.48387096774194
107.01075268817205
107.01075268817205
107.01075268817205
107.01075268817205
0.0
115.48387096774194
107.01075268817205
107.01075268817205
107.01075268817205
107.01075268817205
0.0
115.48387096774194
107.01075268817205
107.01075268817205
107.01075268817205
107.01075268817205
0.0
115.48387096774194
107.01075268817205
107.01075268817205
107.01075268817205
107.01075268817205
0.0
115.48387096774194
107.01075268817205
107.01075268817205
107.01075268817205
107.01075268817205
0.0
115.48387096774194
107.01075268817205
107.01075268817205
107.01075268817205
107.01075268817205
0.0
115.48387096774194
107.01075268817205
107.01075268817205
107.01075268817205
107.01075268817205
0.0
115.48387096774194
107.01075268817205
107.01075268817205
107.01075268817205
107.01075268817205
0.0
115.48387096774194
107.01075268817205
107.01075268817205
107.01075268817205
107.01075268817205
0.0
115.48387096774194
107.01075268817205
107.01075268817205
107.01075268817205
107.01075268817205
0.0
115.48387096774194
107.01075268817205
107.01075268817205
107.01075268817205
107.01075268817205
0.0
115.48387096774194
107.01075268817205
107.01075268817205
107.01075268817205
107.01075268817205
0.0
115.48387096774194
107.01075268817205
107.01075268817205
107.01075268817205
107.01075268817205
0.0
115.48387096774194
115.48387096774194
115.48387096774194
106.36559139784946
0.0
115.48387096774194
0.0
115.48387096774194
115.48387096774194
107.01075268817205
107.01075268817205
0.0
115.48387096774194
115.48387096774194
115.48387096774194
115.48387096774194
0.0
113.31182795698925
106.36559139784946
117.0
117.0
0.0
115.48387096774194
115.48387096774194
115.48387096774194
115.48387096774194
0.0
115.48387096774194
115.48387096774194
115.48387096774194
115.48387096774194
0.0
115.48387096774194
115.48387096774194
115.48387096774194
115.48387096774194
0.0
115.48387096774194
115.48387096774194
115.48387096774194
115.48387096774194
0.0
115.48387096774194
115.48387096774194
115.48387096774194
115.48387096774194
0.0
115.48387096774194
115.48387096774194
115.48387096774194
115.48387096774194
0.0
115.48387096774194
115.48387096774194
115.48387096774194
115.48387096774194
0.0
115.48387096774194
115.48387096774194
115.48387096774194
115.48387096774194
0.0
115.48387096774194
115.48387096774194
115.48387096774194
115.48387096774194
0.0
115.48387096774194
115.48387096774194
115.48387096774194
115.48387096774194
0.0
115.48387096774194
115.48387096774194
115.48387096774194
115.48387096774194
0.0
0.0
103.84946236559139
0.0
0.0
0.0
0.0
0.0
0.0
0.0
0.0
115.48387096774194
0.0
115.48387096774194
115.48387096774194
115.48387096774194
115.48387096774194
0.0
0.0
103.84946236559139
