115.48387096774194
109.3763440860215
109.3763440860215
109.3763440860215
109.3763440860215
0.0
0.0
0.0
0.0
0.0
0.0
0.0
0.0
0.0
0.0
0.0
0.0
0.0
0.0
0.0
0.0
0.0
0.0
0.0
0.0
0.0
0.0
0.0
0.0
0.0
0.0
0.0
0.0
0.0
0.0
0.0
0.0
0.0
0.0
0.0
0.0
0.0
0.0
0.0
0.0
0.0
0.0
0.0
0.0
0.0
0.0
0.0
0.0
0.0
0.0
0.0
0.0
0.0
0.0
0.0
0.0
0.0
0.0
0.0
0.0
0.0
0.0
0.0
0.0
0.0
0.0
0.0
0.0
0.0
0.0
0.0
0.0
0.0
0.0
0.0
0.0
0.0
0.0
0.0
0.0
0.0
0.0
0.0
0.0
0.0
0.0
0.0
0.0
0.0
0.0
0.0
0.0
0.0
0.0
0.0
0.0
0.0
0.0
0.0
0.0
0.0
0.0
0.0
0.0
0.0
0.0
0.0
0.0
0.0
0.0
0.0
117.0
117.0
117.0
117.0
115.48387096774194
113.31182795698925
113.31182795698925
113.31182795698925
113.31182795698925
115.48387096774194
113.31182795698925
113.31182795698925
113.31182795698925
113.31182795698925
0.0
0.0
0.0
0.0
0.0
0.0
0.0
0.0
0.0
0.0
0.0
0.0
0.0
0.0
0.0
0.0
0.0
0.0
0.0
0.0
0.0
0.0
0.0
0.0
0.0
0.0
0.0
0.0
0.0
0.0
0.0
0.0
0.0
0.0
0.0
0.0
0.0
0.0
0.0
0.0
0.0
117.0
0.0
0.0
0.0
0.0
117.0
103.50537634408602
0.0
0.0
0.0
0.0
117.0
112.12903225806451
0.0
0.0
0.0
0.0
0.0
117.0
116.03225806451613
100.25268817204301
117.0
0.0
0.0
0.0
0.0
0.0
0.0
117.0
116.03225806451613
100.25268817204301
117.0
0.0
0.0
0.0
0.0
0.0
0.0
0.0
0.0
0.0
0.0
117.0
0.0
0.0
117.0
0.0
0.0
0.0
0.0
0.0
0.0
0.0
103.50537634408602
103.50537634408602
0.0
103.50537634408602
103.50537634408602
0.0
103.50537634408602
103.50537634408602
103.50537634408602
103.50537634408602
103.50537634408602
0.0
0.0
103.50537634408602
103.50537634408602
103.50537634408602
103.50537634408602
103.50537634408602
0.0
91.56774193548387
91.56774193548387
91.56774193548387
91.56774193548387
91.56774193548387
0.0
91.56774193548387
91.56774193548387
91.56774193548387
91.56774193548387
91.56774193548387
0.0
91.56774193548387
91.56774193548387
91.56774193548387
91.56774193548387
91.56774193548387
0.0
0.0
0.0
0.0
91.56774193548387
91.56774193548387
91.56774193548387
91.56774193548387
91.56774193548387
0.0
0.0
0.0
0.0
0.0
0.0
0.0
0.0
0.0
0.0
0.0
0.0
0.0
0.0
0.0
0.0
117.0
103.50537634408602
117.0
103.50537634408602
0.0
0.0
117.0
103.50537634408602
117.0
103.50537634408602
0.0
0.0
117.0
103.50537634408602
117.0
0.0
0.0
117.0
103.50537634408602
117.0
103.50537634408602
0.0
0.0
117.0
103.50537634408602
0.0
0.0
117.0
103.50537634408602
117.0
0.0
0.0
117.0
103.50537634408602
117.0
0.0
0.0
117.0
103.50537634408602
0.0
0.0
117.0
103.50537634408602
117.0
103.50537634408602
0.0
0.0
0.0
117.0
103.50537634408602
0.0
0.0
117.0
103.50537634408602
117.0
103.50537634408602
0.0
0.0
112.12903225806451
112.12903225806451
112.12903225806451
0.0
0.0
0.0
112.12903225806451
0.0
0.0
0.0
0.0
0.0
0.0
117.0
103.50537634408602
117.0
0.0
0.0
0.0
117.0
112.12903225806451
0.0
0.0
0.0
0.0
117.0
108.21505376344086
108.21505376344086
0.0
0.0
0.0
117.0
117.0
116.03225806451613
0.0
0.0
0.0
0.0
117.0
112.12903225806451
0.0
0.0
0.0
0.0
117.0
100.25268817204301
0.0
0.0
0.0
0.0
0.0
117.0
0.0
0.0
0.0
0.0
117.0
103.50537634408602
0.0
0.0
0.0
0.0
117.0
103.50537634408602
0.0
0.0
0.0
0.0
0.0
117.0
0.0
0.0
0.0
0.0
0.0
117.0
0.0
0.0
0.0
0.0
0.0
117.0
0.0
0.0
0.0
0.0
0.0
117.0
0.0
0.0
0.0
0.0
0.0
117.0
0.0
0.0
0.0
0.0
0.0
117.0
0.0
0.0
0.0
0.0
0.0
117.0
0.0
0.0
0.0
0.0
0.0
103.50537634408602
0.0
0.0
0.0
0.0
0.0
103.50537634408602
0.0
0.0
0.0
0.0
0.0
0.0
0.0
0.0
0.0
0.0
0.0
103.50537634408602
0.0
0.0
0.0
0.0
0.0
103.50537634408602
0.0
0.0
0.0
0.0
0.0
103.50537634408602
0.0
0.0
0.0
0.0
0.0
103.50537634408602
0.0
0.0
0.0
0.0
0.0
103.50537634408602
0.0
117.0
117.0
116.80645161290323
112.51612903225806
0.0
0.0
0.0
106.36559139784946
106.36559139784946
106.36559139784946
106.36559139784946
0.0
106.36559139784946
106.36559139784946
106.36559139784946
106.36559139784946
0.0
113.31182795698925
106.36559139784946
117.0
117.0
0.0
115.48387096774194
115.48387096774194
115.48387096774194
115.48387096774194
0.0
115.48387096774194
115.48387096774194
115.48387096774194
115.48387096774194
0.0
115.48387096774194
115.48387096774194
115.48387096774194
115.48387096774194
0.0
115.48387096774194
115.48387096774194
115.48387096774194
115.48387096774194
0.0
115.48387096774194
115.48387096774194
115.48387096774194
115.48387096774194
0.0
115.48387096774194
115.48387096774194
115.48387096774194
115.48387096774194
0.0
115.48387096774194
115.48387096774194
115.48387096774194
115.48387096774194
0.0
115.48387096774194
115.48387096774194
115.48387096774194
115.48387096774194
0.0
115.48387096774194
115.48387096774194
115.48387096774194
115.48387096774194
0.0
115.48387096774194
115.48387096774194
115.48387096774194
115.48387096774194
0.0
115.48387096774194
115.48387096774194
115.48387096774194
115.48387096774194
0.0
0.0
0.0
0.0
0.0
115.48387096774194
115.48387096774194
115.48387096774194
115.48387096774194
0.0
