114.70967741935483
112.79569892473118
108.08602150537635
108.08602150537635
108.08602150537635
114.70967741935483
112.79569892473118
108.08602150537635
108.08602150537635
108.08602150537635
108.08602150537635
114.70967741935483
112.79569892473118
108.08602150537635
108.08602150537635
108.08602150537635
108.08602150537635
114.70967741935483
112.79569892473118
108.08602150537635
108.08602150537635
108.08602150537635
108.08602150537635
114.70967741935483
112.79569892473118
108.08602150537635
108.08602150537635
108.08602150537635
108.08602150537635
114.70967741935483
112.79569892473118
108.08602150537635
108.08602150537635
108.08602150537635
108.08602150537635
114.70967741935483
112.79569892473118
108.08602150537635
108.08602150537635
108.08602150537635
108.08602150537635
114.70967741935483
112.79569892473118
110.23655913978494
110.23655913978494
110.23655913978494
110.23655913978494
114.70967741935483
112.79569892473118
110.23655913978494
110.23655913978494
110.23655913978494
110.23655913978494
114.70967741935483
112.79569892473118
110.23655913978494
110.23655913978494
110.23655913978494
110.23655913978494
114.70967741935483
112.79569892473118
114.70967741935483
112.79569892473118
108.08602150537635
108.08602150537635
108.08602150537635
108.08602150537635
114.70967741935483
112.79569892473118
114.70967741935483
112.79569892473118
114.70967741935483
112.79569892473118
108.08602150537635
108.08602150537635
108.08602150537635
108.08602150537635
114.70967741935483
112.79569892473118
108.08602150537635
108.08602150537635
108.08602150537635
108.08602150537635
114.70967741935483
112.79569892473118
108.08602150537635
108.08602150537635
108.08602150537635
108.08602150537635
114.70967741935483
112.79569892473118
108.08602150537635
108.08602150537635
108.08602150537635
108.08602150537635
114.70967741935483
112.79569892473118
108.08602150537635
108.08602150537635
108.08602150537635
108.08602150537635
114.70967741935483
112.79569892473118
108.08602150537635
108.08602150537635
108.08602150537635
108.08602150537635
114.70967741935483
112.79569892473118
108.08602150537635
108.08602150537635
108.08602150537635
108.08602150537635
114.70967741935483
112.79569892473118
108.08602150537635
108.08602150537635
108.08602150537635
108.08602150537635
114.70967741935483
112.79569892473118
108.08602150537635
108.08602150537635
108.08602150537635
114.70967741935483
112.79569892473118
108.08602150537635
108.08602150537635
108.08602150537635
114.70967741935483
112.79569892473118
108.08602150537635
108.08602150537635
108.08602150537635
114.70967741935483
112.79569892473118
108.08602150537635
108.08602150537635
108.08602150537635
108.08602150537635
114.70967741935483
112.79569892473118
108.08602150537635
108.08602150537635
108.08602150537635
108.08602150537635
114.70967741935483
112.79569892473118
110.23655913978494
110.23655913978494
110.23655913978494
110.23655913978494
114.70967741935483
112.79569892473118
110.23655913978494
110.23655913978494
110.23655913978494
110.23655913978494
114.70967741935483
112.79569892473118
110.23655913978494
110.23655913978494
110.23655913978494
110.23655913978494
114.70967741935483
112.79569892473118
108.08602150537635
108.08602150537635
108.08602150537635
108.08602150537635
114.70967741935483
114.70967741935483
114.70967741935483
102.81720430107526
102.81720430107526
102.81720430107526
114.70967741935483
112.79569892473118
108.08602150537635
108.08602150537635
108.08602150537635
108.08602150537635
114.70967741935483
111.44086021505376
108.08602150537635
108.08602150537635
108.08602150537635
108.08602150537635
114.70967741935483
111.44086021505376
114.70967741935483
111.44086021505376
114.70967741935483
111.44086021505376
114.70967741935483
102.81720430107526
102.81720430107526
102.81720430107526
102.81720430107526
102.81720430107526
114.70967741935483
102.81720430107526
114.70967741935483
102.81720430107526
114.70967741935483
102.81720430107526
114.70967741935483
102.81720430107526
114.70967741935483
102.81720430107526
102.81720430107526
102.81720430107526
102.81720430107526
102.81720430107526
114.70967741935483
102.81720430107526
102.81720430107526
114.70967741935483
102.81720430107526
102.81720430107526
0.0
102.81720430107526
0.0
102.81720430107526
102.81720430107526
0.0
102.81720430107526
0.0
102.81720430107526
102.81720430107526
102.81720430107526
0.0
102.81720430107526
102.81720430107526
102.81720430107526
0.0
102.81720430107526
102.81720430107526
0.0
102.81720430107526
0.0
102.81720430107526
0.0
102.81720430107526
102.81720430107526
0.0
102.81720430107526
111.82795698924731
102.81720430107526
0.0
102.81720430107526
111.82795698924731
102.81720430107526
0.0
102.81720430107526
111.82795698924731
102.81720430107526
0.0
102.81720430107526
111.82795698924731
102.81720430107526
0.0
107.76344086021506
107.76344086021506
107.76344086021506
0.0
102.81720430107526
111.82795698924731
102.81720430107526
0.0
107.41935483870968
115.38709677419355
115.38709677419355
115.38709677419355
115.38709677419355
115.38709677419355
115.38709677419355
115.38709677419355
115.38709677419355
115.38709677419355
115.38709677419355
115.38709677419355
115.38709677419355
115.38709677419355
0.0
107.41935483870968
115.38709677419355
115.38709677419355
115.38709677419355
115.38709677419355
115.38709677419355
115.38709677419355
115.38709677419355
115.38709677419355
115.38709677419355
115.38709677419355
115.38709677419355
115.38709677419355
115.38709677419355
0.0
107.41935483870968
115.38709677419355
115.38709677419355
115.38709677419355
115.38709677419355
115.38709677419355
115.38709677419355
115.38709677419355
115.38709677419355
115.38709677419355
115.38709677419355
115.38709677419355
115.38709677419355
115.38709677419355
0.0
107.41935483870968
115.38709677419355
115.38709677419355
115.38709677419355
115.38709677419355
115.38709677419355
115.38709677419355
115.38709677419355
115.38709677419355
115.38709677419355
115.38709677419355
115.38709677419355
115.38709677419355
115.38709677419355
0.0
107.41935483870968
115.38709677419355
115.38709677419355
115.38709677419355
115.38709677419355
115.38709677419355
115.38709677419355
115.38709677419355
115.38709677419355
115.38709677419355
115.38709677419355
115.38709677419355
115.38709677419355
115.38709677419355
0.0
91.56774193548387
91.56774193548387
91.56774193548387
91.56774193548387
91.56774193548387
91.56774193548387
91.56774193548387
91.56774193548387
91.56774193548387
91.56774193548387
91.56774193548387
91.56774193548387
91.56774193548387
91.56774193548387
0.0
91.56774193548387
91.56774193548387
91.56774193548387
91.56774193548387
91.56774193548387
91.56774193548387
91.56774193548387
91.56774193548387
91.56774193548387
91.56774193548387
91.56774193548387
91.56774193548387
91.56774193548387
91.56774193548387
0.0
91.56774193548387
91.56774193548387
91.56774193548387
91.56774193548387
91.56774193548387
91.56774193548387
91.56774193548387
91.56774193548387
91.56774193548387
91.56774193548387
91.56774193548387
91.56774193548387
91.56774193548387
91.56774193548387
0.0
91.56774193548387
91.56774193548387
91.56774193548387
91.56774193548387
91.56774193548387
91.56774193548387
91.56774193548387
91.56774193548387
91.56774193548387
91.56774193548387
91.56774193548387
91.56774193548387
91.56774193548387
91.56774193548387
0.0
102.81720430107526
102.81720430107526
0.0
102.81720430107526
102.81720430107526
0.0
102.81720430107526
102.81720430107526
102.81720430107526
102.81720430107526
102.81720430107526
0.0
102.81720430107526
0.0
102.81720430107526
102.81720430107526
102.81720430107526
102.81720430107526
102.81720430107526
0.0
100.41397849462365
0.0
100.41397849462365
0.0
100.41397849462365
0.0
100.41397849462365
0.0
100.41397849462365
0.0
100.41397849462365
0.0
100.41397849462365
0.0
100.41397849462365
0.0
102.81720430107526
102.81720430107526
102.81720430107526
102.81720430107526
102.81720430107526
0.0
102.81720430107526
102.81720430107526
102.81720430107526
102.81720430107526
102.81720430107526
0.0
100.41397849462365
0.0
100.41397849462365
0.0
100.41397849462365
0.0
100.41397849462365
0.0
102.81720430107526
102.81720430107526
102.81720430107526
0.0
102.81720430107526
102.81720430107526
102.81720430107526
0.0
102.81720430107526
102.81720430107526
102.81720430107526
102.81720430107526
102.81720430107526
0.0
102.81720430107526
0.0
102.81720430107526
0.0
102.81720430107526
0.0
102.81720430107526
102.81720430107526
102.81720430107526
102.81720430107526
102.81720430107526
0.0
102.81720430107526
0.0
102.81720430107526
0.0
102.81720430107526
0.0
102.81720430107526
0.0
102.81720430107526
0.0
102.81720430107526
0.0
102.81720430107526
0.0
102.81720430107526
0.0
102.81720430107526
0.0
102.81720430107526
0.0
102.81720430107526
0.0
102.81720430107526
0.0
102.81720430107526
0.0
102.81720430107526
0.0
102.81720430107526
113.11827956989248
107.76344086021506
113.11827956989248
107.76344086021506
0.0
102.81720430107526
113.11827956989248
107.76344086021506
113.11827956989248
107.76344086021506
0.0
102.81720430107526
113.11827956989248
107.76344086021506
113.11827956989248
107.76344086021506
0.0
102.81720430107526
113.11827956989248
107.76344086021506
113.11827956989248
107.76344086021506
0.0
102.81720430107526
113.11827956989248
107.76344086021506
113.11827956989248
0.0
102.81720430107526
113.11827956989248
107.76344086021506
113.11827956989248
107.76344086021506
0.0
102.81720430107526
113.11827956989248
107.76344086021506
113.11827956989248
107.76344086021506
0.0
102.81720430107526
113.11827956989248
107.76344086021506
113.11827956989248
0.0
102.81720430107526
113.11827956989248
107.76344086021506
113.11827956989248
107.76344086021506
0.0
102.81720430107526
0.0
102.81720430107526
113.11827956989248
107.76344086021506
113.11827956989248
0.0
102.81720430107526
113.11827956989248
107.76344086021506
113.11827956989248
107.76344086021506
0.0
106.36559139784946
106.36559139784946
106.36559139784946
106.36559139784946
106.36559139784946
0.0
106.36559139784946
106.36559139784946
106.36559139784946
106.36559139784946
106.36559139784946
0.0
106.36559139784946
106.36559139784946
106.36559139784946
106.36559139784946
106.36559139784946
0.0
106.36559139784946
106.36559139784946
106.36559139784946
106.36559139784946
106.36559139784946
0.0
106.36559139784946
106.36559139784946
106.36559139784946
106.36559139784946
106.36559139784946
0.0
106.36559139784946
106.36559139784946
106.36559139784946
106.36559139784946
106.36559139784946
0.0
106.36559139784946
106.36559139784946
106.36559139784946
106.36559139784946
106.36559139784946
0.0
114.70967741935483
106.36559139784946
106.36559139784946
106.36559139784946
106.36559139784946
0.0
114.70967741935483
114.70967741935483
102.81720430107526
113.11827956989248
110.88172043010753
0.0
114.70967741935483
114.70967741935483
102.81720430107526
113.11827956989248
110.88172043010753
0.0
114.70967741935483
114.70967741935483
102.81720430107526
113.11827956989248
110.88172043010753
0.0
114.70967741935483
114.70967741935483
102.81720430107526
113.11827956989248
110.88172043010753
0.0
114.70967741935483
114.70967741935483
102.81720430107526
113.11827956989248
107.76344086021506
0.0
114.70967741935483
114.70967741935483
102.81720430107526
113.11827956989248
107.76344086021506
0.0
114.70967741935483
114.70967741935483
106.36559139784946
106.36559139784946
106.36559139784946
0.0
114.70967741935483
114.70967741935483
106.36559139784946
106.36559139784946
106.36559139784946
0.0
114.70967741935483
114.70967741935483
106.36559139784946
106.36559139784946
106.36559139784946
0.0
114.70967741935483
114.70967741935483
106.36559139784946
106.36559139784946
106.36559139784946
0.0
114.70967741935483
114.70967741935483
106.36559139784946
106.36559139784946
106.36559139784946
0.0
114.70967741935483
114.70967741935483
106.36559139784946
106.36559139784946
106.36559139784946
0.0
114.70967741935483
114.70967741935483
106.36559139784946
106.36559139784946
106.36559139784946
0.0
114.70967741935483
114.70967741935483
106.36559139784946
106.36559139784946
106.36559139784946
0.0
114.70967741935483
114.70967741935483
106.36559139784946
106.36559139784946
106.36559139784946
0.0
114.70967741935483
114.70967741935483
106.36559139784946
106.36559139784946
106.36559139784946
0.0
114.70967741935483
114.70967741935483
106.36559139784946
106.36559139784946
106.36559139784946
0.0
114.70967741935483
114.70967741935483
106.36559139784946
106.36559139784946
106.36559139784946
0.0
114.70967741935483
114.70967741935483
106.36559139784946
106.36559139784946
0.0
114.70967741935483
0.0
114.70967741935483
106.36559139784946
106.36559139784946
106.36559139784946
0.0
114.70967741935483
114.70967741935483
114.70967741935483
114.70967741935483
0.0
111.44086021505376
108.08602150537635
106.36559139784946
106.36559139784946
0.0
114.70967741935483
114.70967741935483
114.70967741935483
114.70967741935483
0.0
114.70967741935483
114.70967741935483
114.70967741935483
114.70967741935483
0.0
114.70967741935483
114.70967741935483
114.70967741935483
114.70967741935483
0.0
114.70967741935483
114.70967741935483
114.70967741935483
114.70967741935483
0.0
114.70967741935483
114.70967741935483
114.70967741935483
114.70967741935483
0.0
114.70967741935483
114.70967741935483
114.70967741935483
114.70967741935483
0.0
114.70967741935483
114.70967741935483
114.70967741935483
114.70967741935483
0.0
114.70967741935483
114.70967741935483
114.70967741935483
114.70967741935483
0.0
114.70967741935483
114.70967741935483
114.70967741935483
114.70967741935483
0.0
114.70967741935483
114.70967741935483
114.70967741935483
114.70967741935483
0.0
114.70967741935483
114.70967741935483
114.70967741935483
114.70967741935483
0.0
0.0
102.81720430107526
0.0
0.0
112.79569892473118
0.0
112.79569892473118
0.0
112.79569892473118
0.0
114.70967741935483
0.0
114.70967741935483
114.70967741935483
114.70967741935483
114.70967741935483
100.41397849462365
0.0
102.81720430107526
