116.3225806451613
108.34408602150538
108.34408602150538
108.34408602150538
108.34408602150538
116.3225806451613
108.34408602150538
108.34408602150538
108.34408602150538
108.34408602150538
108.34408602150538
116.3225806451613
108.34408602150538
108.34408602150538
108.34408602150538
108.34408602150538
108.34408602150538
116.3225806451613
112.79569892473118
110.23655913978494
110.23655913978494
110.23655913978494
110.23655913978494
116.3225806451613
112.79569892473118
110.23655913978494
110.23655913978494
110.23655913978494
110.23655913978494
116.3225806451613
108.34408602150538
108.34408602150538
108.34408602150538
108.34408602150538
108.34408602150538
116.3225806451613
108.34408602150538
108.34408602150538
108.34408602150538
108.34408602150538
108.34408602150538
116.3225806451613
108.34408602150538
108.34408602150538
108.34408602150538
108.34408602150538
108.34408602150538
116.3225806451613
108.34408602150538
108.34408602150538
108.34408602150538
108.34408602150538
108.34408602150538
116.3225806451613
108.34408602150538
108.34408602150538
108.34408602150538
108.34408602150538
108.34408602150538
116.3225806451613
108.34408602150538
116.3225806451613
108.34408602150538
108.34408602150538
108.34408602150538
108.34408602150538
108.34408602150538
116.3225806451613
108.34408602150538
116.3225806451613
108.34408602150538
116.3225806451613
108.34408602150538
108.34408602150538
108.34408602150538
108.34408602150538
108.34408602150538
116.3225806451613
108.34408602150538
108.34408602150538
108.34408602150538
108.34408602150538
108.34408602150538
116.3225806451613
108.34408602150538
108.34408602150538
108.34408602150538
108.34408602150538
108.34408602150538
116.3225806451613
108.34408602150538
108.34408602150538
108.34408602150538
108.34408602150538
108.34408602150538
116.3225806451613
112.79569892473118
110.23655913978494
110.23655913978494
110.23655913978494
110.23655913978494
116.3225806451613
112.79569892473118
110.23655913978494
110.23655913978494
110.23655913978494
110.23655913978494
116.3225806451613
112.79569892473118
110.23655913978494
110.23655913978494
110.23655913978494
110.23655913978494
116.3225806451613
112.79569892473118
110.23655913978494
110.23655913978494
110.23655913978494
110.23655913978494
116.3225806451613
112.79569892473118
110.23655913978494
110.23655913978494
110.23655913978494
116.3225806451613
112.79569892473118
110.23655913978494
110.23655913978494
110.23655913978494
116.3225806451613
112.79569892473118
110.23655913978494
110.23655913978494
110.23655913978494
116.3225806451613
112.79569892473118
110.23655913978494
110.23655913978494
110.23655913978494
110.23655913978494
116.3225806451613
112.79569892473118
110.23655913978494
110.23655913978494
110.23655913978494
110.23655913978494
116.3225806451613
112.79569892473118
110.23655913978494
110.23655913978494
110.23655913978494
110.23655913978494
116.3225806451613
112.79569892473118
110.23655913978494
110.23655913978494
110.23655913978494
110.23655913978494
116.3225806451613
112.79569892473118
110.23655913978494
110.23655913978494
110.23655913978494
110.23655913978494
116.3225806451613
112.79569892473118
110.23655913978494
110.23655913978494
110.23655913978494
110.23655913978494
116.3225806451613
116.3225806451613
104.96774193548387
104.96774193548387
104.96774193548387
104.96774193548387
116.3225806451613
112.79569892473118
100.41397849462365
113.33333333333333
105.91397849462366
117.0
116.3225806451613
113.87096774193549
101.75806451612902
117.0
117.0
115.3225806451613
116.3225806451613
113.87096774193549
116.3225806451613
113.87096774193549
116.3225806451613
113.87096774193549
116.3225806451613
108.34408602150538
96.18817204301075
117.0
117.0
117.0
116.3225806451613
108.34408602150538
116.3225806451613
108.34408602150538
116.3225806451613
108.34408602150538
116.3225806451613
108.34408602150538
116.3225806451613
108.34408602150538
96.18817204301075
117.0
117.0
117.0
116.3225806451613
108.34408602150538
96.18817204301075
116.3225806451613
108.34408602150538
96.18817204301075
0.0
108.34408602150538
0.0
108.34408602150538
96.18817204301075
0.0
108.34408602150538
0.0
108.34408602150538
96.18817204301075
117.0
0.0
108.34408602150538
96.18817204301075
117.0
0.0
108.34408602150538
96.18817204301075
0.0
108.34408602150538
0.0
108.34408602150538
0.0
108.34408602150538
96.18817204301075
0.0
108.34408602150538
108.34408602150538
0.0
108.34408602150538
108.34408602150538
0.0
108.34408602150538
108.34408602150538
108.34408602150538
108.34408602150538
108.34408602150538
0.0
108.34408602150538
0.0
108.34408602150538
108.34408602150538
108.34408602150538
108.34408602150538
108.34408602150538
0.0
107.44086021505376
107.44086021505376
107.44086021505376
107.44086021505376
107.44086021505376
0.0
107.44086021505376
107.44086021505376
107.44086021505376
107.44086021505376
107.44086021505376
0.0
107.44086021505376
107.44086021505376
107.44086021505376
107.44086021505376
107.44086021505376
0.0
107.44086021505376
0.0
107.44086021505376
0.0
107.44086021505376
0.0
107.44086021505376
107.44086021505376
107.44086021505376
107.44086021505376
107.44086021505376
0.0
107.44086021505376
0.0
107.44086021505376
0.0
107.44086021505376
0.0
107.44086021505376
0.0
0.0
107.44086021505376
0.0
107.44086021505376
0.0
107.44086021505376
0.0
107.44086021505376
0.0
107.44086021505376
0.0
107.44086021505376
0.0
107.44086021505376
0.0
107.44086021505376
0.0
107.44086021505376
0.0
107.44086021505376
117.0
112.12903225806451
0.0
112.12903225806451
0.0
107.44086021505376
117.0
112.12903225806451
0.0
112.12903225806451
0.0
107.44086021505376
117.0
112.12903225806451
0.0
112.12903225806451
0.0
107.44086021505376
117.0
112.12903225806451
0.0
112.12903225806451
0.0
107.44086021505376
117.0
112.12903225806451
0.0
0.0
107.44086021505376
117.0
112.12903225806451
0.0
112.12903225806451
0.0
107.44086021505376
117.0
112.12903225806451
0.0
112.12903225806451
0.0
107.44086021505376
117.0
112.12903225806451
0.0
0.0
107.44086021505376
117.0
112.12903225806451
0.0
112.12903225806451
0.0
107.44086021505376
0.0
107.44086021505376
117.0
112.12903225806451
0.0
0.0
107.44086021505376
117.0
112.12903225806451
0.0
112.12903225806451
0.0
107.44086021505376
117.0
113.20430107526882
100.25268817204301
117.0
0.0
107.44086021505376
117.0
112.12903225806451
0.0
114.74193548387096
0.0
107.44086021505376
117.0
112.12903225806451
0.0
117.0
0.0
107.44086021505376
117.0
112.12903225806451
0.0
117.0
0.0
107.44086021505376
112.12903225806451
103.50537634408602
117.0
112.12903225806451
0.0
107.44086021505376
117.0
113.20430107526882
100.25268817204301
117.0
0.0
107.44086021505376
117.0
110.6236559139785
110.6236559139785
105.91397849462366
0.0
107.44086021505376
117.0
113.20430107526882
100.25268817204301
117.0
0.0
107.44086021505376
117.0
110.6236559139785
105.91397849462366
117.0
0.0
107.44086021505376
117.0
113.20430107526882
100.25268817204301
117.0
0.0
107.44086021505376
117.0
113.20430107526882
100.25268817204301
117.0
0.0
107.44086021505376
117.0
113.20430107526882
100.25268817204301
117.0
0.0
107.44086021505376
107.44086021505376
107.44086021505376
107.44086021505376
107.44086021505376
0.0
107.44086021505376
107.44086021505376
107.44086021505376
107.44086021505376
107.44086021505376
0.0
107.44086021505376
107.44086021505376
107.44086021505376
107.44086021505376
107.44086021505376
0.0
107.44086021505376
107.44086021505376
107.44086021505376
107.44086021505376
107.44086021505376
0.0
107.44086021505376
107.44086021505376
107.44086021505376
107.44086021505376
107.44086021505376
0.0
107.44086021505376
107.44086021505376
107.44086021505376
107.44086021505376
107.44086021505376
0.0
107.44086021505376
107.44086021505376
107.44086021505376
107.44086021505376
107.44086021505376
0.0
107.44086021505376
107.44086021505376
107.44086021505376
107.44086021505376
107.44086021505376
0.0
107.44086021505376
107.44086021505376
107.44086021505376
107.44086021505376
107.44086021505376
0.0
107.44086021505376
107.44086021505376
107.44086021505376
107.44086021505376
107.44086021505376
0.0
107.44086021505376
107.44086021505376
107.44086021505376
107.44086021505376
107.44086021505376
0.0
107.44086021505376
107.44086021505376
107.44086021505376
107.44086021505376
107.44086021505376
0.0
107.44086021505376
107.44086021505376
107.44086021505376
107.44086021505376
107.44086021505376
0.0
107.44086021505376
107.44086021505376
107.44086021505376
107.44086021505376
107.44086021505376
0.0
107.44086021505376
107.44086021505376
107.44086021505376
107.44086021505376
0.0
100.25268817204301
0.0
107.44086021505376
107.44086021505376
107.44086021505376
107.44086021505376
0.0
107.44086021505376
107.44086021505376
107.44086021505376
107.44086021505376
0.0
112.79569892473118
110.23655913978494
107.44086021505376
107.44086021505376
0.0
116.3225806451613
116.3225806451613
116.3225806451613
116.3225806451613
0.0
116.3225806451613
116.3225806451613
116.3225806451613
116.3225806451613
0.0
116.3225806451613
116.3225806451613
116.3225806451613
116.3225806451613
0.0
116.3225806451613
116.3225806451613
116.3225806451613
116.3225806451613
0.0
116.3225806451613
116.3225806451613
116.3225806451613
116.3225806451613
0.0
116.3225806451613
116.3225806451613
116.3225806451613
116.3225806451613
0.0
116.3225806451613
116.3225806451613
116.3225806451613
116.3225806451613
0.0
116.3225806451613
116.3225806451613
116.3225806451613
116.3225806451613
0.0
116.3225806451613
116.3225806451613
116.3225806451613
116.3225806451613
0.0
116.3225806451613
116.3225806451613
116.3225806451613
116.3225806451613
0.0
116.3225806451613
116.3225806451613
116.3225806451613
116.3225806451613
0.0
0.0
104.96774193548387
0.0
0.0
0.0
116.3225806451613
116.3225806451613
116.3225806451613
116.3225806451613
0.0
104.96774193548387
