112.19354838709677
112.19354838709677
112.19354838709677
112.19354838709677
112.19354838709677
0.0
0.0
0.0
0.0
0.0
0.0
0.0
0.0
0.0
0.0
0.0
0.0
0.0
0.0
0.0
0.0
112.19354838709677
112.19354838709677
112.19354838709677
112.19354838709677
112.19354838709677
0.0
0.0
0.0
0.0
0.0
0.0
0.0
0.0
0.0
0.0
0.0
0.0
0.0
0.0
0.0
117.0
116.93548387096774
112.6021505376344
0.0
112.19354838709677
112.19354838709677
103.63440860215054
108.34408602150538
0.0
107.44086021505376
117.0
117.0
112.79569892473118
0.0
112.19354838709677
112.19354838709677
112.19354838709677
112.19354838709677
0.0
112.19354838709677
112.19354838709677
112.19354838709677
112.19354838709677
0.0
112.19354838709677
112.19354838709677
112.19354838709677
112.19354838709677
0.0
112.19354838709677
112.19354838709677
112.19354838709677
112.19354838709677
0.0
112.19354838709677
112.19354838709677
112.19354838709677
112.19354838709677
0.0
112.19354838709677
112.19354838709677
112.19354838709677
112.19354838709677
0.0
112.19354838709677
112.19354838709677
112.19354838709677
112.19354838709677
0.0
112.19354838709677
112.19354838709677
112.19354838709677
112.19354838709677
0.0
112.19354838709677
112.19354838709677
112.19354838709677
112.19354838709677
0.0
112.19354838709677
112.19354838709677
112.19354838709677
112.19354838709677
0.0
112.19354838709677
112.19354838709677
112.19354838709677
112.19354838709677
0.0
0.0
0.0
0.0
0.0
0.0
0.0
0.0
0.0
0.0
