115.41935483870968
112.19354838709677
112.19354838709677
112.19354838709677
112.19354838709677
0.0
0.0
0.0
0.0
0.0
0.0
0.0
0.0
0.0
0.0
0.0
0.0
0.0
0.0
0.0
0.0
0.0
0.0
0.0
0.0
0.0
0.0
0.0
0.0
0.0
0.0
0.0
0.0
0.0
0.0
0.0
0.0
0.0
0.0
0.0
0.0
0.0
0.0
0.0
0.0
0.0
0.0
0.0
0.0
0.0
0.0
0.0
0.0
0.0
0.0
0.0
0.0
0.0
0.0
0.0
0.0
0.0
0.0
0.0
0.0
0.0
0.0
0.0
0.0
0.0
0.0
0.0
0.0
0.0
0.0
0.0
0.0
0.0
0.0
0.0
0.0
0.0
0.0
0.0
0.0
0.0
0.0
0.0
0.0
0.0
0.0
0.0
0.0
0.0
0.0
0.0
0.0
0.0
0.0
0.0
0.0
0.0
0.0
0.0
0.0
0.0
0.0
0.0
0.0
0.0
0.0
0.0
0.0
0.0
0.0
107.44086021505376
94.93978494623656
113.59139784946237
113.59139784946237
113.59139784946237
115.41935483870968
112.19354838709677
112.19354838709677
112.19354838709677
112.19354838709677
115.41935483870968
112.19354838709677
112.19354838709677
112.19354838709677
112.19354838709677
0.0
0.0
0.0
0.0
0.0
0.0
0.0
0.0
0.0
0.0
0.0
0.0
0.0
0.0
0.0
0.0
0.0
0.0
0.0
0.0
0.0
0.0
0.0
0.0
0.0
0.0
0.0
0.0
0.0
0.0
0.0
0.0
0.0
0.0
0.0
0.0
0.0
0.0
0.0
0.0
117.0
103.50537634408602
0.0
0.0
0.0
117.0
108.21505376344086
108.21505376344086
0.0
0.0
101.86559139784946
117.0
112.6021505376344
107.24731182795699
0.0
0.0
0.0
0.0
117.0
113.20430107526882
113.20430107526882
113.20430107526882
113.20430107526882
0.0
0.0
0.0
0.0
0.0
117.0
113.20430107526882
113.20430107526882
113.20430107526882
113.20430107526882
0.0
117.0
0.0
117.0
0.0
0.0
117.0
0.0
0.0
117.0
113.20430107526882
0.0
117.0
113.20430107526882
0.0
117.0
0.0
0.0
0.0
117.0
0.0
101.86559139784946
101.86559139784946
0.0
101.86559139784946
101.86559139784946
0.0
101.86559139784946
101.86559139784946
101.86559139784946
101.86559139784946
101.86559139784946
0.0
0.0
101.86559139784946
101.86559139784946
101.86559139784946
101.86559139784946
101.86559139784946
0.0
112.12903225806451
112.12903225806451
112.12903225806451
112.12903225806451
112.12903225806451
0.0
112.12903225806451
112.12903225806451
112.12903225806451
112.12903225806451
112.12903225806451
0.0
112.12903225806451
112.12903225806451
112.12903225806451
112.12903225806451
112.12903225806451
0.0
0.0
0.0
0.0
112.12903225806451
112.12903225806451
112.12903225806451
112.12903225806451
112.12903225806451
0.0
0.0
0.0
0.0
0.0
0.0
0.0
0.0
0.0
0.0
0.0
0.0
0.0
0.0
0.0
117.0
113.20430107526882
100.25268817204301
117.0
100.25268817204301
0.0
117.0
113.20430107526882
100.25268817204301
117.0
100.25268817204301
0.0
117.0
113.20430107526882
100.25268817204301
117.0
0.0
117.0
113.20430107526882
100.25268817204301
117.0
100.25268817204301
0.0
117.0
113.20430107526882
100.25268817204301
0.0
117.0
113.20430107526882
100.25268817204301
117.0
0.0
117.0
113.20430107526882
100.25268817204301
117.0
0.0
117.0
113.20430107526882
100.25268817204301
0.0
117.0
113.20430107526882
100.25268817204301
117.0
100.25268817204301
0.0
0.0
117.0
113.20430107526882
100.25268817204301
0.0
117.0
113.20430107526882
100.25268817204301
117.0
100.25268817204301
0.0
117.0
100.5752688172043
117.0
115.12903225806451
110.79569892473118
0.0
101.86559139784946
117.0
101.86559139784946
117.0
101.86559139784946
0.0
0.0
117.0
103.50537634408602
117.0
103.50537634408602
0.0
0.0
117.0
103.50537634408602
117.0
112.12903225806451
0.0
0.0
117.0
112.12903225806451
0.0
114.74193548387096
0.0
0.0
117.0
114.74193548387096
114.74193548387096
101.86559139784946
0.0
0.0
117.0
112.12903225806451
112.12903225806451
0.0
0.0
0.0
0.0
117.0
108.21505376344086
108.21505376344086
0.0
0.0
0.0
117.0
108.21505376344086
108.21505376344086
0.0
0.0
0.0
117.0
108.21505376344086
108.21505376344086
0.0
0.0
0.0
117.0
108.21505376344086
108.21505376344086
0.0
0.0
0.0
117.0
108.21505376344086
108.21505376344086
0.0
0.0
0.0
117.0
112.12903225806451
112.12903225806451
0.0
0.0
0.0
117.0
112.12903225806451
112.12903225806451
0.0
0.0
0.0
117.0
112.12903225806451
112.12903225806451
0.0
0.0
0.0
117.0
108.21505376344086
108.21505376344086
0.0
0.0
0.0
113.46236559139786
108.21505376344086
108.21505376344086
0.0
0.0
0.0
0.0
117.0
108.21505376344086
0.0
0.0
0.0
0.0
117.0
108.21505376344086
0.0
0.0
0.0
0.0
117.0
110.6236559139785
0.0
0.0
0.0
0.0
0.0
0.0
0.0
0.0
0.0
0.0
117.0
108.21505376344086
0.0
0.0
0.0
0.0
117.0
108.21505376344086
0.0
0.0
0.0
0.0
117.0
108.21505376344086
0.0
0.0
0.0
0.0
117.0
108.21505376344086
0.0
0.0
0.0
0.0
117.0
108.21505376344086
0.0
107.44086021505376
107.44086021505376
99.58064516129032
115.22580645161291
0.0
0.0
0.0
115.41935483870968
115.41935483870968
107.56989247311827
107.56989247311827
0.0
115.41935483870968
115.41935483870968
115.41935483870968
115.41935483870968
0.0
112.19354838709677
107.44086021505376
117.0
107.44086021505376
0.0
115.41935483870968
115.41935483870968
115.41935483870968
115.41935483870968
0.0
115.41935483870968
115.41935483870968
115.41935483870968
115.41935483870968
0.0
115.41935483870968
115.41935483870968
115.41935483870968
115.41935483870968
0.0
115.41935483870968
115.41935483870968
115.41935483870968
115.41935483870968
0.0
115.41935483870968
115.41935483870968
115.41935483870968
115.41935483870968
0.0
115.41935483870968
115.41935483870968
115.41935483870968
115.41935483870968
0.0
115.41935483870968
115.41935483870968
115.41935483870968
115.41935483870968
0.0
115.41935483870968
115.41935483870968
115.41935483870968
115.41935483870968
0.0
115.41935483870968
115.41935483870968
115.41935483870968
115.41935483870968
0.0
115.41935483870968
115.41935483870968
115.41935483870968
115.41935483870968
0.0
115.41935483870968
115.41935483870968
115.41935483870968
115.41935483870968
0.0
0.0
0.0
0.0
0.0
115.41935483870968
115.41935483870968
115.41935483870968
115.41935483870968
0.0
