115.38709677419355
109.24731182795699
109.24731182795699
109.24731182795699
109.24731182795699
115.38709677419355
109.24731182795699
109.24731182795699
109.24731182795699
109.24731182795699
109.24731182795699
115.38709677419355
109.24731182795699
109.24731182795699
109.24731182795699
109.24731182795699
109.24731182795699
115.38709677419355
115.38709677419355
109.24731182795699
109.24731182795699
109.24731182795699
109.24731182795699
115.38709677419355
115.38709677419355
109.24731182795699
109.24731182795699
109.24731182795699
109.24731182795699
115.38709677419355
109.24731182795699
109.24731182795699
109.24731182795699
109.24731182795699
109.24731182795699
115.38709677419355
109.24731182795699
109.24731182795699
109.24731182795699
109.24731182795699
109.24731182795699
115.38709677419355
109.24731182795699
109.24731182795699
109.24731182795699
109.24731182795699
109.24731182795699
115.38709677419355
109.24731182795699
109.24731182795699
109.24731182795699
109.24731182795699
109.24731182795699
115.38709677419355
115.38709677419355
115.38709677419355
109.24731182795699
109.24731182795699
109.24731182795699
115.38709677419355
109.24731182795699
115.38709677419355
109.24731182795699
109.24731182795699
109.24731182795699
109.24731182795699
109.24731182795699
115.38709677419355
109.24731182795699
115.38709677419355
109.24731182795699
115.38709677419355
109.24731182795699
109.24731182795699
109.24731182795699
109.24731182795699
109.24731182795699
115.38709677419355
109.24731182795699
109.24731182795699
109.24731182795699
109.24731182795699
109.24731182795699
115.38709677419355
109.24731182795699
109.24731182795699
109.24731182795699
109.24731182795699
109.24731182795699
115.38709677419355
109.24731182795699
109.24731182795699
109.24731182795699
109.24731182795699
109.24731182795699
115.38709677419355
115.38709677419355
109.24731182795699
109.24731182795699
109.24731182795699
109.24731182795699
115.38709677419355
115.38709677419355
109.24731182795699
109.24731182795699
109.24731182795699
109.24731182795699
115.38709677419355
115.38709677419355
109.24731182795699
109.24731182795699
109.24731182795699
109.24731182795699
115.38709677419355
115.38709677419355
109.24731182795699
109.24731182795699
109.24731182795699
109.24731182795699
115.38709677419355
115.38709677419355
115.38709677419355
109.24731182795699
109.24731182795699
115.38709677419355
115.38709677419355
115.38709677419355
115.38709677419355
109.24731182795699
115.38709677419355
115.38709677419355
115.38709677419355
115.38709677419355
115.38709677419355
115.38709677419355
115.38709677419355
109.24731182795699
109.24731182795699
109.24731182795699
109.24731182795699
115.38709677419355
115.38709677419355
109.24731182795699
109.24731182795699
109.24731182795699
109.24731182795699
115.38709677419355
115.38709677419355
109.24731182795699
109.24731182795699
109.24731182795699
109.24731182795699
115.38709677419355
115.38709677419355
109.24731182795699
109.24731182795699
109.24731182795699
109.24731182795699
115.38709677419355
115.38709677419355
115.38709677419355
115.38709677419355
109.24731182795699
109.24731182795699
115.38709677419355
115.38709677419355
109.24731182795699
109.24731182795699
109.24731182795699
109.24731182795699
115.38709677419355
107.97849462365592
101.59677419354838
114.41935483870968
106.90322580645162
117.0
115.38709677419355
107.97849462365592
114.41935483870968
106.90322580645162
117.0
106.90322580645162
115.38709677419355
107.97849462365592
114.41935483870968
106.90322580645162
117.0
106.90322580645162
115.38709677419355
107.97849462365592
115.38709677419355
107.97849462365592
115.38709677419355
107.97849462365592
115.38709677419355
109.24731182795699
101.59677419354838
117.0
117.0
112.12903225806451
115.38709677419355
109.24731182795699
115.38709677419355
109.24731182795699
115.38709677419355
109.24731182795699
115.38709677419355
109.24731182795699
115.38709677419355
109.24731182795699
101.59677419354838
117.0
117.0
112.12903225806451
115.38709677419355
109.24731182795699
101.59677419354838
115.38709677419355
109.24731182795699
101.59677419354838
0.0
109.24731182795699
0.0
109.24731182795699
101.59677419354838
0.0
109.24731182795699
0.0
109.24731182795699
101.59677419354838
117.0
0.0
109.24731182795699
101.59677419354838
117.0
0.0
109.24731182795699
101.59677419354838
0.0
109.24731182795699
0.0
109.24731182795699
0.0
109.24731182795699
101.59677419354838
0.0
109.24731182795699
109.24731182795699
0.0
109.24731182795699
109.24731182795699
0.0
109.24731182795699
109.24731182795699
109.24731182795699
109.24731182795699
109.24731182795699
0.0
109.24731182795699
0.0
109.24731182795699
109.24731182795699
109.24731182795699
109.24731182795699
109.24731182795699
0.0
102.64516129032258
102.64516129032258
102.64516129032258
102.64516129032258
102.64516129032258
0.0
102.64516129032258
102.64516129032258
102.64516129032258
102.64516129032258
102.64516129032258
0.0
102.64516129032258
102.64516129032258
102.64516129032258
102.64516129032258
102.64516129032258
0.0
102.64516129032258
0.0
102.64516129032258
0.0
102.64516129032258
0.0
102.64516129032258
102.64516129032258
102.64516129032258
102.64516129032258
102.64516129032258
0.0
102.64516129032258
0.0
102.64516129032258
0.0
102.64516129032258
0.0
102.64516129032258
0.0
102.64516129032258
0.0
102.64516129032258
0.0
102.64516129032258
0.0
102.64516129032258
0.0
102.64516129032258
0.0
102.64516129032258
0.0
102.64516129032258
0.0
102.64516129032258
0.0
102.64516129032258
0.0
102.64516129032258
0.0
102.64516129032258
102.64516129032258
111.65591397849462
102.90322580645162
117.0
0.0
102.64516129032258
102.64516129032258
111.65591397849462
102.90322580645162
117.0
0.0
102.64516129032258
102.64516129032258
111.65591397849462
102.90322580645162
117.0
0.0
102.64516129032258
102.64516129032258
111.65591397849462
102.90322580645162
117.0
0.0
102.64516129032258
102.64516129032258
111.65591397849462
102.90322580645162
0.0
102.64516129032258
102.64516129032258
111.65591397849462
102.90322580645162
117.0
0.0
102.64516129032258
102.64516129032258
111.65591397849462
102.90322580645162
117.0
0.0
102.64516129032258
102.64516129032258
111.65591397849462
102.90322580645162
0.0
102.64516129032258
102.64516129032258
111.65591397849462
102.90322580645162
117.0
0.0
102.64516129032258
0.0
102.64516129032258
102.64516129032258
111.65591397849462
102.90322580645162
0.0
102.64516129032258
102.64516129032258
111.65591397849462
102.90322580645162
117.0
0.0
107.97849462365592
114.41935483870968
106.90322580645162
117.0
106.90322580645162
0.0
107.97849462365592
114.41935483870968
106.90322580645162
117.0
106.90322580645162
0.0
107.97849462365592
114.41935483870968
106.90322580645162
117.0
106.90322580645162
0.0
107.97849462365592
114.41935483870968
106.90322580645162
117.0
106.90322580645162
0.0
107.97849462365592
114.41935483870968
106.90322580645162
117.0
106.90322580645162
0.0
107.97849462365592
114.41935483870968
106.90322580645162
117.0
106.90322580645162
0.0
107.97849462365592
114.41935483870968
106.90322580645162
117.0
106.90322580645162
0.0
107.97849462365592
114.41935483870968
106.90322580645162
117.0
106.90322580645162
0.0
107.97849462365592
114.41935483870968
106.90322580645162
117.0
106.90322580645162
0.0
115.38709677419355
107.54838709677419
107.54838709677419
107.54838709677419
107.54838709677419
0.0
115.38709677419355
107.54838709677419
107.54838709677419
107.54838709677419
107.54838709677419
0.0
107.97849462365592
114.41935483870968
106.90322580645162
117.0
106.90322580645162
0.0
115.38709677419355
107.54838709677419
107.54838709677419
107.54838709677419
107.54838709677419
0.0
115.38709677419355
107.54838709677419
107.54838709677419
107.54838709677419
107.54838709677419
0.0
115.38709677419355
107.54838709677419
107.54838709677419
107.54838709677419
107.54838709677419
0.0
115.38709677419355
107.54838709677419
107.54838709677419
107.54838709677419
107.54838709677419
0.0
115.38709677419355
107.54838709677419
107.54838709677419
107.54838709677419
107.54838709677419
0.0
115.38709677419355
115.38709677419355
107.54838709677419
107.54838709677419
107.54838709677419
0.0
115.38709677419355
115.38709677419355
107.54838709677419
107.54838709677419
107.54838709677419
0.0
115.38709677419355
115.38709677419355
115.38709677419355
107.54838709677419
107.54838709677419
0.0
115.38709677419355
115.38709677419355
115.38709677419355
115.38709677419355
115.38709677419355
0.0
115.38709677419355
115.38709677419355
107.54838709677419
107.54838709677419
107.54838709677419
0.0
115.38709677419355
115.38709677419355
107.54838709677419
107.54838709677419
107.54838709677419
0.0
115.38709677419355
115.38709677419355
107.54838709677419
107.54838709677419
107.54838709677419
0.0
115.38709677419355
115.38709677419355
107.54838709677419
107.54838709677419
107.54838709677419
0.0
115.38709677419355
115.38709677419355
107.54838709677419
107.54838709677419
107.54838709677419
0.0
115.38709677419355
115.38709677419355
115.38709677419355
115.38709677419355
0.0
91.56774193548387
0.0
115.38709677419355
115.38709677419355
107.54838709677419
107.54838709677419
0.0
115.38709677419355
115.38709677419355
115.38709677419355
107.54838709677419
0.0
107.97849462365592
117.0
107.97849462365592
107.97849462365592
0.0
115.38709677419355
115.38709677419355
115.38709677419355
115.38709677419355
0.0
115.38709677419355
115.38709677419355
115.38709677419355
115.38709677419355
0.0
115.38709677419355
115.38709677419355
115.38709677419355
115.38709677419355
0.0
115.38709677419355
115.38709677419355
115.38709677419355
115.38709677419355
0.0
115.38709677419355
115.38709677419355
115.38709677419355
115.38709677419355
0.0
115.38709677419355
115.38709677419355
115.38709677419355
115.38709677419355
0.0
115.38709677419355
115.38709677419355
115.38709677419355
115.38709677419355
0.0
115.38709677419355
115.38709677419355
115.38709677419355
115.38709677419355
0.0
115.38709677419355
115.38709677419355
115.38709677419355
115.38709677419355
0.0
115.38709677419355
115.38709677419355
115.38709677419355
115.38709677419355
0.0
115.38709677419355
115.38709677419355
115.38709677419355
115.38709677419355
0.0
0.0
107.54838709677419
0.0
115.38709677419355
0.0
115.38709677419355
115.38709677419355
115.38709677419355
115.38709677419355
0.0
107.54838709677419
