115.41935483870968
112.19354838709677
112.19354838709677
112.19354838709677
112.19354838709677
0.0
117.0
117.0
117.0
117.0
117.0
0.0
117.0
117.0
117.0
117.0
117.0
0.0
117.0
117.0
117.0
117.0
117.0
0.0
117.0
117.0
117.0
117.0
117.0
0.0
117.0
117.0
117.0
117.0
117.0
0.0
117.0
117.0
117.0
117.0
117.0
0.0
117.0
117.0
117.0
117.0
117.0
0.0
117.0
117.0
117.0
117.0
117.0
0.0
117.0
117.0
117.0
117.0
117.0
0.0
0.0
117.0
117.0
117.0
117.0
117.0
0.0
0.0
0.0
117.0
117.0
117.0
117.0
0.0
117.0
117.0
117.0
117.0
117.0
0.0
117.0
117.0
117.0
117.0
117.0
0.0
117.0
117.0
117.0
117.0
117.0
0.0
117.0
117.0
117.0
117.0
117.0
0.0
117.0
117.0
117.0
117.0
117.0
0.0
117.0
117.0
117.0
117.0
117.0
0.0
117.0
117.0
117.0
117.0
117.0
115.41935483870968
112.19354838709677
112.19354838709677
112.19354838709677
112.19354838709677
115.41935483870968
112.19354838709677
112.19354838709677
112.19354838709677
112.19354838709677
115.41935483870968
112.19354838709677
112.19354838709677
112.19354838709677
112.19354838709677
0.0
117.0
117.0
117.0
117.0
117.0
0.0
117.0
117.0
117.0
117.0
117.0
0.0
117.0
117.0
117.0
117.0
117.0
0.0
115.38709677419355
115.38709677419355
115.38709677419355
115.38709677419355
115.38709677419355
0.0
112.7741935483871
112.7741935483871
112.7741935483871
112.7741935483871
112.7741935483871
0.0
117.0
117.0
117.0
117.0
117.0
0.0
0.0
117.0
112.12903225806451
112.12903225806451
112.12903225806451
0.0
117.0
116.2258064516129
112.12903225806451
112.12903225806451
112.12903225806451
0.0
117.0
116.93548387096774
116.93548387096774
116.93548387096774
116.93548387096774
0.0
0.0
0.0
0.0
117.0
116.03225806451613
116.03225806451613
100.25268817204301
117.0
0.0
0.0
0.0
0.0
0.0
117.0
116.03225806451613
116.03225806451613
100.25268817204301
117.0
0.0
117.0
0.0
117.0
0.0
0.0
117.0
0.0
0.0
117.0
116.03225806451613
0.0
117.0
116.03225806451613
0.0
117.0
0.0
0.0
0.0
117.0
116.03225806451613
0.0
91.56774193548387
91.56774193548387
0.0
91.56774193548387
91.56774193548387
0.0
91.56774193548387
91.56774193548387
91.56774193548387
91.56774193548387
91.56774193548387
0.0
0.0
91.56774193548387
91.56774193548387
91.56774193548387
91.56774193548387
91.56774193548387
0.0
101.86559139784946
101.86559139784946
101.86559139784946
101.86559139784946
101.86559139784946
0.0
101.86559139784946
101.86559139784946
101.86559139784946
101.86559139784946
101.86559139784946
0.0
101.86559139784946
101.86559139784946
101.86559139784946
101.86559139784946
101.86559139784946
0.0
0.0
0.0
0.0
101.86559139784946
101.86559139784946
101.86559139784946
101.86559139784946
101.86559139784946
0.0
0.0
0.0
0.0
0.0
0.0
0.0
0.0
0.0
0.0
0.0
0.0
0.0
0.0
0.0
117.0
112.12903225806451
0.0
117.0
103.50537634408602
0.0
117.0
112.12903225806451
0.0
117.0
103.50537634408602
0.0
117.0
112.12903225806451
0.0
117.0
103.50537634408602
0.0
117.0
112.12903225806451
0.0
117.0
103.50537634408602
0.0
117.0
112.12903225806451
0.0
0.0
117.0
112.12903225806451
0.0
117.0
0.0
117.0
112.12903225806451
0.0
117.0
0.0
117.0
112.12903225806451
0.0
0.0
117.0
112.12903225806451
0.0
117.0
103.50537634408602
0.0
0.0
117.0
112.12903225806451
0.0
0.0
117.0
112.12903225806451
0.0
117.0
103.50537634408602
0.0
117.0
113.46236559139786
100.5752688172043
117.0
116.2258064516129
0.0
117.0
113.46236559139786
100.5752688172043
117.0
116.2258064516129
0.0
117.0
113.46236559139786
100.5752688172043
117.0
116.2258064516129
0.0
117.0
113.46236559139786
100.5752688172043
116.41935483870968
108.21505376344086
0.0
117.0
108.73118279569893
108.73118279569893
108.73118279569893
108.73118279569893
0.0
117.0
108.73118279569893
108.73118279569893
108.73118279569893
108.73118279569893
0.0
117.0
110.6236559139785
105.91397849462366
117.0
105.91397849462366
0.0
117.0
117.0
116.6774193548387
116.6774193548387
116.6774193548387
0.0
117.0
117.0
116.6774193548387
116.6774193548387
116.6774193548387
0.0
117.0
117.0
116.6774193548387
116.6774193548387
116.6774193548387
0.0
117.0
117.0
116.6774193548387
116.6774193548387
116.6774193548387
0.0
117.0
117.0
116.6774193548387
116.6774193548387
116.6774193548387
0.0
117.0
117.0
116.6774193548387
116.6774193548387
116.6774193548387
0.0
117.0
117.0
116.6774193548387
116.6774193548387
116.6774193548387
0.0
117.0
117.0
116.6774193548387
116.6774193548387
116.6774193548387
0.0
117.0
117.0
116.6774193548387
116.6774193548387
116.6774193548387
0.0
117.0
117.0
116.6774193548387
116.6774193548387
116.6774193548387
0.0
117.0
117.0
116.6774193548387
116.6774193548387
116.6774193548387
0.0
117.0
117.0
116.6774193548387
116.6774193548387
116.6774193548387
0.0
117.0
117.0
116.6774193548387
116.6774193548387
116.6774193548387
0.0
117.0
117.0
116.6774193548387
116.6774193548387
116.6774193548387
0.0
117.0
117.0
116.6774193548387
116.6774193548387
116.6774193548387
0.0
117.0
117.0
116.6774193548387
116.6774193548387
116.6774193548387
0.0
117.0
117.0
116.6774193548387
116.6774193548387
116.6774193548387
0.0
117.0
117.0
116.6774193548387
116.6774193548387
116.6774193548387
0.0
117.0
117.0
116.6774193548387
116.6774193548387
116.6774193548387
0.0
115.41935483870968
115.41935483870968
107.56989247311827
107.56989247311827
0.0
0.0
0.0
115.41935483870968
115.41935483870968
115.41935483870968
107.56989247311827
0.0
115.41935483870968
115.41935483870968
107.56989247311827
107.56989247311827
0.0
112.19354838709677
107.44086021505376
117.0
107.44086021505376
0.0
115.41935483870968
115.41935483870968
115.41935483870968
115.41935483870968
0.0
115.41935483870968
115.41935483870968
115.41935483870968
115.41935483870968
0.0
115.41935483870968
115.41935483870968
115.41935483870968
115.41935483870968
0.0
115.41935483870968
115.41935483870968
115.41935483870968
115.41935483870968
0.0
115.41935483870968
115.41935483870968
115.41935483870968
115.41935483870968
0.0
115.41935483870968
115.41935483870968
115.41935483870968
115.41935483870968
0.0
115.41935483870968
115.41935483870968
115.41935483870968
115.41935483870968
0.0
115.41935483870968
115.41935483870968
115.41935483870968
115.41935483870968
0.0
115.41935483870968
115.41935483870968
115.41935483870968
115.41935483870968
0.0
115.41935483870968
115.41935483870968
115.41935483870968
115.41935483870968
0.0
115.41935483870968
115.41935483870968
115.41935483870968
115.41935483870968
0.0
0.0
103.76344086021506
0.0
0.0
0.0
115.41935483870968
115.41935483870968
115.41935483870968
115.41935483870968
0.0
