115.58064516129032
109.50537634408603
109.50537634408603
109.50537634408603
109.50537634408603
0.0
0.0
0.0
0.0
0.0
0.0
0.0
0.0
0.0
0.0
0.0
0.0
0.0
0.0
0.0
0.0
0.0
0.0
0.0
0.0
0.0
0.0
0.0
0.0
0.0
0.0
0.0
0.0
0.0
0.0
0.0
0.0
0.0
0.0
0.0
0.0
0.0
0.0
0.0
0.0
0.0
0.0
0.0
0.0
0.0
0.0
0.0
0.0
0.0
0.0
0.0
0.0
0.0
0.0
0.0
0.0
0.0
0.0
0.0
0.0
0.0
0.0
0.0
0.0
0.0
0.0
0.0
0.0
0.0
0.0
0.0
0.0
0.0
0.0
0.0
0.0
0.0
0.0
0.0
0.0
0.0
0.0
0.0
0.0
0.0
0.0
0.0
0.0
0.0
0.0
0.0
0.0
0.0
0.0
0.0
0.0
0.0
0.0
0.0
0.0
0.0
0.0
0.0
0.0
0.0
0.0
0.0
0.0
0.0
0.0
113.3763440860215
113.3763440860215
113.3763440860215
113.3763440860215
113.3763440860215
115.58064516129032
109.50537634408603
109.50537634408603
109.50537634408603
109.50537634408603
115.58064516129032
109.50537634408603
109.50537634408603
109.50537634408603
109.50537634408603
0.0
0.0
0.0
0.0
0.0
0.0
0.0
0.0
0.0
0.0
0.0
0.0
0.0
0.0
0.0
0.0
0.0
0.0
0.0
0.0
0.0
0.0
0.0
0.0
0.0
0.0
0.0
0.0
0.0
0.0
0.0
0.0
0.0
0.0
0.0
0.0
0.0
0.0
0.0
112.12903225806451
112.12903225806451
0.0
0.0
0.0
0.0
117.0
116.2258064516129
112.12903225806451
0.0
0.0
114.74193548387096
114.74193548387096
114.74193548387096
101.86559139784946
0.0
0.0
0.0
0.0
117.0
116.03225806451613
116.03225806451613
100.25268817204301
117.0
0.0
0.0
0.0
0.0
0.0
117.0
116.03225806451613
116.03225806451613
100.25268817204301
117.0
0.0
117.0
0.0
117.0
0.0
0.0
117.0
0.0
0.0
117.0
116.03225806451613
0.0
117.0
116.03225806451613
0.0
117.0
0.0
0.0
0.0
117.0
0.0
112.12903225806451
112.12903225806451
0.0
112.12903225806451
112.12903225806451
0.0
112.12903225806451
112.12903225806451
112.12903225806451
112.12903225806451
112.12903225806451
0.0
0.0
112.12903225806451
112.12903225806451
112.12903225806451
112.12903225806451
112.12903225806451
0.0
100.25268817204301
100.25268817204301
100.25268817204301
100.25268817204301
100.25268817204301
0.0
100.25268817204301
100.25268817204301
100.25268817204301
100.25268817204301
100.25268817204301
0.0
100.25268817204301
100.25268817204301
100.25268817204301
100.25268817204301
100.25268817204301
0.0
0.0
0.0
0.0
100.25268817204301
100.25268817204301
100.25268817204301
100.25268817204301
100.25268817204301
0.0
0.0
0.0
0.0
0.0
0.0
0.0
0.0
0.0
0.0
0.0
0.0
0.0
0.0
0.0
117.0
100.5752688172043
117.0
100.5752688172043
117.0
0.0
117.0
100.5752688172043
117.0
100.5752688172043
117.0
0.0
117.0
100.5752688172043
117.0
100.5752688172043
0.0
117.0
100.5752688172043
117.0
100.5752688172043
117.0
0.0
117.0
100.5752688172043
117.0
0.0
117.0
100.5752688172043
117.0
100.5752688172043
0.0
117.0
100.5752688172043
117.0
100.5752688172043
0.0
117.0
100.5752688172043
117.0
0.0
117.0
100.5752688172043
117.0
100.5752688172043
117.0
0.0
0.0
117.0
100.5752688172043
117.0
0.0
117.0
100.5752688172043
117.0
100.5752688172043
117.0
0.0
117.0
103.50537634408602
117.0
103.50537634408602
117.0
0.0
117.0
101.86559139784946
117.0
112.6021505376344
107.24731182795699
0.0
110.79569892473118
110.79569892473118
110.79569892473118
110.79569892473118
110.79569892473118
0.0
101.86559139784946
117.0
101.86559139784946
117.0
101.86559139784946
0.0
0.0
117.0
113.20430107526882
100.25268817204301
117.0
0.0
0.0
117.0
112.12903225806451
0.0
117.0
0.0
0.0
117.0
113.20430107526882
100.25268817204301
117.0
0.0
0.0
112.12903225806451
0.0
117.0
103.50537634408602
0.0
0.0
0.0
117.0
112.12903225806451
112.12903225806451
0.0
0.0
0.0
117.0
108.21505376344086
108.21505376344086
0.0
0.0
0.0
117.0
108.21505376344086
108.21505376344086
0.0
0.0
0.0
117.0
112.12903225806451
112.12903225806451
0.0
0.0
0.0
117.0
103.50537634408602
117.0
0.0
0.0
0.0
117.0
112.12903225806451
112.12903225806451
0.0
0.0
0.0
117.0
112.12903225806451
112.12903225806451
0.0
0.0
0.0
117.0
108.21505376344086
108.21505376344086
0.0
0.0
0.0
117.0
108.21505376344086
108.21505376344086
0.0
0.0
0.0
113.46236559139786
108.21505376344086
108.21505376344086
0.0
0.0
0.0
113.46236559139786
108.21505376344086
108.21505376344086
0.0
0.0
0.0
117.0
103.50537634408602
117.0
0.0
0.0
0.0
0.0
0.0
0.0
0.0
0.0
0.0
113.46236559139786
108.21505376344086
108.21505376344086
0.0
0.0
0.0
113.46236559139786
108.21505376344086
108.21505376344086
0.0
0.0
0.0
113.46236559139786
108.21505376344086
108.21505376344086
0.0
0.0
0.0
113.46236559139786
108.21505376344086
108.21505376344086
0.0
0.0
0.0
113.46236559139786
108.21505376344086
108.21505376344086
0.0
113.3763440860215
113.3763440860215
113.3763440860215
113.3763440860215
0.0
0.0
0.0
107.0752688172043
107.0752688172043
107.0752688172043
107.0752688172043
0.0
107.0752688172043
107.0752688172043
107.0752688172043
107.0752688172043
0.0
112.3010752688172
109.24731182795699
101.59677419354838
117.0
0.0
115.58064516129032
115.58064516129032
115.58064516129032
115.58064516129032
0.0
115.58064516129032
115.58064516129032
115.58064516129032
115.58064516129032
0.0
115.58064516129032
115.58064516129032
115.58064516129032
115.58064516129032
0.0
115.58064516129032
115.58064516129032
115.58064516129032
115.58064516129032
0.0
115.58064516129032
115.58064516129032
115.58064516129032
115.58064516129032
0.0
115.58064516129032
115.58064516129032
115.58064516129032
115.58064516129032
0.0
115.58064516129032
115.58064516129032
115.58064516129032
115.58064516129032
0.0
115.58064516129032
115.58064516129032
115.58064516129032
115.58064516129032
0.0
115.58064516129032
115.58064516129032
115.58064516129032
115.58064516129032
0.0
115.58064516129032
115.58064516129032
115.58064516129032
115.58064516129032
0.0
115.58064516129032
115.58064516129032
115.58064516129032
115.58064516129032
0.0
0.0
0.0
0.0
0.0
115.58064516129032
115.58064516129032
115.58064516129032
115.58064516129032
0.0
