115.38709677419355
109.24731182795699
109.24731182795699
109.24731182795699
109.24731182795699
0.0
0.0
0.0
0.0
0.0
0.0
0.0
0.0
0.0
0.0
0.0
0.0
0.0
0.0
0.0
0.0
0.0
0.0
0.0
0.0
0.0
0.0
0.0
0.0
0.0
0.0
0.0
0.0
0.0
0.0
0.0
0.0
0.0
0.0
0.0
0.0
0.0
0.0
0.0
0.0
0.0
0.0
0.0
0.0
0.0
0.0
0.0
0.0
0.0
0.0
0.0
0.0
0.0
0.0
0.0
0.0
0.0
0.0
0.0
0.0
0.0
0.0
0.0
0.0
0.0
0.0
0.0
0.0
0.0
0.0
0.0
0.0
0.0
0.0
0.0
0.0
0.0
0.0
0.0
0.0
0.0
0.0
0.0
0.0
0.0
0.0
0.0
0.0
0.0
0.0
0.0
0.0
0.0
0.0
0.0
0.0
0.0
0.0
0.0
0.0
0.0
0.0
0.0
0.0
0.0
0.0
0.0
0.0
0.0
0.0
0.0
117.0
117.0
117.0
117.0
115.38709677419355
115.38709677419355
109.24731182795699
109.24731182795699
109.24731182795699
115.38709677419355
115.38709677419355
109.24731182795699
109.24731182795699
109.24731182795699
0.0
0.0
0.0
0.0
0.0
0.0
0.0
0.0
0.0
0.0
0.0
0.0
0.0
0.0
0.0
0.0
0.0
0.0
0.0
0.0
0.0
0.0
0.0
0.0
0.0
0.0
0.0
0.0
0.0
0.0
0.0
0.0
0.0
0.0
0.0
0.0
0.0
0.0
0.0
0.0
117.0
112.12903225806451
0.0
0.0
0.0
117.0
108.21505376344086
108.21505376344086
0.0
0.0
0.0
117.0
112.12903225806451
112.12903225806451
0.0
0.0
0.0
0.0
117.0
103.50537634408602
117.0
116.03225806451613
103.50537634408602
0.0
0.0
0.0
0.0
0.0
117.0
103.50537634408602
117.0
116.03225806451613
103.50537634408602
0.0
117.0
0.0
117.0
0.0
0.0
117.0
0.0
0.0
117.0
103.50537634408602
0.0
117.0
103.50537634408602
0.0
117.0
0.0
0.0
0.0
117.0
0.0
100.25268817204301
100.25268817204301
0.0
100.25268817204301
100.25268817204301
0.0
100.25268817204301
100.25268817204301
100.25268817204301
100.25268817204301
100.25268817204301
0.0
0.0
100.25268817204301
100.25268817204301
100.25268817204301
100.25268817204301
100.25268817204301
0.0
101.86559139784946
101.86559139784946
101.86559139784946
101.86559139784946
101.86559139784946
0.0
101.86559139784946
101.86559139784946
101.86559139784946
101.86559139784946
101.86559139784946
0.0
101.86559139784946
101.86559139784946
101.86559139784946
101.86559139784946
101.86559139784946
0.0
0.0
0.0
0.0
101.86559139784946
101.86559139784946
101.86559139784946
101.86559139784946
101.86559139784946
0.0
0.0
0.0
0.0
0.0
0.0
0.0
0.0
0.0
0.0
0.0
0.0
0.0
0.0
0.0
117.0
101.86559139784946
117.0
101.86559139784946
117.0
0.0
117.0
101.86559139784946
117.0
101.86559139784946
117.0
0.0
117.0
101.86559139784946
117.0
101.86559139784946
0.0
117.0
101.86559139784946
117.0
101.86559139784946
117.0
0.0
117.0
101.86559139784946
117.0
0.0
117.0
101.86559139784946
117.0
101.86559139784946
0.0
117.0
101.86559139784946
117.0
101.86559139784946
0.0
117.0
101.86559139784946
117.0
0.0
117.0
101.86559139784946
117.0
101.86559139784946
117.0
0.0
0.0
117.0
101.86559139784946
117.0
0.0
117.0
101.86559139784946
117.0
101.86559139784946
117.0
0.0
101.86559139784946
116.6774193548387
116.6774193548387
101.86559139784946
117.0
0.0
0.0
117.0
103.50537634408602
117.0
112.12903225806451
0.0
0.0
117.0
100.25268817204301
113.20430107526882
100.25268817204301
0.0
0.0
117.0
101.86559139784946
101.86559139784946
117.0
0.0
0.0
117.0
113.20430107526882
100.25268817204301
117.0
0.0
0.0
117.0
112.12903225806451
112.12903225806451
0.0
0.0
0.0
0.0
117.0
112.25806451612902
95.15913978494623
0.0
0.0
0.0
117.0
108.21505376344086
108.21505376344086
0.0
0.0
0.0
117.0
103.50537634408602
117.0
0.0
0.0
0.0
117.0
108.21505376344086
108.21505376344086
0.0
0.0
0.0
117.0
108.21505376344086
108.21505376344086
0.0
0.0
0.0
117.0
103.50537634408602
117.0
0.0
0.0
0.0
117.0
113.72043010752688
108.73118279569893
0.0
0.0
0.0
117.0
117.0
116.41935483870968
0.0
0.0
0.0
117.0
117.0
113.46236559139786
0.0
0.0
0.0
117.0
117.0
103.50537634408602
0.0
0.0
0.0
103.50537634408602
117.0
108.21505376344086
0.0
0.0
0.0
0.0
117.0
117.0
0.0
0.0
0.0
0.0
117.0
117.0
0.0
0.0
0.0
0.0
117.0
108.21505376344086
0.0
0.0
0.0
0.0
0.0
0.0
0.0
0.0
0.0
0.0
117.0
117.0
0.0
0.0
0.0
0.0
117.0
117.0
0.0
0.0
0.0
0.0
117.0
117.0
0.0
0.0
0.0
0.0
117.0
117.0
0.0
0.0
0.0
0.0
117.0
117.0
0.0
117.0
117.0
116.6774193548387
116.6774193548387
0.0
0.0
0.0
115.38709677419355
115.38709677419355
107.54838709677419
107.54838709677419
0.0
115.38709677419355
115.38709677419355
107.54838709677419
107.54838709677419
0.0
107.97849462365592
117.0
107.97849462365592
107.97849462365592
0.0
115.38709677419355
115.38709677419355
115.38709677419355
115.38709677419355
0.0
115.38709677419355
115.38709677419355
115.38709677419355
115.38709677419355
0.0
115.38709677419355
115.38709677419355
115.38709677419355
115.38709677419355
0.0
115.38709677419355
115.38709677419355
115.38709677419355
115.38709677419355
0.0
115.38709677419355
115.38709677419355
115.38709677419355
115.38709677419355
0.0
115.38709677419355
115.38709677419355
115.38709677419355
115.38709677419355
0.0
115.38709677419355
115.38709677419355
115.38709677419355
115.38709677419355
0.0
115.38709677419355
115.38709677419355
115.38709677419355
115.38709677419355
0.0
115.38709677419355
115.38709677419355
115.38709677419355
115.38709677419355
0.0
115.38709677419355
115.38709677419355
115.38709677419355
115.38709677419355
0.0
115.38709677419355
115.38709677419355
115.38709677419355
115.38709677419355
0.0
0.0
0.0
0.0
0.0
115.38709677419355
115.38709677419355
115.38709677419355
115.38709677419355
0.0
