115.58064516129032
109.50537634408603
109.50537634408603
109.50537634408603
109.50537634408603
115.58064516129032
109.50537634408603
109.50537634408603
109.50537634408603
109.50537634408603
109.50537634408603
115.58064516129032
109.50537634408603
109.50537634408603
109.50537634408603
109.50537634408603
109.50537634408603
115.58064516129032
112.3010752688172
109.24731182795699
109.24731182795699
109.24731182795699
109.24731182795699
115.58064516129032
113.3763440860215
113.3763440860215
113.3763440860215
109.24731182795699
109.24731182795699
115.58064516129032
109.50537634408603
109.50537634408603
109.50537634408603
109.50537634408603
109.50537634408603
115.58064516129032
109.50537634408603
109.50537634408603
109.50537634408603
109.50537634408603
109.50537634408603
115.58064516129032
109.50537634408603
109.50537634408603
109.50537634408603
109.50537634408603
109.50537634408603
115.58064516129032
112.3010752688172
109.24731182795699
109.24731182795699
109.24731182795699
109.24731182795699
115.58064516129032
112.3010752688172
109.24731182795699
109.24731182795699
109.24731182795699
109.24731182795699
115.58064516129032
109.50537634408603
115.58064516129032
109.50537634408603
109.50537634408603
109.50537634408603
109.50537634408603
109.50537634408603
115.58064516129032
109.50537634408603
115.58064516129032
109.50537634408603
115.58064516129032
109.50537634408603
109.50537634408603
109.50537634408603
109.50537634408603
109.50537634408603
115.58064516129032
109.50537634408603
109.50537634408603
109.50537634408603
109.50537634408603
109.50537634408603
115.58064516129032
109.50537634408603
109.50537634408603
109.50537634408603
109.50537634408603
109.50537634408603
115.58064516129032
109.50537634408603
109.50537634408603
109.50537634408603
109.50537634408603
109.50537634408603
115.58064516129032
113.3763440860215
113.3763440860215
113.3763440860215
113.3763440860215
113.3763440860215
115.58064516129032
113.3763440860215
113.3763440860215
113.3763440860215
113.3763440860215
113.3763440860215
115.58064516129032
113.3763440860215
113.3763440860215
113.3763440860215
113.3763440860215
113.3763440860215
115.58064516129032
113.3763440860215
113.3763440860215
113.3763440860215
113.3763440860215
113.3763440860215
115.58064516129032
113.3763440860215
113.3763440860215
113.3763440860215
113.3763440860215
115.58064516129032
113.3763440860215
113.3763440860215
113.3763440860215
113.3763440860215
115.58064516129032
113.3763440860215
113.3763440860215
113.3763440860215
113.3763440860215
115.58064516129032
113.3763440860215
113.3763440860215
113.3763440860215
113.3763440860215
113.3763440860215
115.58064516129032
113.3763440860215
113.3763440860215
113.3763440860215
113.3763440860215
113.3763440860215
115.58064516129032
113.3763440860215
113.3763440860215
113.3763440860215
113.3763440860215
113.3763440860215
115.58064516129032
113.3763440860215
113.3763440860215
113.3763440860215
113.3763440860215
113.3763440860215
115.58064516129032
113.3763440860215
113.3763440860215
113.3763440860215
113.3763440860215
113.3763440860215
115.58064516129032
113.3763440860215
113.3763440860215
113.3763440860215
113.3763440860215
113.3763440860215
115.58064516129032
115.58064516129032
115.58064516129032
115.58064516129032
107.6774193548387
107.6774193548387
115.58064516129032
113.3763440860215
113.3763440860215
113.3763440860215
106.0
106.0
115.58064516129032
115.58064516129032
115.58064516129032
113.3763440860215
106.0
117.0
115.58064516129032
115.58064516129032
115.58064516129032
115.58064516129032
115.58064516129032
115.58064516129032
109.50537634408603
101.22043010752688
117.0
110.36559139784947
106.43010752688173
115.58064516129032
109.50537634408603
115.58064516129032
109.50537634408603
115.58064516129032
109.50537634408603
115.58064516129032
109.50537634408603
115.58064516129032
109.50537634408603
101.22043010752688
117.0
110.36559139784947
106.43010752688173
115.58064516129032
109.50537634408603
101.22043010752688
115.58064516129032
109.50537634408603
101.22043010752688
0.0
109.50537634408603
0.0
109.50537634408603
101.22043010752688
0.0
109.50537634408603
0.0
109.50537634408603
101.22043010752688
117.0
0.0
109.50537634408603
101.22043010752688
117.0
0.0
109.50537634408603
101.22043010752688
0.0
109.50537634408603
0.0
109.50537634408603
0.0
109.50537634408603
101.22043010752688
0.0
109.50537634408603
109.50537634408603
0.0
109.50537634408603
109.50537634408603
0.0
109.50537634408603
109.50537634408603
109.50537634408603
109.50537634408603
109.50537634408603
0.0
109.50537634408603
0.0
109.50537634408603
109.50537634408603
109.50537634408603
109.50537634408603
109.50537634408603
0.0
107.0752688172043
107.0752688172043
107.0752688172043
107.0752688172043
107.0752688172043
0.0
107.0752688172043
107.0752688172043
107.0752688172043
107.0752688172043
107.0752688172043
0.0
107.0752688172043
107.0752688172043
107.0752688172043
107.0752688172043
107.0752688172043
0.0
107.0752688172043
0.0
107.0752688172043
0.0
107.0752688172043
0.0
107.0752688172043
107.0752688172043
107.0752688172043
107.0752688172043
107.0752688172043
0.0
107.0752688172043
0.0
107.0752688172043
0.0
107.0752688172043
0.0
107.0752688172043
0.0
0.0
107.0752688172043
0.0
107.0752688172043
0.0
107.0752688172043
0.0
107.0752688172043
0.0
107.0752688172043
0.0
107.0752688172043
0.0
107.0752688172043
0.0
107.0752688172043
0.0
107.0752688172043
0.0
107.0752688172043
107.0752688172043
107.0752688172043
107.0752688172043
107.0752688172043
0.0
107.0752688172043
107.0752688172043
107.0752688172043
107.0752688172043
107.0752688172043
0.0
107.0752688172043
107.0752688172043
107.0752688172043
107.0752688172043
107.0752688172043
0.0
107.0752688172043
107.0752688172043
107.0752688172043
107.0752688172043
107.0752688172043
0.0
107.0752688172043
107.0752688172043
107.0752688172043
107.0752688172043
0.0
107.0752688172043
107.0752688172043
107.0752688172043
107.0752688172043
107.0752688172043
0.0
107.0752688172043
107.0752688172043
107.0752688172043
107.0752688172043
107.0752688172043
0.0
107.0752688172043
107.0752688172043
107.0752688172043
107.0752688172043
0.0
107.0752688172043
107.0752688172043
107.0752688172043
107.0752688172043
107.0752688172043
0.0
107.0752688172043
0.0
107.0752688172043
107.0752688172043
107.0752688172043
107.0752688172043
0.0
107.0752688172043
107.0752688172043
107.0752688172043
107.0752688172043
107.0752688172043
0.0
107.0752688172043
107.0752688172043
107.0752688172043
107.0752688172043
107.0752688172043
0.0
107.0752688172043
107.0752688172043
107.0752688172043
107.0752688172043
107.0752688172043
0.0
107.0752688172043
107.0752688172043
107.0752688172043
107.0752688172043
107.0752688172043
0.0
107.0752688172043
107.0752688172043
107.0752688172043
107.0752688172043
107.0752688172043
0.0
107.0752688172043
107.0752688172043
107.0752688172043
107.0752688172043
107.0752688172043
0.0
107.0752688172043
107.0752688172043
107.0752688172043
107.0752688172043
107.0752688172043
0.0
107.0752688172043
107.0752688172043
107.0752688172043
107.0752688172043
107.0752688172043
0.0
107.0752688172043
107.0752688172043
107.0752688172043
107.0752688172043
107.0752688172043
0.0
107.0752688172043
107.0752688172043
107.0752688172043
107.0752688172043
107.0752688172043
0.0
107.0752688172043
107.0752688172043
107.0752688172043
107.0752688172043
107.0752688172043
0.0
107.0752688172043
107.0752688172043
107.0752688172043
107.0752688172043
107.0752688172043
0.0
107.0752688172043
107.0752688172043
107.0752688172043
107.0752688172043
107.0752688172043
0.0
107.0752688172043
107.0752688172043
107.0752688172043
107.0752688172043
107.0752688172043
0.0
107.0752688172043
107.0752688172043
107.0752688172043
107.0752688172043
107.0752688172043
0.0
107.0752688172043
107.0752688172043
107.0752688172043
107.0752688172043
107.0752688172043
0.0
107.0752688172043
107.0752688172043
107.0752688172043
107.0752688172043
107.0752688172043
0.0
107.0752688172043
107.0752688172043
107.0752688172043
107.0752688172043
107.0752688172043
0.0
107.0752688172043
107.0752688172043
107.0752688172043
107.0752688172043
107.0752688172043
0.0
107.0752688172043
107.0752688172043
107.0752688172043
107.0752688172043
107.0752688172043
0.0
107.0752688172043
107.0752688172043
107.0752688172043
107.0752688172043
107.0752688172043
0.0
107.0752688172043
107.0752688172043
107.0752688172043
107.0752688172043
107.0752688172043
0.0
107.0752688172043
107.0752688172043
107.0752688172043
107.0752688172043
107.0752688172043
0.0
107.0752688172043
107.0752688172043
107.0752688172043
107.0752688172043
107.0752688172043
0.0
107.0752688172043
107.0752688172043
107.0752688172043
107.0752688172043
107.0752688172043
0.0
107.0752688172043
107.0752688172043
107.0752688172043
107.0752688172043
107.0752688172043
0.0
107.0752688172043
107.0752688172043
107.0752688172043
107.0752688172043
107.0752688172043
0.0
107.0752688172043
107.0752688172043
107.0752688172043
107.0752688172043
0.0
0.0
0.0
107.0752688172043
107.0752688172043
107.0752688172043
107.0752688172043
0.0
107.0752688172043
107.0752688172043
107.0752688172043
107.0752688172043
0.0
112.3010752688172
109.24731182795699
101.59677419354838
117.0
0.0
115.58064516129032
115.58064516129032
115.58064516129032
115.58064516129032
0.0
115.58064516129032
115.58064516129032
115.58064516129032
115.58064516129032
0.0
115.58064516129032
115.58064516129032
115.58064516129032
115.58064516129032
0.0
115.58064516129032
115.58064516129032
115.58064516129032
115.58064516129032
0.0
115.58064516129032
115.58064516129032
115.58064516129032
115.58064516129032
0.0
115.58064516129032
115.58064516129032
115.58064516129032
115.58064516129032
0.0
115.58064516129032
115.58064516129032
115.58064516129032
115.58064516129032
0.0
115.58064516129032
115.58064516129032
115.58064516129032
115.58064516129032
0.0
115.58064516129032
115.58064516129032
115.58064516129032
115.58064516129032
0.0
115.58064516129032
115.58064516129032
115.58064516129032
115.58064516129032
0.0
115.58064516129032
115.58064516129032
115.58064516129032
115.58064516129032
0.0
0.0
107.6774193548387
0.0
0.0
0.0
115.58064516129032
115.58064516129032
115.58064516129032
115.58064516129032
0.0
107.6774193548387
