115.58064516129032
109.50537634408603
109.50537634408603
109.50537634408603
109.50537634408603
0.0
100.25268817204301
113.72043010752688
113.72043010752688
113.72043010752688
113.72043010752688
0.0
0.0
117.0
117.0
117.0
117.0
0.0
0.0
110.6236559139785
110.6236559139785
110.6236559139785
110.6236559139785
0.0
0.0
91.56774193548387
105.91397849462366
113.46236559139786
113.46236559139786
0.0
100.25268817204301
113.72043010752688
113.72043010752688
113.72043010752688
113.72043010752688
0.0
100.25268817204301
113.72043010752688
113.72043010752688
113.72043010752688
113.72043010752688
0.0
100.25268817204301
115.38709677419355
115.38709677419355
115.38709677419355
115.38709677419355
0.0
0.0
112.7741935483871
112.7741935483871
112.7741935483871
112.7741935483871
0.0
0.0
0.0
0.0
0.0
0.0
0.0
0.0
100.25268817204301
113.72043010752688
113.72043010752688
113.72043010752688
113.72043010752688
0.0
0.0
0.0
100.25268817204301
113.72043010752688
113.72043010752688
113.72043010752688
0.0
100.25268817204301
113.72043010752688
113.72043010752688
113.72043010752688
113.72043010752688
0.0
100.25268817204301
113.72043010752688
113.72043010752688
113.72043010752688
113.72043010752688
0.0
100.25268817204301
113.72043010752688
113.72043010752688
113.72043010752688
113.72043010752688
0.0
0.0
0.0
0.0
0.0
0.0
0.0
0.0
0.0
0.0
0.0
0.0
0.0
0.0
0.0
0.0
0.0
0.0
0.0
0.0
0.0
0.0
0.0
0.0
115.58064516129032
112.3010752688172
112.3010752688172
109.24731182795699
109.24731182795699
115.58064516129032
112.3010752688172
112.3010752688172
109.24731182795699
109.24731182795699
115.58064516129032
112.3010752688172
112.3010752688172
109.24731182795699
109.24731182795699
0.0
0.0
0.0
0.0
0.0
0.0
0.0
0.0
0.0
0.0
0.0
0.0
0.0
0.0
0.0
0.0
0.0
0.0
0.0
0.0
0.0
0.0
0.0
0.0
0.0
0.0
0.0
0.0
0.0
0.0
0.0
0.0
0.0
0.0
0.0
0.0
0.0
0.0
0.0
117.0
112.12903225806451
112.12903225806451
0.0
0.0
117.0
112.12903225806451
112.12903225806451
112.12903225806451
0.0
0.0
117.0
105.91397849462366
117.0
110.6236559139785
0.0
0.0
0.0
0.0
117.0
113.20430107526882
113.20430107526882
113.20430107526882
113.20430107526882
0.0
0.0
0.0
0.0
0.0
117.0
113.20430107526882
113.20430107526882
113.20430107526882
113.20430107526882
0.0
117.0
0.0
117.0
0.0
0.0
117.0
0.0
0.0
117.0
113.20430107526882
0.0
117.0
113.20430107526882
0.0
117.0
0.0
0.0
0.0
117.0
113.20430107526882
0.0
100.25268817204301
100.25268817204301
0.0
100.25268817204301
100.25268817204301
0.0
100.25268817204301
100.25268817204301
100.25268817204301
100.25268817204301
100.25268817204301
0.0
0.0
100.25268817204301
100.25268817204301
100.25268817204301
100.25268817204301
100.25268817204301
0.0
112.12903225806451
112.12903225806451
112.12903225806451
112.12903225806451
112.12903225806451
0.0
112.12903225806451
112.12903225806451
112.12903225806451
112.12903225806451
112.12903225806451
0.0
112.12903225806451
112.12903225806451
112.12903225806451
112.12903225806451
112.12903225806451
0.0
0.0
0.0
0.0
112.12903225806451
112.12903225806451
112.12903225806451
112.12903225806451
112.12903225806451
0.0
0.0
0.0
0.0
0.0
0.0
0.0
0.0
0.0
0.0
0.0
0.0
0.0
0.0
0.0
117.0
112.12903225806451
0.0
112.12903225806451
0.0
0.0
117.0
112.12903225806451
0.0
112.12903225806451
0.0
0.0
117.0
112.12903225806451
0.0
112.12903225806451
0.0
0.0
117.0
112.12903225806451
0.0
112.12903225806451
0.0
0.0
117.0
112.12903225806451
0.0
0.0
117.0
112.12903225806451
0.0
112.12903225806451
0.0
117.0
112.12903225806451
0.0
112.12903225806451
0.0
117.0
112.12903225806451
0.0
0.0
117.0
112.12903225806451
0.0
112.12903225806451
0.0
0.0
0.0
117.0
112.12903225806451
0.0
0.0
117.0
112.12903225806451
0.0
112.12903225806451
0.0
0.0
117.0
110.79569892473118
101.86559139784946
117.0
101.86559139784946
0.0
117.0
101.86559139784946
117.0
115.12903225806451
107.24731182795699
0.0
117.0
110.79569892473118
101.86559139784946
117.0
101.86559139784946
0.0
117.0
110.79569892473118
101.86559139784946
117.0
101.86559139784946
0.0
117.0
113.46236559139786
108.21505376344086
108.21505376344086
108.21505376344086
0.0
117.0
117.0
115.12903225806451
110.79569892473118
110.79569892473118
0.0
117.0
117.0
114.74193548387096
101.86559139784946
117.0
0.0
117.0
117.0
117.0
117.0
95.15913978494623
0.0
117.0
117.0
117.0
117.0
95.15913978494623
0.0
117.0
112.12903225806451
112.12903225806451
112.12903225806451
0.0
0.0
117.0
112.12903225806451
112.12903225806451
112.12903225806451
0.0
0.0
117.0
117.0
117.0
117.0
95.15913978494623
0.0
110.79569892473118
110.79569892473118
110.79569892473118
110.79569892473118
110.79569892473118
0.0
110.79569892473118
110.79569892473118
110.79569892473118
110.79569892473118
110.79569892473118
0.0
110.79569892473118
110.79569892473118
110.79569892473118
110.79569892473118
110.79569892473118
0.0
110.79569892473118
110.79569892473118
110.79569892473118
110.79569892473118
110.79569892473118
0.0
110.79569892473118
110.79569892473118
110.79569892473118
110.79569892473118
110.79569892473118
0.0
110.79569892473118
110.79569892473118
110.79569892473118
110.79569892473118
110.79569892473118
0.0
110.79569892473118
110.79569892473118
110.79569892473118
110.79569892473118
110.79569892473118
0.0
110.79569892473118
110.79569892473118
110.79569892473118
110.79569892473118
110.79569892473118
0.0
110.79569892473118
110.79569892473118
110.79569892473118
110.79569892473118
110.79569892473118
0.0
110.79569892473118
110.79569892473118
110.79569892473118
110.79569892473118
110.79569892473118
0.0
110.79569892473118
110.79569892473118
110.79569892473118
110.79569892473118
110.79569892473118
0.0
110.79569892473118
110.79569892473118
110.79569892473118
110.79569892473118
110.79569892473118
0.0
110.79569892473118
110.79569892473118
110.79569892473118
110.79569892473118
110.79569892473118
0.0
110.79569892473118
110.79569892473118
110.79569892473118
110.79569892473118
110.79569892473118
0.0
115.58064516129032
102.64516129032258
113.03225806451613
107.6774193548387
0.0
0.0
0.0
115.58064516129032
115.58064516129032
101.59677419354838
110.36559139784947
0.0
115.58064516129032
102.64516129032258
113.03225806451613
107.6774193548387
0.0
112.3010752688172
109.24731182795699
101.59677419354838
117.0
0.0
115.58064516129032
115.58064516129032
115.58064516129032
115.58064516129032
0.0
115.58064516129032
115.58064516129032
115.58064516129032
115.58064516129032
0.0
115.58064516129032
115.58064516129032
115.58064516129032
115.58064516129032
0.0
115.58064516129032
115.58064516129032
115.58064516129032
115.58064516129032
0.0
115.58064516129032
115.58064516129032
115.58064516129032
115.58064516129032
0.0
115.58064516129032
115.58064516129032
115.58064516129032
115.58064516129032
0.0
115.58064516129032
115.58064516129032
115.58064516129032
115.58064516129032
0.0
115.58064516129032
115.58064516129032
115.58064516129032
115.58064516129032
0.0
115.58064516129032
115.58064516129032
115.58064516129032
115.58064516129032
0.0
115.58064516129032
115.58064516129032
115.58064516129032
115.58064516129032
0.0
115.58064516129032
115.58064516129032
115.58064516129032
115.58064516129032
0.0
0.0
0.0
0.0
0.0
115.58064516129032
115.58064516129032
115.58064516129032
115.58064516129032
0.0
