116.3225806451613
112.79569892473118
110.23655913978494
110.23655913978494
110.23655913978494
116.3225806451613
112.79569892473118
110.23655913978494
110.23655913978494
110.23655913978494
110.23655913978494
116.3225806451613
112.79569892473118
110.23655913978494
110.23655913978494
110.23655913978494
110.23655913978494
116.3225806451613
112.79569892473118
110.23655913978494
110.23655913978494
110.23655913978494
110.23655913978494
116.3225806451613
112.79569892473118
110.23655913978494
110.23655913978494
110.23655913978494
110.23655913978494
116.3225806451613
112.79569892473118
110.23655913978494
110.23655913978494
110.23655913978494
110.23655913978494
116.3225806451613
112.79569892473118
110.23655913978494
110.23655913978494
110.23655913978494
110.23655913978494
116.3225806451613
112.79569892473118
110.23655913978494
110.23655913978494
110.23655913978494
110.23655913978494
116.3225806451613
112.79569892473118
110.23655913978494
110.23655913978494
110.23655913978494
110.23655913978494
116.3225806451613
112.79569892473118
110.23655913978494
110.23655913978494
110.23655913978494
110.23655913978494
116.3225806451613
112.79569892473118
116.3225806451613
112.79569892473118
110.23655913978494
110.23655913978494
110.23655913978494
110.23655913978494
116.3225806451613
112.79569892473118
116.3225806451613
112.79569892473118
116.3225806451613
112.79569892473118
110.23655913978494
110.23655913978494
110.23655913978494
110.23655913978494
116.3225806451613
112.79569892473118
110.23655913978494
110.23655913978494
110.23655913978494
110.23655913978494
116.3225806451613
112.79569892473118
110.23655913978494
110.23655913978494
110.23655913978494
110.23655913978494
116.3225806451613
112.79569892473118
110.23655913978494
110.23655913978494
110.23655913978494
110.23655913978494
116.3225806451613
112.79569892473118
110.23655913978494
110.23655913978494
110.23655913978494
110.23655913978494
116.3225806451613
112.79569892473118
110.23655913978494
110.23655913978494
110.23655913978494
110.23655913978494
116.3225806451613
112.79569892473118
110.23655913978494
110.23655913978494
110.23655913978494
110.23655913978494
116.3225806451613
112.79569892473118
110.23655913978494
110.23655913978494
110.23655913978494
110.23655913978494
116.3225806451613
112.79569892473118
110.23655913978494
110.23655913978494
110.23655913978494
116.3225806451613
112.79569892473118
110.23655913978494
110.23655913978494
110.23655913978494
116.3225806451613
112.79569892473118
110.23655913978494
110.23655913978494
110.23655913978494
116.3225806451613
112.79569892473118
110.23655913978494
110.23655913978494
110.23655913978494
110.23655913978494
116.3225806451613
112.79569892473118
110.23655913978494
110.23655913978494
110.23655913978494
110.23655913978494
116.3225806451613
112.79569892473118
110.23655913978494
110.23655913978494
110.23655913978494
110.23655913978494
116.3225806451613
112.79569892473118
110.23655913978494
110.23655913978494
110.23655913978494
110.23655913978494
116.3225806451613
112.79569892473118
110.23655913978494
110.23655913978494
110.23655913978494
110.23655913978494
116.3225806451613
112.79569892473118
110.23655913978494
110.23655913978494
110.23655913978494
110.23655913978494
116.3225806451613
116.3225806451613
116.3225806451613
104.96774193548387
104.96774193548387
104.96774193548387
116.3225806451613
112.79569892473118
110.23655913978494
110.23655913978494
103.63440860215054
103.63440860215054
116.3225806451613
116.3225806451613
116.3225806451613
104.96774193548387
104.96774193548387
104.96774193548387
116.3225806451613
116.3225806451613
116.3225806451613
116.3225806451613
116.3225806451613
116.3225806451613
116.3225806451613
104.96774193548387
104.96774193548387
104.96774193548387
104.96774193548387
104.96774193548387
116.3225806451613
104.96774193548387
116.3225806451613
104.96774193548387
116.3225806451613
104.96774193548387
116.3225806451613
104.96774193548387
116.3225806451613
104.96774193548387
104.96774193548387
104.96774193548387
104.96774193548387
104.96774193548387
116.3225806451613
104.96774193548387
104.96774193548387
116.3225806451613
104.96774193548387
104.96774193548387
0.0
104.96774193548387
0.0
104.96774193548387
104.96774193548387
0.0
104.96774193548387
0.0
104.96774193548387
104.96774193548387
104.96774193548387
0.0
104.96774193548387
104.96774193548387
104.96774193548387
0.0
104.96774193548387
104.96774193548387
0.0
104.96774193548387
0.0
104.96774193548387
0.0
104.96774193548387
104.96774193548387
0.0
104.96774193548387
104.96774193548387
0.0
104.96774193548387
104.96774193548387
0.0
104.96774193548387
104.96774193548387
104.96774193548387
104.96774193548387
104.96774193548387
0.0
104.96774193548387
0.0
104.96774193548387
104.96774193548387
104.96774193548387
104.96774193548387
104.96774193548387
0.0
104.96774193548387
104.96774193548387
104.96774193548387
104.96774193548387
104.96774193548387
0.0
104.96774193548387
104.96774193548387
104.96774193548387
104.96774193548387
104.96774193548387
0.0
104.96774193548387
104.96774193548387
104.96774193548387
104.96774193548387
104.96774193548387
0.0
104.96774193548387
0.0
104.96774193548387
0.0
104.96774193548387
0.0
104.96774193548387
104.96774193548387
104.96774193548387
104.96774193548387
104.96774193548387
0.0
104.96774193548387
0.0
104.96774193548387
0.0
104.96774193548387
0.0
104.96774193548387
0.0
104.96774193548387
0.0
104.96774193548387
0.0
104.96774193548387
0.0
104.96774193548387
0.0
104.96774193548387
0.0
104.96774193548387
0.0
104.96774193548387
0.0
104.96774193548387
0.0
104.96774193548387
0.0
104.96774193548387
0.0
104.96774193548387
104.96774193548387
104.96774193548387
109.67741935483872
106.08602150537634
0.0
104.96774193548387
104.96774193548387
104.96774193548387
109.67741935483872
106.08602150537634
0.0
104.96774193548387
104.96774193548387
104.96774193548387
109.67741935483872
106.08602150537634
0.0
104.96774193548387
104.96774193548387
104.96774193548387
109.67741935483872
106.08602150537634
0.0
104.96774193548387
104.96774193548387
104.96774193548387
109.67741935483872
0.0
104.96774193548387
104.96774193548387
104.96774193548387
109.67741935483872
106.08602150537634
0.0
104.96774193548387
104.96774193548387
104.96774193548387
109.67741935483872
106.08602150537634
0.0
104.96774193548387
104.96774193548387
104.96774193548387
109.67741935483872
0.0
104.96774193548387
104.96774193548387
104.96774193548387
109.67741935483872
106.08602150537634
0.0
104.96774193548387
0.0
104.96774193548387
104.96774193548387
104.96774193548387
109.67741935483872
0.0
104.96774193548387
104.96774193548387
104.96774193548387
109.67741935483872
106.08602150537634
0.0
104.96774193548387
104.96774193548387
109.67741935483872
106.08602150537634
115.19354838709677
0.0
104.96774193548387
104.96774193548387
109.67741935483872
104.96774193548387
109.67741935483872
0.0
104.96774193548387
104.96774193548387
109.67741935483872
103.0752688172043
115.70967741935483
0.0
104.96774193548387
104.96774193548387
109.67741935483872
103.0752688172043
115.70967741935483
0.0
116.3225806451613
104.96774193548387
109.67741935483872
103.0752688172043
116.09677419354838
0.0
116.3225806451613
104.96774193548387
109.67741935483872
103.0752688172043
116.09677419354838
0.0
116.3225806451613
104.96774193548387
109.67741935483872
103.0752688172043
115.70967741935483
0.0
116.3225806451613
104.96774193548387
109.67741935483872
109.67741935483872
104.96774193548387
0.0
116.3225806451613
116.3225806451613
104.96774193548387
109.67741935483872
104.96774193548387
0.0
116.3225806451613
116.3225806451613
104.96774193548387
109.67741935483872
109.67741935483872
0.0
116.3225806451613
116.3225806451613
104.96774193548387
109.67741935483872
109.67741935483872
0.0
116.3225806451613
116.3225806451613
104.96774193548387
109.67741935483872
104.96774193548387
0.0
116.3225806451613
116.3225806451613
104.96774193548387
109.67741935483872
104.96774193548387
0.0
116.3225806451613
116.3225806451613
104.96774193548387
109.67741935483872
109.67741935483872
0.0
116.3225806451613
116.3225806451613
104.96774193548387
109.67741935483872
109.67741935483872
0.0
116.3225806451613
116.3225806451613
116.3225806451613
103.63440860215054
108.34408602150538
0.0
116.3225806451613
116.3225806451613
116.3225806451613
103.63440860215054
108.34408602150538
0.0
116.3225806451613
116.3225806451613
116.3225806451613
103.63440860215054
108.34408602150538
0.0
116.3225806451613
116.3225806451613
116.3225806451613
103.63440860215054
108.34408602150538
0.0
116.3225806451613
116.3225806451613
116.3225806451613
103.63440860215054
108.34408602150538
0.0
116.3225806451613
116.3225806451613
116.3225806451613
103.63440860215054
108.34408602150538
0.0
116.3225806451613
116.3225806451613
116.3225806451613
103.63440860215054
108.34408602150538
0.0
116.3225806451613
116.3225806451613
116.3225806451613
103.63440860215054
108.34408602150538
0.0
116.3225806451613
116.3225806451613
116.3225806451613
103.63440860215054
108.34408602150538
0.0
116.3225806451613
116.3225806451613
116.3225806451613
103.63440860215054
108.34408602150538
0.0
116.3225806451613
116.3225806451613
116.3225806451613
103.63440860215054
108.34408602150538
0.0
116.3225806451613
116.3225806451613
116.3225806451613
106.36559139784946
0.0
116.3225806451613
0.0
116.3225806451613
116.3225806451613
116.3225806451613
116.3225806451613
0.0
116.3225806451613
116.3225806451613
116.3225806451613
116.3225806451613
0.0
112.79569892473118
108.08602150537635
106.36559139784946
106.36559139784946
0.0
116.3225806451613
116.3225806451613
116.3225806451613
116.3225806451613
0.0
116.3225806451613
116.3225806451613
116.3225806451613
116.3225806451613
0.0
116.3225806451613
116.3225806451613
116.3225806451613
116.3225806451613
0.0
116.3225806451613
116.3225806451613
116.3225806451613
116.3225806451613
0.0
116.3225806451613
116.3225806451613
116.3225806451613
116.3225806451613
0.0
116.3225806451613
116.3225806451613
116.3225806451613
116.3225806451613
0.0
116.3225806451613
116.3225806451613
116.3225806451613
116.3225806451613
0.0
116.3225806451613
116.3225806451613
116.3225806451613
116.3225806451613
0.0
116.3225806451613
116.3225806451613
116.3225806451613
116.3225806451613
0.0
116.3225806451613
116.3225806451613
116.3225806451613
116.3225806451613
0.0
116.3225806451613
116.3225806451613
116.3225806451613
116.3225806451613
0.0
0.0
104.96774193548387
0.0
0.0
0.0
0.0
0.0
0.0
0.0
0.0
116.3225806451613
0.0
116.3225806451613
116.3225806451613
116.3225806451613
116.3225806451613
0.0
0.0
104.96774193548387
