116.3225806451613
112.79569892473118
110.23655913978494
110.23655913978494
110.23655913978494
116.3225806451613
112.79569892473118
110.23655913978494
110.23655913978494
110.23655913978494
110.23655913978494
116.3225806451613
112.79569892473118
110.23655913978494
110.23655913978494
110.23655913978494
110.23655913978494
116.3225806451613
112.79569892473118
110.23655913978494
110.23655913978494
110.23655913978494
110.23655913978494
116.3225806451613
112.79569892473118
110.23655913978494
110.23655913978494
110.23655913978494
110.23655913978494
116.3225806451613
112.79569892473118
110.23655913978494
110.23655913978494
110.23655913978494
110.23655913978494
116.3225806451613
112.79569892473118
110.23655913978494
110.23655913978494
110.23655913978494
110.23655913978494
116.3225806451613
112.79569892473118
110.23655913978494
110.23655913978494
110.23655913978494
110.23655913978494
116.3225806451613
112.79569892473118
110.23655913978494
110.23655913978494
110.23655913978494
110.23655913978494
116.3225806451613
112.79569892473118
110.23655913978494
110.23655913978494
110.23655913978494
110.23655913978494
116.3225806451613
112.79569892473118
116.3225806451613
112.79569892473118
110.23655913978494
110.23655913978494
110.23655913978494
110.23655913978494
116.3225806451613
112.79569892473118
116.3225806451613
112.79569892473118
116.3225806451613
112.79569892473118
110.23655913978494
110.23655913978494
110.23655913978494
110.23655913978494
116.3225806451613
112.79569892473118
110.23655913978494
110.23655913978494
110.23655913978494
110.23655913978494
116.3225806451613
112.79569892473118
110.23655913978494
110.23655913978494
110.23655913978494
110.23655913978494
116.3225806451613
112.79569892473118
110.23655913978494
110.23655913978494
110.23655913978494
110.23655913978494
116.3225806451613
112.79569892473118
110.23655913978494
110.23655913978494
110.23655913978494
110.23655913978494
116.3225806451613
112.79569892473118
110.23655913978494
110.23655913978494
110.23655913978494
110.23655913978494
116.3225806451613
112.79569892473118
110.23655913978494
110.23655913978494
110.23655913978494
110.23655913978494
116.3225806451613
112.79569892473118
110.23655913978494
110.23655913978494
110.23655913978494
110.23655913978494
116.3225806451613
112.79569892473118
110.23655913978494
110.23655913978494
110.23655913978494
116.3225806451613
112.79569892473118
110.23655913978494
110.23655913978494
110.23655913978494
116.3225806451613
112.79569892473118
110.23655913978494
110.23655913978494
110.23655913978494
116.3225806451613
112.79569892473118
110.23655913978494
110.23655913978494
110.23655913978494
110.23655913978494
116.3225806451613
112.79569892473118
110.23655913978494
110.23655913978494
110.23655913978494
110.23655913978494
116.3225806451613
112.79569892473118
110.23655913978494
110.23655913978494
110.23655913978494
110.23655913978494
116.3225806451613
112.79569892473118
110.23655913978494
110.23655913978494
110.23655913978494
110.23655913978494
116.3225806451613
112.79569892473118
110.23655913978494
110.23655913978494
110.23655913978494
110.23655913978494
116.3225806451613
112.79569892473118
110.23655913978494
110.23655913978494
110.23655913978494
110.23655913978494
116.3225806451613
104.96774193548387
113.93548387096774
112.25806451612902
95.15913978494623
117.0
116.3225806451613
104.96774193548387
113.93548387096774
112.25806451612902
95.15913978494623
110.79569892473118
116.3225806451613
104.96774193548387
115.70967741935483
111.56989247311829
108.21505376344086
108.21505376344086
116.3225806451613
104.96774193548387
116.3225806451613
104.96774193548387
116.3225806451613
104.96774193548387
116.3225806451613
104.96774193548387
113.93548387096774
110.36559139784947
107.50537634408602
117.0
116.3225806451613
104.96774193548387
116.3225806451613
104.96774193548387
116.3225806451613
104.96774193548387
116.3225806451613
104.96774193548387
116.3225806451613
104.96774193548387
113.93548387096774
110.36559139784947
107.50537634408602
117.0
116.3225806451613
104.96774193548387
113.93548387096774
116.3225806451613
104.96774193548387
113.93548387096774
0.0
104.96774193548387
0.0
104.96774193548387
113.93548387096774
0.0
104.96774193548387
0.0
104.96774193548387
113.93548387096774
110.36559139784947
0.0
104.96774193548387
113.93548387096774
110.36559139784947
0.0
104.96774193548387
113.93548387096774
0.0
104.96774193548387
0.0
104.96774193548387
0.0
104.96774193548387
113.93548387096774
0.0
104.96774193548387
104.96774193548387
0.0
104.96774193548387
104.96774193548387
0.0
104.96774193548387
104.96774193548387
104.96774193548387
104.96774193548387
104.96774193548387
0.0
104.96774193548387
0.0
104.96774193548387
104.96774193548387
104.96774193548387
104.96774193548387
104.96774193548387
0.0
104.96774193548387
104.96774193548387
104.96774193548387
104.96774193548387
104.96774193548387
0.0
104.96774193548387
104.96774193548387
104.96774193548387
104.96774193548387
104.96774193548387
0.0
104.96774193548387
104.96774193548387
104.96774193548387
104.96774193548387
104.96774193548387
0.0
104.96774193548387
0.0
104.96774193548387
0.0
104.96774193548387
0.0
104.96774193548387
104.96774193548387
104.96774193548387
104.96774193548387
104.96774193548387
0.0
104.96774193548387
0.0
104.96774193548387
0.0
104.96774193548387
0.0
104.96774193548387
0.0
104.96774193548387
0.0
104.96774193548387
0.0
104.96774193548387
0.0
104.96774193548387
0.0
104.96774193548387
0.0
104.96774193548387
0.0
104.96774193548387
0.0
104.96774193548387
0.0
104.96774193548387
0.0
104.96774193548387
0.0
104.96774193548387
113.93548387096774
110.36559139784947
93.33118279569892
117.0
0.0
104.96774193548387
113.93548387096774
110.36559139784947
93.33118279569892
117.0
0.0
104.96774193548387
113.93548387096774
110.36559139784947
93.33118279569892
117.0
0.0
104.96774193548387
113.93548387096774
110.36559139784947
93.33118279569892
117.0
0.0
104.96774193548387
113.93548387096774
110.36559139784947
93.33118279569892
0.0
104.96774193548387
113.93548387096774
110.36559139784947
93.33118279569892
117.0
0.0
104.96774193548387
113.93548387096774
110.36559139784947
93.33118279569892
117.0
0.0
104.96774193548387
113.93548387096774
110.36559139784947
93.33118279569892
0.0
104.96774193548387
113.93548387096774
110.36559139784947
93.33118279569892
117.0
0.0
104.96774193548387
0.0
104.96774193548387
113.93548387096774
110.36559139784947
93.33118279569892
0.0
104.96774193548387
113.93548387096774
110.36559139784947
93.33118279569892
117.0
0.0
104.96774193548387
111.56989247311829
107.03225806451613
117.0
107.03225806451613
0.0
104.96774193548387
111.56989247311829
107.03225806451613
117.0
107.03225806451613
0.0
104.96774193548387
113.93548387096774
110.36559139784947
93.33118279569892
117.0
0.0
104.96774193548387
113.93548387096774
110.36559139784947
93.33118279569892
110.36559139784947
0.0
104.96774193548387
113.93548387096774
110.36559139784947
107.50537634408602
117.0
0.0
104.96774193548387
113.93548387096774
110.36559139784947
107.50537634408602
117.0
0.0
104.96774193548387
113.93548387096774
110.36559139784947
107.50537634408602
117.0
0.0
104.96774193548387
113.93548387096774
98.06989247311827
113.93548387096774
98.06989247311827
0.0
104.96774193548387
113.93548387096774
112.25806451612902
95.15913978494623
112.25806451612902
0.0
104.96774193548387
113.93548387096774
112.25806451612902
95.15913978494623
112.25806451612902
0.0
104.96774193548387
113.93548387096774
112.25806451612902
95.15913978494623
112.25806451612902
0.0
104.96774193548387
113.93548387096774
112.25806451612902
95.15913978494623
112.25806451612902
0.0
106.36559139784946
106.36559139784946
106.36559139784946
106.36559139784946
106.36559139784946
0.0
106.36559139784946
106.36559139784946
106.36559139784946
106.36559139784946
106.36559139784946
0.0
106.36559139784946
106.36559139784946
106.36559139784946
106.36559139784946
106.36559139784946
0.0
106.36559139784946
106.36559139784946
106.36559139784946
106.36559139784946
106.36559139784946
0.0
106.36559139784946
106.36559139784946
106.36559139784946
106.36559139784946
106.36559139784946
0.0
106.36559139784946
106.36559139784946
106.36559139784946
106.36559139784946
106.36559139784946
0.0
106.36559139784946
106.36559139784946
106.36559139784946
106.36559139784946
106.36559139784946
0.0
106.36559139784946
106.36559139784946
106.36559139784946
106.36559139784946
106.36559139784946
0.0
106.36559139784946
106.36559139784946
106.36559139784946
106.36559139784946
106.36559139784946
0.0
106.36559139784946
106.36559139784946
106.36559139784946
106.36559139784946
106.36559139784946
0.0
106.36559139784946
106.36559139784946
106.36559139784946
106.36559139784946
106.36559139784946
0.0
106.36559139784946
106.36559139784946
106.36559139784946
106.36559139784946
106.36559139784946
0.0
106.36559139784946
106.36559139784946
106.36559139784946
106.36559139784946
106.36559139784946
0.0
106.36559139784946
106.36559139784946
106.36559139784946
106.36559139784946
106.36559139784946
0.0
106.36559139784946
106.36559139784946
106.36559139784946
106.36559139784946
0.0
91.56774193548387
0.0
106.36559139784946
106.36559139784946
106.36559139784946
106.36559139784946
0.0
106.36559139784946
106.36559139784946
106.36559139784946
106.36559139784946
0.0
112.79569892473118
108.08602150537635
106.36559139784946
106.36559139784946
0.0
116.3225806451613
116.3225806451613
116.3225806451613
116.3225806451613
0.0
116.3225806451613
116.3225806451613
116.3225806451613
116.3225806451613
0.0
116.3225806451613
116.3225806451613
116.3225806451613
116.3225806451613
0.0
116.3225806451613
116.3225806451613
116.3225806451613
116.3225806451613
0.0
116.3225806451613
116.3225806451613
116.3225806451613
116.3225806451613
0.0
116.3225806451613
116.3225806451613
116.3225806451613
116.3225806451613
0.0
116.3225806451613
116.3225806451613
116.3225806451613
116.3225806451613
0.0
116.3225806451613
116.3225806451613
116.3225806451613
116.3225806451613
0.0
116.3225806451613
116.3225806451613
116.3225806451613
116.3225806451613
0.0
116.3225806451613
116.3225806451613
116.3225806451613
116.3225806451613
0.0
116.3225806451613
116.3225806451613
116.3225806451613
116.3225806451613
0.0
0.0
104.96774193548387
0.0
116.3225806451613
0.0
116.3225806451613
116.3225806451613
116.3225806451613
116.3225806451613
0.0
104.96774193548387
