115.48387096774194
109.3763440860215
109.3763440860215
109.3763440860215
109.3763440860215
0.0
117.0
117.0
117.0
117.0
117.0
0.0
117.0
117.0
117.0
117.0
117.0
0.0
101.86559139784946
117.0
117.0
117.0
117.0
0.0
0.0
117.0
117.0
117.0
117.0
0.0
117.0
117.0
117.0
117.0
117.0
0.0
117.0
117.0
117.0
117.0
117.0
0.0
117.0
117.0
117.0
117.0
117.0
0.0
117.0
117.0
117.0
117.0
117.0
0.0
0.0
0.0
113.20430107526882
113.20430107526882
113.20430107526882
0.0
0.0
117.0
117.0
117.0
117.0
117.0
0.0
0.0
0.0
117.0
117.0
117.0
117.0
0.0
117.0
117.0
117.0
117.0
117.0
0.0
117.0
117.0
117.0
117.0
117.0
0.0
117.0
117.0
117.0
117.0
117.0
0.0
0.0
0.0
0.0
100.25268817204301
117.0
0.0
0.0
0.0
0.0
100.25268817204301
117.0
0.0
0.0
0.0
0.0
100.25268817204301
117.0
0.0
0.0
0.0
0.0
100.25268817204301
117.0
115.48387096774194
108.08602150537635
108.08602150537635
108.08602150537635
108.08602150537635
115.48387096774194
108.08602150537635
108.08602150537635
108.08602150537635
108.08602150537635
115.48387096774194
108.08602150537635
108.08602150537635
108.08602150537635
108.08602150537635
0.0
0.0
0.0
0.0
100.25268817204301
117.0
0.0
0.0
0.0
0.0
0.0
0.0
0.0
0.0
0.0
0.0
0.0
0.0
0.0
0.0
0.0
0.0
0.0
117.0
0.0
0.0
0.0
0.0
0.0
117.0
0.0
0.0
0.0
0.0
100.25268817204301
117.0
0.0
0.0
117.0
101.86559139784946
117.0
101.86559139784946
0.0
0.0
117.0
105.91397849462366
117.0
105.91397849462366
0.0
101.86559139784946
111.13978494623656
106.21505376344086
117.0
106.21505376344086
0.0
0.0
0.0
0.0
117.0
116.03225806451613
116.03225806451613
100.25268817204301
117.0
0.0
0.0
0.0
0.0
0.0
117.0
116.03225806451613
116.03225806451613
100.25268817204301
117.0
0.0
117.0
0.0
117.0
0.0
0.0
117.0
0.0
0.0
117.0
116.03225806451613
0.0
117.0
116.03225806451613
0.0
117.0
0.0
0.0
0.0
117.0
116.03225806451613
0.0
101.86559139784946
101.86559139784946
0.0
101.86559139784946
101.86559139784946
0.0
101.86559139784946
101.86559139784946
101.86559139784946
101.86559139784946
101.86559139784946
0.0
0.0
101.86559139784946
101.86559139784946
101.86559139784946
101.86559139784946
101.86559139784946
0.0
91.56774193548387
91.56774193548387
91.56774193548387
91.56774193548387
91.56774193548387
0.0
91.56774193548387
91.56774193548387
91.56774193548387
91.56774193548387
91.56774193548387
0.0
91.56774193548387
91.56774193548387
91.56774193548387
91.56774193548387
91.56774193548387
0.0
0.0
0.0
0.0
91.56774193548387
91.56774193548387
91.56774193548387
91.56774193548387
91.56774193548387
0.0
0.0
0.0
0.0
0.0
0.0
0.0
0.0
0.0
0.0
0.0
0.0
0.0
0.0
0.0
117.0
117.0
112.6021505376344
97.24193548387098
117.0
0.0
117.0
117.0
112.6021505376344
97.24193548387098
117.0
0.0
117.0
117.0
112.6021505376344
97.24193548387098
117.0
0.0
117.0
117.0
112.6021505376344
97.24193548387098
117.0
0.0
117.0
117.0
112.6021505376344
0.0
117.0
117.0
112.6021505376344
97.24193548387098
0.0
117.0
117.0
112.6021505376344
97.24193548387098
0.0
117.0
117.0
112.6021505376344
0.0
117.0
117.0
112.6021505376344
97.24193548387098
117.0
0.0
0.0
117.0
117.0
112.6021505376344
0.0
117.0
117.0
112.6021505376344
97.24193548387098
117.0
0.0
117.0
102.12903225806451
117.0
102.12903225806451
117.0
0.0
117.0
116.93548387096774
112.6021505376344
107.24731182795699
117.0
0.0
117.0
116.93548387096774
112.6021505376344
107.24731182795699
117.0
0.0
117.0
116.93548387096774
112.6021505376344
107.24731182795699
117.0
0.0
117.0
117.0
101.86559139784946
117.0
101.86559139784946
0.0
117.0
117.0
115.0
110.6236559139785
105.91397849462366
0.0
117.0
113.46236559139786
108.21505376344086
108.21505376344086
108.21505376344086
0.0
117.0
117.0
115.12903225806451
110.79569892473118
110.79569892473118
0.0
117.0
117.0
115.12903225806451
110.79569892473118
110.79569892473118
0.0
117.0
117.0
114.74193548387096
101.86559139784946
117.0
0.0
117.0
117.0
114.74193548387096
101.86559139784946
117.0
0.0
117.0
117.0
115.12903225806451
110.79569892473118
110.79569892473118
0.0
117.0
117.0
115.0
102.12903225806451
117.0
0.0
117.0
117.0
115.0
102.12903225806451
117.0
0.0
117.0
117.0
117.0
113.46236559139786
108.21505376344086
0.0
117.0
117.0
117.0
113.46236559139786
108.21505376344086
0.0
117.0
117.0
117.0
113.46236559139786
108.21505376344086
0.0
117.0
117.0
117.0
113.46236559139786
108.21505376344086
0.0
117.0
117.0
117.0
113.46236559139786
108.21505376344086
0.0
117.0
117.0
117.0
113.46236559139786
108.21505376344086
0.0
117.0
117.0
117.0
113.46236559139786
108.21505376344086
0.0
117.0
117.0
117.0
113.46236559139786
108.21505376344086
0.0
117.0
117.0
117.0
113.46236559139786
108.21505376344086
0.0
117.0
117.0
117.0
113.46236559139786
108.21505376344086
0.0
117.0
117.0
117.0
113.46236559139786
108.21505376344086
0.0
117.0
117.0
117.0
113.46236559139786
108.21505376344086
0.0
106.36559139784946
106.36559139784946
106.36559139784946
106.36559139784946
0.0
0.0
0.0
106.36559139784946
106.36559139784946
106.36559139784946
106.36559139784946
0.0
106.36559139784946
106.36559139784946
106.36559139784946
106.36559139784946
0.0
113.31182795698925
106.36559139784946
117.0
117.0
0.0
115.48387096774194
115.48387096774194
115.48387096774194
115.48387096774194
0.0
115.48387096774194
115.48387096774194
115.48387096774194
115.48387096774194
0.0
115.48387096774194
115.48387096774194
115.48387096774194
115.48387096774194
0.0
115.48387096774194
115.48387096774194
115.48387096774194
115.48387096774194
0.0
115.48387096774194
115.48387096774194
115.48387096774194
115.48387096774194
0.0
115.48387096774194
115.48387096774194
115.48387096774194
115.48387096774194
0.0
115.48387096774194
115.48387096774194
115.48387096774194
115.48387096774194
0.0
115.48387096774194
115.48387096774194
115.48387096774194
115.48387096774194
0.0
115.48387096774194
115.48387096774194
115.48387096774194
115.48387096774194
0.0
115.48387096774194
115.48387096774194
115.48387096774194
115.48387096774194
0.0
115.48387096774194
115.48387096774194
115.48387096774194
115.48387096774194
0.0
0.0
0.0
0.0
0.0
115.48387096774194
115.48387096774194
115.48387096774194
115.48387096774194
0.0
