115.58064516129032
109.50537634408603
109.50537634408603
109.50537634408603
109.50537634408603
0.0
117.0
117.0
117.0
117.0
117.0
0.0
117.0
117.0
117.0
117.0
117.0
0.0
117.0
117.0
117.0
117.0
117.0
0.0
117.0
117.0
117.0
117.0
117.0
0.0
117.0
117.0
117.0
117.0
117.0
0.0
117.0
117.0
117.0
117.0
117.0
0.0
117.0
117.0
117.0
117.0
117.0
0.0
117.0
117.0
117.0
117.0
117.0
0.0
0.0
102.12903225806451
117.0
117.0
117.0
0.0
0.0
117.0
117.0
117.0
117.0
117.0
0.0
0.0
0.0
117.0
117.0
117.0
117.0
0.0
117.0
117.0
117.0
117.0
117.0
0.0
117.0
117.0
117.0
117.0
117.0
0.0
117.0
117.0
117.0
117.0
117.0
0.0
0.0
0.0
108.21505376344086
108.21505376344086
108.21505376344086
0.0
0.0
0.0
108.21505376344086
108.21505376344086
108.21505376344086
0.0
0.0
0.0
108.21505376344086
108.21505376344086
108.21505376344086
0.0
0.0
0.0
108.21505376344086
108.21505376344086
108.21505376344086
115.58064516129032
113.3763440860215
113.3763440860215
113.3763440860215
113.3763440860215
115.58064516129032
113.3763440860215
113.3763440860215
113.3763440860215
113.3763440860215
115.58064516129032
113.3763440860215
113.3763440860215
113.3763440860215
113.3763440860215
0.0
0.0
0.0
108.21505376344086
108.21505376344086
108.21505376344086
0.0
0.0
0.0
0.0
100.25268817204301
117.0
0.0
0.0
0.0
0.0
100.25268817204301
117.0
0.0
0.0
0.0
95.15913978494623
108.21505376344086
108.21505376344086
0.0
0.0
0.0
0.0
113.20430107526882
113.20430107526882
0.0
0.0
0.0
117.0
117.0
117.0
0.0
0.0
117.0
117.0
103.50537634408602
117.0
0.0
0.0
117.0
106.21505376344086
117.0
106.21505376344086
0.0
117.0
116.93548387096774
116.93548387096774
116.93548387096774
116.93548387096774
0.0
0.0
0.0
0.0
117.0
101.86559139784946
117.0
113.20430107526882
100.25268817204301
0.0
0.0
0.0
0.0
0.0
117.0
101.86559139784946
117.0
113.20430107526882
100.25268817204301
0.0
117.0
0.0
117.0
0.0
0.0
117.0
0.0
0.0
117.0
101.86559139784946
0.0
117.0
101.86559139784946
0.0
117.0
0.0
0.0
0.0
117.0
101.86559139784946
0.0
112.12903225806451
112.12903225806451
0.0
112.12903225806451
112.12903225806451
0.0
112.12903225806451
112.12903225806451
112.12903225806451
112.12903225806451
112.12903225806451
0.0
0.0
112.12903225806451
112.12903225806451
112.12903225806451
112.12903225806451
112.12903225806451
0.0
95.15913978494623
95.15913978494623
95.15913978494623
95.15913978494623
95.15913978494623
0.0
95.15913978494623
95.15913978494623
95.15913978494623
95.15913978494623
95.15913978494623
0.0
95.15913978494623
95.15913978494623
95.15913978494623
95.15913978494623
95.15913978494623
0.0
0.0
0.0
0.0
95.15913978494623
95.15913978494623
95.15913978494623
95.15913978494623
95.15913978494623
0.0
0.0
0.0
0.0
0.0
0.0
0.0
0.0
0.0
0.0
0.0
0.0
0.0
0.0
0.0
117.0
101.86559139784946
117.0
101.86559139784946
117.0
0.0
117.0
101.86559139784946
117.0
101.86559139784946
117.0
0.0
117.0
101.86559139784946
117.0
101.86559139784946
117.0
0.0
117.0
101.86559139784946
117.0
101.86559139784946
117.0
0.0
117.0
101.86559139784946
117.0
0.0
117.0
101.86559139784946
117.0
101.86559139784946
0.0
117.0
101.86559139784946
117.0
101.86559139784946
0.0
117.0
101.86559139784946
117.0
0.0
117.0
101.86559139784946
117.0
101.86559139784946
117.0
0.0
0.0
117.0
101.86559139784946
117.0
0.0
117.0
101.86559139784946
117.0
101.86559139784946
117.0
0.0
117.0
117.0
112.6021505376344
107.24731182795699
117.0
0.0
117.0
101.86559139784946
117.0
112.6021505376344
107.24731182795699
0.0
117.0
117.0
112.6021505376344
107.24731182795699
117.0
0.0
117.0
117.0
115.12903225806451
110.79569892473118
110.79569892473118
0.0
117.0
112.6021505376344
107.24731182795699
117.0
107.24731182795699
0.0
117.0
117.0
117.0
117.0
117.0
0.0
117.0
116.93548387096774
112.6021505376344
107.24731182795699
117.0
0.0
117.0
112.12903225806451
112.12903225806451
112.12903225806451
112.12903225806451
0.0
117.0
112.12903225806451
112.12903225806451
112.12903225806451
112.12903225806451
0.0
117.0
117.0
116.2258064516129
91.56774193548387
117.0
0.0
117.0
117.0
116.2258064516129
91.56774193548387
117.0
0.0
117.0
112.12903225806451
112.12903225806451
112.12903225806451
112.12903225806451
0.0
117.0
117.0
115.12903225806451
110.79569892473118
110.79569892473118
0.0
117.0
117.0
115.12903225806451
110.79569892473118
110.79569892473118
0.0
117.0
117.0
117.0
117.0
117.0
0.0
117.0
117.0
117.0
117.0
117.0
0.0
117.0
117.0
117.0
117.0
117.0
0.0
117.0
117.0
117.0
117.0
117.0
0.0
117.0
117.0
117.0
117.0
117.0
0.0
117.0
117.0
117.0
117.0
117.0
0.0
117.0
117.0
117.0
117.0
117.0
0.0
117.0
117.0
117.0
117.0
117.0
0.0
117.0
117.0
117.0
117.0
117.0
0.0
117.0
117.0
117.0
117.0
117.0
0.0
117.0
117.0
117.0
117.0
117.0
0.0
117.0
117.0
117.0
117.0
117.0
0.0
101.59677419354838
112.38709677419355
107.03225806451613
112.38709677419355
0.0
0.0
0.0
101.59677419354838
114.41935483870968
114.41935483870968
114.41935483870968
0.0
101.59677419354838
112.38709677419355
107.03225806451613
112.38709677419355
0.0
112.3010752688172
109.24731182795699
101.59677419354838
117.0
0.0
115.58064516129032
115.58064516129032
115.58064516129032
115.58064516129032
0.0
115.58064516129032
115.58064516129032
115.58064516129032
115.58064516129032
0.0
115.58064516129032
115.58064516129032
115.58064516129032
115.58064516129032
0.0
115.58064516129032
115.58064516129032
115.58064516129032
115.58064516129032
0.0
115.58064516129032
115.58064516129032
115.58064516129032
115.58064516129032
0.0
115.58064516129032
115.58064516129032
115.58064516129032
115.58064516129032
0.0
115.58064516129032
115.58064516129032
115.58064516129032
115.58064516129032
0.0
115.58064516129032
115.58064516129032
115.58064516129032
115.58064516129032
0.0
115.58064516129032
115.58064516129032
115.58064516129032
115.58064516129032
0.0
115.58064516129032
115.58064516129032
115.58064516129032
115.58064516129032
0.0
115.58064516129032
115.58064516129032
115.58064516129032
115.58064516129032
0.0
0.0
0.0
0.0
0.0
115.58064516129032
115.58064516129032
115.58064516129032
115.58064516129032
0.0
