114.58064516129032
114.58064516129032
114.58064516129032
114.58064516129032
114.58064516129032
114.58064516129032
114.58064516129032
114.58064516129032
114.58064516129032
114.58064516129032
114.58064516129032
114.58064516129032
114.58064516129032
114.58064516129032
114.58064516129032
114.58064516129032
114.58064516129032
114.58064516129032
114.58064516129032
114.58064516129032
114.58064516129032
114.58064516129032
114.58064516129032
114.58064516129032
114.58064516129032
114.58064516129032
114.58064516129032
114.58064516129032
114.58064516129032
114.58064516129032
114.58064516129032
114.58064516129032
114.58064516129032
114.58064516129032
114.58064516129032
114.58064516129032
114.58064516129032
114.58064516129032
114.58064516129032
114.58064516129032
114.58064516129032
114.58064516129032
114.58064516129032
114.58064516129032
114.58064516129032
114.58064516129032
114.58064516129032
114.58064516129032
114.58064516129032
114.58064516129032
114.58064516129032
114.58064516129032
114.58064516129032
114.58064516129032
114.58064516129032
114.58064516129032
114.58064516129032
114.58064516129032
114.58064516129032
114.58064516129032
114.58064516129032
114.58064516129032
114.58064516129032
114.58064516129032
114.58064516129032
114.58064516129032
114.58064516129032
114.58064516129032
114.58064516129032
114.58064516129032
114.58064516129032
114.58064516129032
114.58064516129032
114.58064516129032
114.58064516129032
114.58064516129032
114.58064516129032
114.58064516129032
114.58064516129032
114.58064516129032
114.58064516129032
114.58064516129032
114.58064516129032
114.58064516129032
114.58064516129032
114.58064516129032
114.58064516129032
114.58064516129032
114.58064516129032
114.58064516129032
114.58064516129032
114.58064516129032
114.58064516129032
114.58064516129032
114.58064516129032
114.58064516129032
114.58064516129032
114.58064516129032
114.58064516129032
114.58064516129032
114.58064516129032
114.58064516129032
114.58064516129032
114.58064516129032
114.58064516129032
114.58064516129032
114.58064516129032
114.58064516129032
114.58064516129032
114.58064516129032
114.58064516129032
114.58064516129032
114.58064516129032
114.58064516129032
114.58064516129032
114.58064516129032
114.58064516129032
114.58064516129032
114.58064516129032
114.58064516129032
114.58064516129032
114.58064516129032
114.58064516129032
114.58064516129032
114.58064516129032
114.58064516129032
114.58064516129032
114.58064516129032
114.58064516129032
114.58064516129032
114.58064516129032
114.58064516129032
114.58064516129032
114.58064516129032
114.58064516129032
114.58064516129032
114.58064516129032
114.58064516129032
114.58064516129032
114.58064516129032
114.58064516129032
114.58064516129032
114.58064516129032
114.58064516129032
114.58064516129032
114.58064516129032
114.58064516129032
114.58064516129032
114.58064516129032
114.58064516129032
114.58064516129032
114.58064516129032
114.58064516129032
114.58064516129032
114.58064516129032
114.58064516129032
114.58064516129032
114.58064516129032
114.58064516129032
114.58064516129032
114.58064516129032
114.58064516129032
114.58064516129032
114.58064516129032
114.58064516129032
114.58064516129032
114.58064516129032
114.58064516129032
114.58064516129032
114.58064516129032
114.58064516129032
114.58064516129032
107.01075268817205
107.01075268817205
107.01075268817205
107.01075268817205
114.58064516129032
114.58064516129032
107.01075268817205
107.01075268817205
107.01075268817205
107.01075268817205
114.58064516129032
114.58064516129032
107.01075268817205
107.01075268817205
107.01075268817205
107.01075268817205
114.58064516129032
114.58064516129032
114.58064516129032
114.58064516129032
114.58064516129032
107.44086021505376
112.66666666666667
100.25268817204301
117.0
103.50537634408602
114.58064516129032
107.44086021505376
114.58064516129032
114.58064516129032
107.44086021505376
114.58064516129032
107.44086021505376
114.58064516129032
107.44086021505376
112.66666666666667
100.25268817204301
117.0
103.50537634408602
114.58064516129032
107.44086021505376
112.66666666666667
114.58064516129032
107.44086021505376
112.66666666666667
0.0
107.44086021505376
0.0
107.44086021505376
112.66666666666667
0.0
107.44086021505376
0.0
107.44086021505376
112.66666666666667
100.25268817204301
0.0
107.44086021505376
112.66666666666667
100.25268817204301
0.0
107.44086021505376
112.66666666666667
0.0
107.44086021505376
0.0
107.44086021505376
0.0
107.44086021505376
112.66666666666667
0.0
107.44086021505376
107.44086021505376
0.0
107.44086021505376
107.44086021505376
0.0
107.44086021505376
107.44086021505376
107.44086021505376
107.44086021505376
107.44086021505376
0.0
107.44086021505376
0.0
107.44086021505376
107.44086021505376
107.44086021505376
107.44086021505376
107.44086021505376
0.0
114.58064516129032
114.58064516129032
114.58064516129032
114.58064516129032
114.58064516129032
0.0
114.58064516129032
114.58064516129032
114.58064516129032
114.58064516129032
114.58064516129032
0.0
114.58064516129032
114.58064516129032
114.58064516129032
114.58064516129032
114.58064516129032
0.0
114.58064516129032
0.0
114.58064516129032
0.0
0.0
114.58064516129032
114.58064516129032
114.58064516129032
114.58064516129032
114.58064516129032
0.0
114.58064516129032
0.0
0.0
0.0
0.0
0.0
0.0
0.0
0.0
0.0
114.58064516129032
0.0
0.0
107.44086021505376
0.0
107.44086021505376
0.0
107.44086021505376
0.0
107.44086021505376
112.66666666666667
100.25268817204301
117.0
100.25268817204301
0.0
107.44086021505376
112.66666666666667
100.25268817204301
117.0
100.25268817204301
0.0
107.44086021505376
112.66666666666667
100.25268817204301
117.0
100.25268817204301
0.0
107.44086021505376
112.66666666666667
100.25268817204301
117.0
100.25268817204301
0.0
107.44086021505376
112.66666666666667
100.25268817204301
117.0
0.0
107.44086021505376
112.66666666666667
100.25268817204301
117.0
100.25268817204301
0.0
107.44086021505376
112.66666666666667
100.25268817204301
117.0
100.25268817204301
0.0
107.44086021505376
112.66666666666667
100.25268817204301
117.0
0.0
107.44086021505376
112.66666666666667
100.25268817204301
117.0
100.25268817204301
0.0
107.44086021505376
0.0
107.44086021505376
112.66666666666667
100.25268817204301
117.0
0.0
107.44086021505376
112.66666666666667
100.25268817204301
117.0
100.25268817204301
0.0
107.01075268817205
117.0
94.20860215053763
117.0
94.20860215053763
0.0
107.01075268817205
117.0
107.54838709677419
117.0
113.20430107526882
0.0
114.58064516129032
107.01075268817205
107.01075268817205
107.01075268817205
107.01075268817205
0.0
114.58064516129032
107.01075268817205
107.01075268817205
107.01075268817205
107.01075268817205
0.0
114.58064516129032
107.01075268817205
107.01075268817205
107.01075268817205
107.01075268817205
0.0
114.58064516129032
107.01075268817205
107.01075268817205
107.01075268817205
107.01075268817205
0.0
114.58064516129032
107.01075268817205
107.01075268817205
107.01075268817205
107.01075268817205
0.0
114.58064516129032
107.01075268817205
107.01075268817205
107.01075268817205
107.01075268817205
0.0
114.58064516129032
107.01075268817205
107.01075268817205
107.01075268817205
107.01075268817205
0.0
114.58064516129032
107.01075268817205
107.01075268817205
107.01075268817205
107.01075268817205
0.0
114.58064516129032
107.01075268817205
107.01075268817205
107.01075268817205
107.01075268817205
0.0
114.58064516129032
107.01075268817205
107.01075268817205
107.01075268817205
107.01075268817205
0.0
114.58064516129032
107.01075268817205
107.01075268817205
107.01075268817205
107.01075268817205
0.0
114.58064516129032
107.01075268817205
107.01075268817205
107.01075268817205
107.01075268817205
0.0
114.58064516129032
107.01075268817205
107.01075268817205
107.01075268817205
107.01075268817205
0.0
114.58064516129032
114.58064516129032
114.58064516129032
114.58064516129032
107.01075268817205
0.0
114.58064516129032
114.58064516129032
114.58064516129032
114.58064516129032
107.01075268817205
0.0
114.58064516129032
114.58064516129032
114.58064516129032
114.58064516129032
107.01075268817205
0.0
114.58064516129032
114.58064516129032
114.58064516129032
114.58064516129032
107.01075268817205
0.0
114.58064516129032
114.58064516129032
114.58064516129032
114.58064516129032
107.01075268817205
0.0
114.58064516129032
114.58064516129032
114.58064516129032
114.58064516129032
114.58064516129032
0.0
114.58064516129032
114.58064516129032
114.58064516129032
114.58064516129032
107.01075268817205
0.0
114.58064516129032
114.58064516129032
114.58064516129032
114.58064516129032
107.01075268817205
0.0
114.58064516129032
114.58064516129032
114.58064516129032
114.58064516129032
107.01075268817205
0.0
114.58064516129032
114.58064516129032
114.58064516129032
114.58064516129032
107.01075268817205
0.0
114.58064516129032
114.58064516129032
114.58064516129032
114.58064516129032
107.01075268817205
0.0
114.58064516129032
114.58064516129032
107.01075268817205
107.01075268817205
0.0
0.0
0.0
114.58064516129032
114.58064516129032
107.01075268817205
107.01075268817205
0.0
114.58064516129032
114.58064516129032
114.58064516129032
107.01075268817205
0.0
107.44086021505376
117.0
117.0
112.79569892473118
0.0
114.58064516129032
114.58064516129032
114.58064516129032
114.58064516129032
0.0
114.58064516129032
114.58064516129032
114.58064516129032
114.58064516129032
0.0
114.58064516129032
114.58064516129032
114.58064516129032
114.58064516129032
0.0
114.58064516129032
114.58064516129032
114.58064516129032
114.58064516129032
0.0
114.58064516129032
114.58064516129032
114.58064516129032
114.58064516129032
0.0
114.58064516129032
114.58064516129032
114.58064516129032
114.58064516129032
0.0
114.58064516129032
114.58064516129032
114.58064516129032
114.58064516129032
0.0
114.58064516129032
114.58064516129032
114.58064516129032
114.58064516129032
0.0
114.58064516129032
114.58064516129032
114.58064516129032
114.58064516129032
0.0
114.58064516129032
114.58064516129032
114.58064516129032
114.58064516129032
0.0
114.58064516129032
114.58064516129032
114.58064516129032
114.58064516129032
0.0
0.0
102.64516129032258
0.0
0.0
0.0
114.58064516129032
114.58064516129032
114.58064516129032
114.58064516129032
0.0
102.64516129032258
