116.3225806451613
108.34408602150538
108.34408602150538
108.34408602150538
108.34408602150538
0.0
0.0
0.0
0.0
0.0
0.0
0.0
0.0
0.0
0.0
0.0
0.0
0.0
0.0
0.0
0.0
0.0
0.0
0.0
0.0
0.0
0.0
0.0
0.0
0.0
0.0
0.0
0.0
0.0
0.0
0.0
0.0
0.0
0.0
0.0
0.0
0.0
0.0
0.0
0.0
0.0
0.0
0.0
0.0
0.0
0.0
0.0
0.0
0.0
0.0
0.0
0.0
0.0
0.0
0.0
0.0
0.0
0.0
0.0
0.0
0.0
0.0
0.0
0.0
0.0
0.0
0.0
0.0
0.0
0.0
0.0
0.0
0.0
0.0
0.0
0.0
0.0
0.0
0.0
0.0
0.0
0.0
0.0
0.0
0.0
0.0
0.0
0.0
0.0
0.0
0.0
0.0
0.0
0.0
0.0
0.0
0.0
0.0
0.0
0.0
0.0
0.0
0.0
0.0
0.0
0.0
0.0
0.0
0.0
0.0
0.0
0.0
0.0
0.0
0.0
116.3225806451613
112.79569892473118
110.23655913978494
110.23655913978494
110.23655913978494
116.3225806451613
112.79569892473118
110.23655913978494
110.23655913978494
110.23655913978494
0.0
0.0
0.0
0.0
0.0
0.0
0.0
0.0
0.0
0.0
0.0
0.0
0.0
0.0
0.0
0.0
0.0
0.0
0.0
0.0
0.0
0.0
0.0
0.0
0.0
0.0
0.0
0.0
0.0
0.0
0.0
0.0
0.0
0.0
0.0
0.0
0.0
0.0
0.0
0.0
0.0
0.0
0.0
0.0
0.0
0.0
0.0
0.0
0.0
0.0
0.0
0.0
0.0
117.0
0.0
0.0
0.0
0.0
0.0
117.0
100.25268817204301
117.0
100.25268817204301
0.0
0.0
0.0
0.0
0.0
0.0
117.0
100.25268817204301
117.0
100.25268817204301
0.0
0.0
0.0
0.0
0.0
0.0
0.0
0.0
0.0
0.0
117.0
0.0
0.0
117.0
0.0
0.0
0.0
0.0
0.0
0.0
0.0
112.12903225806451
112.12903225806451
0.0
112.12903225806451
112.12903225806451
0.0
112.12903225806451
112.12903225806451
112.12903225806451
112.12903225806451
112.12903225806451
0.0
0.0
112.12903225806451
112.12903225806451
112.12903225806451
112.12903225806451
112.12903225806451
0.0
101.86559139784946
101.86559139784946
101.86559139784946
101.86559139784946
101.86559139784946
0.0
101.86559139784946
101.86559139784946
101.86559139784946
101.86559139784946
101.86559139784946
0.0
101.86559139784946
101.86559139784946
101.86559139784946
101.86559139784946
101.86559139784946
0.0
0.0
0.0
0.0
101.86559139784946
101.86559139784946
101.86559139784946
101.86559139784946
101.86559139784946
0.0
0.0
0.0
0.0
0.0
0.0
0.0
0.0
0.0
0.0
0.0
0.0
0.0
0.0
0.0
0.0
0.0
117.0
100.25268817204301
117.0
0.0
0.0
0.0
117.0
100.25268817204301
117.0
0.0
0.0
0.0
117.0
100.25268817204301
0.0
0.0
0.0
117.0
100.25268817204301
117.0
0.0
0.0
0.0
117.0
0.0
0.0
0.0
117.0
100.25268817204301
0.0
0.0
0.0
117.0
100.25268817204301
0.0
0.0
0.0
117.0
0.0
0.0
0.0
117.0
100.25268817204301
117.0
0.0
0.0
0.0
0.0
117.0
0.0
0.0
0.0
117.0
100.25268817204301
117.0
0.0
0.0
0.0
117.0
112.12903225806451
0.0
0.0
0.0
0.0
117.0
103.50537634408602
117.0
0.0
0.0
0.0
117.0
108.21505376344086
108.21505376344086
0.0
0.0
0.0
112.12903225806451
0.0
117.0
0.0
0.0
0.0
0.0
0.0
0.0
0.0
0.0
0.0
0.0
0.0
0.0
0.0
0.0
0.0
0.0
0.0
0.0
0.0
0.0
0.0
0.0
0.0
0.0
0.0
0.0
0.0
0.0
0.0
0.0
0.0
0.0
0.0
0.0
0.0
0.0
0.0
0.0
0.0
0.0
0.0
0.0
0.0
0.0
0.0
0.0
0.0
0.0
0.0
0.0
0.0
0.0
0.0
0.0
0.0
0.0
0.0
0.0
0.0
0.0
0.0
0.0
0.0
0.0
0.0
0.0
0.0
0.0
0.0
0.0
0.0
0.0
0.0
0.0
0.0
0.0
0.0
0.0
0.0
0.0
0.0
0.0
0.0
0.0
0.0
0.0
0.0
0.0
0.0
0.0
0.0
0.0
0.0
0.0
0.0
0.0
0.0
0.0
0.0
0.0
0.0
0.0
0.0
0.0
0.0
0.0
0.0
0.0
0.0
0.0
0.0
0.0
0.0
0.0
0.0
0.0
0.0
0.0
0.0
0.0
0.0
0.0
0.0
0.0
0.0
0.0
0.0
0.0
0.0
0.0
0.0
0.0
0.0
117.0
117.0
116.41935483870968
116.41935483870968
0.0
0.0
0.0
107.44086021505376
107.44086021505376
107.44086021505376
107.44086021505376
0.0
107.44086021505376
107.44086021505376
107.44086021505376
107.44086021505376
0.0
112.79569892473118
110.23655913978494
107.44086021505376
107.44086021505376
0.0
116.3225806451613
116.3225806451613
116.3225806451613
116.3225806451613
0.0
116.3225806451613
116.3225806451613
116.3225806451613
116.3225806451613
0.0
116.3225806451613
116.3225806451613
116.3225806451613
116.3225806451613
0.0
116.3225806451613
116.3225806451613
116.3225806451613
116.3225806451613
0.0
116.3225806451613
116.3225806451613
116.3225806451613
116.3225806451613
0.0
116.3225806451613
116.3225806451613
116.3225806451613
116.3225806451613
0.0
116.3225806451613
116.3225806451613
116.3225806451613
116.3225806451613
0.0
116.3225806451613
116.3225806451613
116.3225806451613
116.3225806451613
0.0
116.3225806451613
116.3225806451613
116.3225806451613
116.3225806451613
0.0
116.3225806451613
116.3225806451613
116.3225806451613
116.3225806451613
0.0
116.3225806451613
116.3225806451613
116.3225806451613
116.3225806451613
0.0
0.0
0.0
0.0
0.0
116.3225806451613
116.3225806451613
116.3225806451613
116.3225806451613
0.0
