115.58064516129032
109.50537634408603
109.50537634408603
109.50537634408603
109.50537634408603
115.58064516129032
109.50537634408603
109.50537634408603
109.50537634408603
109.50537634408603
109.50537634408603
115.58064516129032
109.50537634408603
109.50537634408603
109.50537634408603
109.50537634408603
109.50537634408603
115.58064516129032
109.50537634408603
109.50537634408603
109.50537634408603
109.50537634408603
109.50537634408603
115.58064516129032
109.50537634408603
109.50537634408603
109.50537634408603
109.50537634408603
109.50537634408603
115.58064516129032
109.50537634408603
109.50537634408603
109.50537634408603
109.50537634408603
109.50537634408603
115.58064516129032
109.50537634408603
109.50537634408603
109.50537634408603
109.50537634408603
109.50537634408603
115.58064516129032
109.50537634408603
109.50537634408603
109.50537634408603
109.50537634408603
109.50537634408603
115.58064516129032
112.3010752688172
109.24731182795699
109.24731182795699
109.24731182795699
109.24731182795699
115.58064516129032
112.3010752688172
109.24731182795699
109.24731182795699
109.24731182795699
109.24731182795699
115.58064516129032
109.50537634408603
115.58064516129032
109.50537634408603
109.50537634408603
109.50537634408603
109.50537634408603
109.50537634408603
115.58064516129032
109.50537634408603
115.58064516129032
115.58064516129032
109.50537634408603
109.50537634408603
109.50537634408603
109.50537634408603
109.50537634408603
115.58064516129032
109.50537634408603
109.50537634408603
109.50537634408603
109.50537634408603
109.50537634408603
115.58064516129032
109.50537634408603
109.50537634408603
109.50537634408603
109.50537634408603
109.50537634408603
115.58064516129032
109.50537634408603
109.50537634408603
109.50537634408603
109.50537634408603
109.50537634408603
115.58064516129032
113.3763440860215
113.3763440860215
113.3763440860215
113.3763440860215
109.24731182795699
115.58064516129032
113.3763440860215
113.3763440860215
113.3763440860215
113.3763440860215
109.24731182795699
115.58064516129032
113.3763440860215
113.3763440860215
113.3763440860215
113.3763440860215
109.24731182795699
115.58064516129032
113.3763440860215
113.3763440860215
113.3763440860215
113.3763440860215
109.24731182795699
115.58064516129032
113.3763440860215
113.3763440860215
109.24731182795699
109.24731182795699
115.58064516129032
113.3763440860215
113.3763440860215
113.3763440860215
109.24731182795699
115.58064516129032
113.3763440860215
113.3763440860215
113.3763440860215
113.3763440860215
115.58064516129032
113.3763440860215
113.3763440860215
113.3763440860215
113.3763440860215
109.24731182795699
115.58064516129032
113.3763440860215
113.3763440860215
113.3763440860215
113.3763440860215
109.24731182795699
115.58064516129032
113.3763440860215
113.3763440860215
113.3763440860215
113.3763440860215
109.24731182795699
115.58064516129032
113.3763440860215
113.3763440860215
113.3763440860215
113.3763440860215
109.24731182795699
115.58064516129032
113.3763440860215
113.3763440860215
113.3763440860215
113.3763440860215
113.3763440860215
115.58064516129032
113.3763440860215
113.3763440860215
113.3763440860215
113.3763440860215
109.24731182795699
115.58064516129032
115.58064516129032
115.58064516129032
107.6774193548387
107.6774193548387
101.22043010752688
115.58064516129032
113.3763440860215
107.0752688172043
107.0752688172043
107.0752688172043
114.03225806451613
115.58064516129032
115.58064516129032
109.50537634408603
109.50537634408603
109.50537634408603
101.75806451612902
115.58064516129032
115.58064516129032
115.58064516129032
115.58064516129032
109.50537634408603
101.22043010752688
117.0
101.22043010752688
117.0
115.58064516129032
109.50537634408603
115.58064516129032
115.58064516129032
109.50537634408603
115.58064516129032
115.58064516129032
109.50537634408603
101.22043010752688
117.0
101.22043010752688
117.0
115.58064516129032
109.50537634408603
115.58064516129032
109.50537634408603
101.22043010752688
0.0
0.0
109.50537634408603
101.22043010752688
0.0
0.0
109.50537634408603
101.22043010752688
117.0
0.0
109.50537634408603
101.22043010752688
117.0
0.0
109.50537634408603
101.22043010752688
0.0
0.0
0.0
109.50537634408603
101.22043010752688
0.0
115.58064516129032
115.58064516129032
0.0
115.58064516129032
115.58064516129032
0.0
115.58064516129032
115.58064516129032
115.58064516129032
115.58064516129032
115.58064516129032
0.0
0.0
115.58064516129032
115.58064516129032
115.58064516129032
115.58064516129032
115.58064516129032
0.0
115.58064516129032
115.58064516129032
115.58064516129032
115.58064516129032
115.58064516129032
0.0
115.58064516129032
115.58064516129032
115.58064516129032
115.58064516129032
115.58064516129032
0.0
115.58064516129032
115.58064516129032
115.58064516129032
115.58064516129032
115.58064516129032
0.0
0.0
0.0
0.0
115.58064516129032
115.58064516129032
115.58064516129032
115.58064516129032
115.58064516129032
0.0
0.0
0.0
0.0
0.0
0.0
0.0
0.0
0.0
0.0
0.0
0.0
107.0752688172043
0.0
107.0752688172043
0.0
0.0
107.0752688172043
107.0752688172043
107.0752688172043
107.0752688172043
114.03225806451613
0.0
107.0752688172043
107.0752688172043
107.0752688172043
107.0752688172043
114.03225806451613
0.0
107.0752688172043
107.0752688172043
107.0752688172043
107.0752688172043
114.03225806451613
0.0
107.0752688172043
107.0752688172043
107.0752688172043
107.0752688172043
114.03225806451613
0.0
107.0752688172043
107.0752688172043
107.0752688172043
0.0
107.0752688172043
107.0752688172043
107.0752688172043
107.0752688172043
114.03225806451613
0.0
107.0752688172043
107.0752688172043
107.0752688172043
107.0752688172043
114.03225806451613
0.0
107.0752688172043
107.0752688172043
107.0752688172043
0.0
107.0752688172043
107.0752688172043
107.0752688172043
107.0752688172043
114.03225806451613
0.0
107.0752688172043
0.0
107.0752688172043
107.0752688172043
107.0752688172043
0.0
107.0752688172043
107.0752688172043
107.0752688172043
107.0752688172043
114.03225806451613
0.0
107.0752688172043
107.0752688172043
107.0752688172043
107.0752688172043
112.98924731182795
0.0
107.0752688172043
107.0752688172043
107.0752688172043
107.0752688172043
114.03225806451613
0.0
107.0752688172043
107.0752688172043
107.0752688172043
107.0752688172043
114.03225806451613
0.0
107.0752688172043
107.0752688172043
107.0752688172043
107.0752688172043
104.96774193548387
0.0
107.0752688172043
107.0752688172043
107.0752688172043
107.0752688172043
115.3225806451613
0.0
107.0752688172043
107.0752688172043
107.0752688172043
107.0752688172043
104.96774193548387
0.0
107.0752688172043
107.0752688172043
107.0752688172043
107.0752688172043
114.03225806451613
0.0
107.0752688172043
107.0752688172043
107.0752688172043
107.0752688172043
115.3225806451613
0.0
107.0752688172043
107.0752688172043
107.0752688172043
107.0752688172043
112.73118279569893
0.0
107.0752688172043
107.0752688172043
107.0752688172043
107.0752688172043
112.3010752688172
0.0
107.0752688172043
107.0752688172043
107.0752688172043
107.0752688172043
112.3010752688172
0.0
107.0752688172043
107.0752688172043
107.0752688172043
107.0752688172043
104.96774193548387
0.0
107.0752688172043
107.0752688172043
107.0752688172043
107.0752688172043
112.3010752688172
0.0
107.0752688172043
107.0752688172043
107.0752688172043
107.0752688172043
112.3010752688172
0.0
107.0752688172043
107.0752688172043
107.0752688172043
107.0752688172043
116.48387096774194
0.0
107.0752688172043
107.0752688172043
107.0752688172043
107.0752688172043
116.48387096774194
0.0
107.0752688172043
107.0752688172043
107.0752688172043
107.0752688172043
113.76344086021506
0.0
107.0752688172043
107.0752688172043
107.0752688172043
107.0752688172043
108.81720430107526
0.0
107.0752688172043
107.0752688172043
107.0752688172043
107.0752688172043
108.81720430107526
0.0
107.0752688172043
107.0752688172043
107.0752688172043
107.0752688172043
107.0752688172043
0.0
107.0752688172043
107.0752688172043
107.0752688172043
107.0752688172043
107.0752688172043
0.0
107.0752688172043
107.0752688172043
107.0752688172043
107.0752688172043
108.81720430107526
0.0
107.0752688172043
107.0752688172043
107.0752688172043
107.0752688172043
108.81720430107526
0.0
107.0752688172043
107.0752688172043
107.0752688172043
107.0752688172043
108.81720430107526
0.0
107.0752688172043
107.0752688172043
107.0752688172043
107.0752688172043
108.81720430107526
0.0
107.0752688172043
107.0752688172043
107.0752688172043
107.0752688172043
108.81720430107526
0.0
107.0752688172043
107.0752688172043
107.0752688172043
107.0752688172043
0.0
0.0
0.0
107.0752688172043
107.0752688172043
107.0752688172043
107.0752688172043
0.0
107.0752688172043
107.0752688172043
107.0752688172043
107.0752688172043
0.0
112.3010752688172
109.24731182795699
101.59677419354838
117.0
0.0
115.58064516129032
115.58064516129032
115.58064516129032
115.58064516129032
0.0
115.58064516129032
115.58064516129032
115.58064516129032
115.58064516129032
0.0
115.58064516129032
115.58064516129032
115.58064516129032
115.58064516129032
0.0
115.58064516129032
115.58064516129032
115.58064516129032
115.58064516129032
0.0
115.58064516129032
115.58064516129032
115.58064516129032
115.58064516129032
0.0
115.58064516129032
115.58064516129032
115.58064516129032
115.58064516129032
0.0
115.58064516129032
115.58064516129032
115.58064516129032
115.58064516129032
0.0
115.58064516129032
115.58064516129032
115.58064516129032
115.58064516129032
0.0
115.58064516129032
115.58064516129032
115.58064516129032
115.58064516129032
0.0
115.58064516129032
115.58064516129032
115.58064516129032
115.58064516129032
0.0
115.58064516129032
115.58064516129032
115.58064516129032
115.58064516129032
0.0
0.0
107.6774193548387
0.0
0.0
0.0
115.58064516129032
115.58064516129032
115.58064516129032
115.58064516129032
0.0
