115.48387096774194
109.3763440860215
109.3763440860215
109.3763440860215
109.3763440860215
115.48387096774194
109.3763440860215
109.3763440860215
109.3763440860215
109.3763440860215
109.3763440860215
115.48387096774194
109.3763440860215
109.3763440860215
109.3763440860215
109.3763440860215
109.3763440860215
115.48387096774194
109.3763440860215
109.3763440860215
109.3763440860215
109.3763440860215
109.3763440860215
115.48387096774194
108.08602150537635
108.08602150537635
108.08602150537635
108.08602150537635
108.08602150537635
115.48387096774194
109.3763440860215
109.3763440860215
109.3763440860215
109.3763440860215
109.3763440860215
115.48387096774194
109.3763440860215
109.3763440860215
109.3763440860215
109.3763440860215
109.3763440860215
115.48387096774194
109.3763440860215
109.3763440860215
109.3763440860215
109.3763440860215
109.3763440860215
115.48387096774194
109.3763440860215
109.3763440860215
109.3763440860215
109.3763440860215
109.3763440860215
115.48387096774194
113.31182795698925
113.31182795698925
113.31182795698925
113.31182795698925
113.31182795698925
115.48387096774194
109.3763440860215
115.48387096774194
109.3763440860215
109.3763440860215
109.3763440860215
109.3763440860215
109.3763440860215
115.48387096774194
109.3763440860215
115.48387096774194
109.3763440860215
115.48387096774194
109.3763440860215
109.3763440860215
109.3763440860215
109.3763440860215
109.3763440860215
115.48387096774194
109.3763440860215
109.3763440860215
109.3763440860215
109.3763440860215
109.3763440860215
115.48387096774194
109.3763440860215
109.3763440860215
109.3763440860215
109.3763440860215
109.3763440860215
115.48387096774194
109.3763440860215
109.3763440860215
109.3763440860215
109.3763440860215
109.3763440860215
115.48387096774194
108.08602150537635
108.08602150537635
108.08602150537635
108.08602150537635
108.08602150537635
115.48387096774194
108.08602150537635
108.08602150537635
108.08602150537635
108.08602150537635
108.08602150537635
115.48387096774194
108.08602150537635
108.08602150537635
108.08602150537635
108.08602150537635
108.08602150537635
115.48387096774194
108.08602150537635
108.08602150537635
108.08602150537635
108.08602150537635
108.08602150537635
115.48387096774194
108.08602150537635
108.08602150537635
108.08602150537635
108.08602150537635
115.48387096774194
108.08602150537635
108.08602150537635
108.08602150537635
108.08602150537635
115.48387096774194
108.08602150537635
108.08602150537635
108.08602150537635
108.08602150537635
115.48387096774194
108.08602150537635
108.08602150537635
108.08602150537635
108.08602150537635
108.08602150537635
115.48387096774194
113.31182795698925
113.31182795698925
113.31182795698925
113.31182795698925
113.31182795698925
115.48387096774194
113.31182795698925
113.31182795698925
113.31182795698925
113.31182795698925
113.31182795698925
115.48387096774194
113.31182795698925
113.31182795698925
113.31182795698925
113.31182795698925
113.31182795698925
115.48387096774194
113.31182795698925
113.31182795698925
113.31182795698925
113.31182795698925
113.31182795698925
115.48387096774194
108.08602150537635
108.08602150537635
108.08602150537635
108.08602150537635
108.08602150537635
115.48387096774194
115.48387096774194
115.48387096774194
115.48387096774194
115.48387096774194
115.48387096774194
115.48387096774194
108.08602150537635
101.6774193548387
101.6774193548387
101.6774193548387
101.6774193548387
115.48387096774194
115.48387096774194
109.3763440860215
109.3763440860215
109.3763440860215
109.3763440860215
115.48387096774194
115.48387096774194
115.48387096774194
115.48387096774194
115.48387096774194
115.48387096774194
115.48387096774194
103.84946236559139
113.3763440860215
111.3978494623656
94.20860215053763
117.0
115.48387096774194
103.84946236559139
115.48387096774194
103.84946236559139
115.48387096774194
103.84946236559139
115.48387096774194
103.84946236559139
115.48387096774194
103.84946236559139
113.3763440860215
111.3978494623656
94.20860215053763
117.0
115.48387096774194
103.84946236559139
113.3763440860215
115.48387096774194
103.84946236559139
113.3763440860215
0.0
103.84946236559139
0.0
103.84946236559139
113.3763440860215
0.0
103.84946236559139
0.0
103.84946236559139
113.3763440860215
111.3978494623656
0.0
103.84946236559139
113.3763440860215
111.3978494623656
0.0
103.84946236559139
113.3763440860215
0.0
103.84946236559139
0.0
103.84946236559139
0.0
103.84946236559139
113.3763440860215
0.0
103.84946236559139
103.84946236559139
0.0
103.84946236559139
103.84946236559139
0.0
103.84946236559139
103.84946236559139
103.84946236559139
103.84946236559139
103.84946236559139
0.0
103.84946236559139
0.0
103.84946236559139
103.84946236559139
103.84946236559139
103.84946236559139
103.84946236559139
0.0
103.84946236559139
103.84946236559139
103.84946236559139
103.84946236559139
103.84946236559139
0.0
103.84946236559139
103.84946236559139
103.84946236559139
103.84946236559139
103.84946236559139
0.0
103.84946236559139
103.84946236559139
103.84946236559139
103.84946236559139
103.84946236559139
0.0
103.84946236559139
0.0
103.84946236559139
0.0
103.84946236559139
0.0
103.84946236559139
103.84946236559139
103.84946236559139
103.84946236559139
103.84946236559139
0.0
103.84946236559139
0.0
103.84946236559139
0.0
103.84946236559139
0.0
103.84946236559139
0.0
103.84946236559139
0.0
103.84946236559139
0.0
103.84946236559139
0.0
103.84946236559139
0.0
103.84946236559139
0.0
103.84946236559139
0.0
103.84946236559139
0.0
103.84946236559139
0.0
103.84946236559139
0.0
103.84946236559139
0.0
103.84946236559139
110.45161290322581
107.54838709677419
117.0
107.54838709677419
0.0
103.84946236559139
110.45161290322581
107.54838709677419
117.0
107.54838709677419
0.0
103.84946236559139
110.45161290322581
107.54838709677419
117.0
107.54838709677419
0.0
103.84946236559139
110.45161290322581
107.54838709677419
117.0
107.54838709677419
0.0
103.84946236559139
110.45161290322581
107.54838709677419
117.0
0.0
103.84946236559139
110.45161290322581
107.54838709677419
117.0
107.54838709677419
0.0
103.84946236559139
110.45161290322581
107.54838709677419
117.0
107.54838709677419
0.0
103.84946236559139
110.45161290322581
107.54838709677419
117.0
0.0
103.84946236559139
110.45161290322581
107.54838709677419
117.0
107.54838709677419
0.0
103.84946236559139
0.0
103.84946236559139
110.45161290322581
107.54838709677419
117.0
0.0
103.84946236559139
110.45161290322581
107.54838709677419
117.0
107.54838709677419
0.0
103.84946236559139
110.45161290322581
107.54838709677419
117.0
107.54838709677419
0.0
106.36559139784946
112.66666666666667
100.25268817204301
117.0
113.20430107526882
0.0
106.36559139784946
112.66666666666667
100.25268817204301
117.0
113.20430107526882
0.0
106.36559139784946
112.66666666666667
100.25268817204301
117.0
113.20430107526882
0.0
106.36559139784946
112.66666666666667
112.66666666666667
112.66666666666667
112.66666666666667
0.0
106.36559139784946
112.9247311827957
104.83870967741936
114.19354838709677
109.54838709677419
0.0
106.36559139784946
112.9247311827957
104.83870967741936
114.19354838709677
109.54838709677419
0.0
106.36559139784946
114.19354838709677
109.54838709677419
104.83870967741936
114.19354838709677
0.0
106.36559139784946
112.9247311827957
104.83870967741936
114.19354838709677
109.54838709677419
0.0
106.36559139784946
112.9247311827957
104.83870967741936
109.54838709677419
109.54838709677419
0.0
106.36559139784946
112.9247311827957
104.83870967741936
109.54838709677419
109.54838709677419
0.0
106.36559139784946
112.9247311827957
104.83870967741936
109.54838709677419
109.54838709677419
0.0
106.36559139784946
112.9247311827957
104.83870967741936
104.83870967741936
114.19354838709677
0.0
106.36559139784946
106.36559139784946
106.36559139784946
106.36559139784946
106.36559139784946
0.0
106.36559139784946
106.36559139784946
106.36559139784946
106.36559139784946
106.36559139784946
0.0
106.36559139784946
106.36559139784946
106.36559139784946
106.36559139784946
106.36559139784946
0.0
106.36559139784946
106.36559139784946
106.36559139784946
106.36559139784946
106.36559139784946
0.0
106.36559139784946
106.36559139784946
106.36559139784946
106.36559139784946
106.36559139784946
0.0
106.36559139784946
106.36559139784946
106.36559139784946
106.36559139784946
106.36559139784946
0.0
106.36559139784946
106.36559139784946
106.36559139784946
106.36559139784946
106.36559139784946
0.0
106.36559139784946
106.36559139784946
106.36559139784946
106.36559139784946
106.36559139784946
0.0
106.36559139784946
106.36559139784946
106.36559139784946
106.36559139784946
106.36559139784946
0.0
106.36559139784946
106.36559139784946
106.36559139784946
106.36559139784946
106.36559139784946
0.0
106.36559139784946
106.36559139784946
106.36559139784946
106.36559139784946
106.36559139784946
0.0
106.36559139784946
106.36559139784946
106.36559139784946
106.36559139784946
106.36559139784946
0.0
106.36559139784946
106.36559139784946
106.36559139784946
106.36559139784946
106.36559139784946
0.0
106.36559139784946
106.36559139784946
106.36559139784946
106.36559139784946
0.0
91.56774193548387
0.0
106.36559139784946
106.36559139784946
106.36559139784946
106.36559139784946
0.0
106.36559139784946
106.36559139784946
106.36559139784946
106.36559139784946
0.0
113.31182795698925
106.36559139784946
117.0
117.0
0.0
115.48387096774194
115.48387096774194
115.48387096774194
115.48387096774194
0.0
115.48387096774194
115.48387096774194
115.48387096774194
115.48387096774194
0.0
115.48387096774194
115.48387096774194
115.48387096774194
115.48387096774194
0.0
115.48387096774194
115.48387096774194
115.48387096774194
115.48387096774194
0.0
115.48387096774194
115.48387096774194
115.48387096774194
115.48387096774194
0.0
115.48387096774194
115.48387096774194
115.48387096774194
115.48387096774194
0.0
115.48387096774194
115.48387096774194
115.48387096774194
115.48387096774194
0.0
115.48387096774194
115.48387096774194
115.48387096774194
115.48387096774194
0.0
115.48387096774194
115.48387096774194
115.48387096774194
115.48387096774194
0.0
115.48387096774194
115.48387096774194
115.48387096774194
115.48387096774194
0.0
115.48387096774194
115.48387096774194
115.48387096774194
115.48387096774194
0.0
0.0
103.84946236559139
0.0
99.58064516129032
0.0
115.48387096774194
115.48387096774194
115.48387096774194
115.48387096774194
0.0
103.84946236559139
