116.3225806451613
108.34408602150538
108.34408602150538
108.34408602150538
108.34408602150538
116.3225806451613
108.34408602150538
108.34408602150538
108.34408602150538
108.34408602150538
108.34408602150538
116.3225806451613
108.34408602150538
108.34408602150538
108.34408602150538
108.34408602150538
108.34408602150538
116.3225806451613
108.34408602150538
108.34408602150538
108.34408602150538
108.34408602150538
108.34408602150538
116.3225806451613
108.34408602150538
108.34408602150538
108.34408602150538
108.34408602150538
108.34408602150538
116.3225806451613
108.34408602150538
108.34408602150538
108.34408602150538
108.34408602150538
108.34408602150538
116.3225806451613
108.34408602150538
108.34408602150538
108.34408602150538
108.34408602150538
108.34408602150538
116.3225806451613
108.34408602150538
108.34408602150538
108.34408602150538
108.34408602150538
108.34408602150538
116.3225806451613
108.34408602150538
108.34408602150538
108.34408602150538
108.34408602150538
108.34408602150538
116.3225806451613
108.34408602150538
108.34408602150538
108.34408602150538
108.34408602150538
108.34408602150538
116.3225806451613
108.34408602150538
116.3225806451613
108.34408602150538
108.34408602150538
108.34408602150538
108.34408602150538
108.34408602150538
116.3225806451613
108.34408602150538
116.3225806451613
108.34408602150538
116.3225806451613
108.34408602150538
108.34408602150538
108.34408602150538
108.34408602150538
108.34408602150538
116.3225806451613
108.34408602150538
108.34408602150538
108.34408602150538
108.34408602150538
108.34408602150538
116.3225806451613
108.34408602150538
108.34408602150538
108.34408602150538
108.34408602150538
108.34408602150538
116.3225806451613
108.34408602150538
108.34408602150538
108.34408602150538
108.34408602150538
108.34408602150538
116.3225806451613
112.79569892473118
110.23655913978494
110.23655913978494
110.23655913978494
110.23655913978494
116.3225806451613
112.79569892473118
110.23655913978494
110.23655913978494
110.23655913978494
110.23655913978494
116.3225806451613
112.79569892473118
110.23655913978494
110.23655913978494
110.23655913978494
110.23655913978494
116.3225806451613
112.79569892473118
110.23655913978494
110.23655913978494
110.23655913978494
110.23655913978494
116.3225806451613
112.79569892473118
110.23655913978494
110.23655913978494
110.23655913978494
116.3225806451613
112.79569892473118
110.23655913978494
110.23655913978494
110.23655913978494
116.3225806451613
112.79569892473118
110.23655913978494
110.23655913978494
110.23655913978494
116.3225806451613
112.79569892473118
110.23655913978494
110.23655913978494
110.23655913978494
110.23655913978494
116.3225806451613
112.79569892473118
110.23655913978494
110.23655913978494
110.23655913978494
110.23655913978494
116.3225806451613
112.79569892473118
110.23655913978494
110.23655913978494
110.23655913978494
110.23655913978494
116.3225806451613
112.79569892473118
110.23655913978494
110.23655913978494
110.23655913978494
110.23655913978494
116.3225806451613
112.79569892473118
110.23655913978494
110.23655913978494
110.23655913978494
110.23655913978494
116.3225806451613
112.79569892473118
110.23655913978494
110.23655913978494
110.23655913978494
110.23655913978494
116.3225806451613
116.3225806451613
116.3225806451613
116.3225806451613
116.3225806451613
116.3225806451613
116.3225806451613
112.79569892473118
104.83870967741936
104.83870967741936
104.83870967741936
104.83870967741936
116.3225806451613
113.87096774193549
106.49462365591398
117.0
106.49462365591398
117.0
116.3225806451613
116.3225806451613
113.87096774193549
116.3225806451613
116.3225806451613
108.34408602150538
106.49462365591398
117.0
106.49462365591398
117.0
116.3225806451613
108.34408602150538
116.3225806451613
116.3225806451613
108.34408602150538
116.3225806451613
116.3225806451613
108.34408602150538
106.49462365591398
117.0
106.49462365591398
117.0
116.3225806451613
108.34408602150538
106.49462365591398
116.3225806451613
108.34408602150538
106.49462365591398
0.0
0.0
108.34408602150538
106.49462365591398
0.0
108.34408602150538
0.0
108.34408602150538
106.49462365591398
117.0
0.0
108.34408602150538
106.49462365591398
117.0
0.0
108.34408602150538
106.49462365591398
0.0
108.34408602150538
0.0
108.34408602150538
0.0
108.34408602150538
106.49462365591398
0.0
116.3225806451613
116.3225806451613
0.0
116.3225806451613
116.3225806451613
0.0
116.3225806451613
116.3225806451613
116.3225806451613
116.3225806451613
116.3225806451613
0.0
0.0
116.3225806451613
116.3225806451613
116.3225806451613
116.3225806451613
116.3225806451613
0.0
116.3225806451613
116.3225806451613
116.3225806451613
116.3225806451613
116.3225806451613
0.0
116.3225806451613
116.3225806451613
116.3225806451613
116.3225806451613
116.3225806451613
0.0
116.3225806451613
116.3225806451613
116.3225806451613
116.3225806451613
116.3225806451613
0.0
0.0
0.0
0.0
116.3225806451613
116.3225806451613
116.3225806451613
116.3225806451613
116.3225806451613
0.0
0.0
0.0
0.0
0.0
0.0
0.0
0.0
0.0
0.0
0.0
0.0
107.44086021505376
0.0
107.44086021505376
0.0
107.44086021505376
0.0
107.44086021505376
112.66666666666667
100.25268817204301
117.0
100.25268817204301
0.0
107.44086021505376
112.66666666666667
100.25268817204301
117.0
100.25268817204301
0.0
107.44086021505376
112.66666666666667
100.25268817204301
117.0
100.25268817204301
0.0
107.44086021505376
112.66666666666667
100.25268817204301
117.0
100.25268817204301
0.0
107.44086021505376
112.66666666666667
100.25268817204301
117.0
0.0
107.44086021505376
112.66666666666667
100.25268817204301
117.0
100.25268817204301
0.0
107.44086021505376
112.66666666666667
100.25268817204301
117.0
100.25268817204301
0.0
107.44086021505376
112.66666666666667
100.25268817204301
0.0
107.44086021505376
112.66666666666667
100.25268817204301
117.0
100.25268817204301
0.0
107.44086021505376
0.0
107.44086021505376
112.66666666666667
100.25268817204301
0.0
107.44086021505376
112.66666666666667
100.25268817204301
117.0
100.25268817204301
0.0
107.44086021505376
112.66666666666667
100.25268817204301
117.0
100.25268817204301
0.0
107.44086021505376
113.95698924731182
113.95698924731182
101.86559139784946
112.12903225806451
0.0
107.44086021505376
112.66666666666667
112.66666666666667
100.25268817204301
117.0
0.0
107.44086021505376
112.66666666666667
112.66666666666667
99.58064516129032
115.22580645161291
0.0
107.44086021505376
112.66666666666667
112.66666666666667
99.58064516129032
112.66666666666667
0.0
107.44086021505376
107.56989247311827
112.9247311827957
107.56989247311827
112.9247311827957
0.0
107.44086021505376
107.56989247311827
112.9247311827957
107.56989247311827
115.61290322580645
0.0
107.44086021505376
112.66666666666667
112.66666666666667
112.66666666666667
99.58064516129032
0.0
107.44086021505376
112.66666666666667
112.66666666666667
112.66666666666667
99.58064516129032
0.0
107.44086021505376
107.56989247311827
112.9247311827957
107.56989247311827
107.56989247311827
0.0
107.44086021505376
107.56989247311827
112.9247311827957
107.56989247311827
107.56989247311827
0.0
107.44086021505376
112.66666666666667
112.66666666666667
112.66666666666667
99.58064516129032
0.0
107.44086021505376
112.9247311827957
107.56989247311827
107.56989247311827
107.56989247311827
0.0
107.44086021505376
112.9247311827957
107.56989247311827
107.56989247311827
112.9247311827957
0.0
107.44086021505376
109.54838709677419
109.54838709677419
109.54838709677419
104.83870967741936
0.0
107.44086021505376
109.54838709677419
109.54838709677419
109.54838709677419
104.83870967741936
0.0
107.44086021505376
109.54838709677419
109.54838709677419
109.54838709677419
104.83870967741936
0.0
107.44086021505376
107.44086021505376
107.44086021505376
107.44086021505376
115.22580645161291
0.0
107.44086021505376
107.44086021505376
107.44086021505376
107.44086021505376
115.22580645161291
0.0
107.44086021505376
107.44086021505376
107.44086021505376
107.44086021505376
109.54838709677419
0.0
107.44086021505376
107.44086021505376
107.44086021505376
107.44086021505376
107.44086021505376
0.0
107.44086021505376
107.44086021505376
107.44086021505376
107.44086021505376
115.22580645161291
0.0
107.44086021505376
107.44086021505376
107.44086021505376
107.44086021505376
115.22580645161291
0.0
107.44086021505376
107.44086021505376
107.44086021505376
107.44086021505376
115.22580645161291
0.0
107.44086021505376
107.44086021505376
107.44086021505376
107.44086021505376
115.22580645161291
0.0
107.44086021505376
107.44086021505376
107.44086021505376
107.44086021505376
115.22580645161291
0.0
107.44086021505376
107.44086021505376
107.44086021505376
107.44086021505376
0.0
0.0
0.0
107.44086021505376
107.44086021505376
107.44086021505376
107.44086021505376
0.0
107.44086021505376
107.44086021505376
107.44086021505376
107.44086021505376
0.0
112.79569892473118
110.23655913978494
107.44086021505376
107.44086021505376
0.0
116.3225806451613
116.3225806451613
116.3225806451613
116.3225806451613
0.0
116.3225806451613
116.3225806451613
116.3225806451613
116.3225806451613
0.0
116.3225806451613
116.3225806451613
116.3225806451613
116.3225806451613
0.0
116.3225806451613
116.3225806451613
116.3225806451613
116.3225806451613
0.0
116.3225806451613
116.3225806451613
116.3225806451613
116.3225806451613
0.0
116.3225806451613
116.3225806451613
116.3225806451613
116.3225806451613
0.0
116.3225806451613
116.3225806451613
116.3225806451613
116.3225806451613
0.0
116.3225806451613
116.3225806451613
116.3225806451613
116.3225806451613
0.0
116.3225806451613
116.3225806451613
116.3225806451613
116.3225806451613
0.0
116.3225806451613
116.3225806451613
116.3225806451613
116.3225806451613
0.0
116.3225806451613
116.3225806451613
116.3225806451613
116.3225806451613
0.0
0.0
104.96774193548387
0.0
0.0
0.0
116.3225806451613
116.3225806451613
116.3225806451613
116.3225806451613
0.0
