115.38709677419355
109.24731182795699
109.24731182795699
109.24731182795699
109.24731182795699
0.0
117.0
117.0
117.0
117.0
117.0
0.0
117.0
117.0
117.0
117.0
117.0
0.0
117.0
117.0
117.0
117.0
117.0
0.0
117.0
117.0
117.0
117.0
117.0
0.0
117.0
117.0
117.0
117.0
117.0
0.0
117.0
117.0
117.0
117.0
117.0
0.0
117.0
117.0
117.0
117.0
117.0
0.0
117.0
117.0
117.0
117.0
117.0
0.0
117.0
117.0
117.0
117.0
117.0
0.0
0.0
117.0
117.0
117.0
117.0
117.0
0.0
0.0
0.0
117.0
117.0
117.0
117.0
0.0
117.0
117.0
117.0
117.0
117.0
0.0
117.0
117.0
117.0
117.0
117.0
0.0
117.0
117.0
117.0
117.0
117.0
0.0
117.0
117.0
117.0
117.0
117.0
0.0
117.0
117.0
117.0
117.0
117.0
0.0
117.0
117.0
117.0
117.0
117.0
0.0
117.0
117.0
117.0
117.0
117.0
115.38709677419355
115.38709677419355
115.38709677419355
115.38709677419355
109.24731182795699
115.38709677419355
115.38709677419355
109.24731182795699
109.24731182795699
109.24731182795699
115.38709677419355
115.38709677419355
115.38709677419355
109.24731182795699
109.24731182795699
0.0
117.0
117.0
117.0
117.0
117.0
0.0
111.13978494623656
111.13978494623656
111.13978494623656
111.13978494623656
111.13978494623656
0.0
111.13978494623656
111.13978494623656
111.13978494623656
111.13978494623656
111.13978494623656
0.0
111.13978494623656
111.13978494623656
111.13978494623656
111.13978494623656
111.13978494623656
0.0
111.13978494623656
111.13978494623656
111.13978494623656
111.13978494623656
111.13978494623656
0.0
117.0
117.0
117.0
117.0
117.0
0.0
0.0
114.74193548387096
114.74193548387096
101.86559139784946
117.0
0.0
117.0
116.80645161290323
108.73118279569893
108.73118279569893
108.73118279569893
0.0
117.0
117.0
117.0
117.0
117.0
0.0
0.0
0.0
0.0
117.0
103.50537634408602
117.0
112.25806451612902
103.50537634408602
0.0
0.0
0.0
0.0
0.0
117.0
103.50537634408602
117.0
112.25806451612902
103.50537634408602
0.0
117.0
0.0
117.0
0.0
0.0
117.0
0.0
0.0
117.0
103.50537634408602
0.0
117.0
103.50537634408602
0.0
117.0
0.0
0.0
0.0
117.0
103.50537634408602
0.0
112.12903225806451
112.12903225806451
0.0
112.12903225806451
112.12903225806451
0.0
112.12903225806451
112.12903225806451
112.12903225806451
112.12903225806451
112.12903225806451
0.0
0.0
112.12903225806451
112.12903225806451
112.12903225806451
112.12903225806451
112.12903225806451
0.0
91.56774193548387
91.56774193548387
91.56774193548387
91.56774193548387
91.56774193548387
0.0
91.56774193548387
91.56774193548387
91.56774193548387
91.56774193548387
91.56774193548387
0.0
91.56774193548387
91.56774193548387
91.56774193548387
91.56774193548387
91.56774193548387
0.0
0.0
0.0
0.0
91.56774193548387
91.56774193548387
91.56774193548387
91.56774193548387
91.56774193548387
0.0
0.0
0.0
0.0
0.0
0.0
0.0
0.0
0.0
0.0
0.0
0.0
0.0
0.0
0.0
117.0
111.13978494623656
102.12903225806451
117.0
102.12903225806451
0.0
117.0
111.13978494623656
102.12903225806451
117.0
102.12903225806451
0.0
117.0
111.13978494623656
102.12903225806451
117.0
102.12903225806451
0.0
117.0
111.13978494623656
102.12903225806451
117.0
102.12903225806451
0.0
117.0
111.13978494623656
102.12903225806451
0.0
117.0
111.13978494623656
102.12903225806451
117.0
0.0
117.0
111.13978494623656
102.12903225806451
117.0
0.0
117.0
111.13978494623656
102.12903225806451
0.0
117.0
111.13978494623656
102.12903225806451
117.0
102.12903225806451
0.0
0.0
117.0
111.13978494623656
102.12903225806451
0.0
117.0
111.13978494623656
102.12903225806451
117.0
102.12903225806451
0.0
117.0
111.13978494623656
102.12903225806451
117.0
117.0
0.0
117.0
111.13978494623656
102.12903225806451
117.0
117.0
0.0
117.0
108.21505376344086
108.21505376344086
108.21505376344086
108.21505376344086
0.0
117.0
108.21505376344086
108.21505376344086
108.21505376344086
108.21505376344086
0.0
117.0
113.46236559139786
108.21505376344086
108.21505376344086
108.21505376344086
0.0
117.0
113.46236559139786
108.21505376344086
108.21505376344086
108.21505376344086
0.0
117.0
117.0
117.0
110.79569892473118
110.79569892473118
0.0
117.0
116.93548387096774
112.6021505376344
107.24731182795699
117.0
0.0
117.0
116.93548387096774
112.6021505376344
107.24731182795699
117.0
0.0
117.0
116.93548387096774
112.6021505376344
107.24731182795699
117.0
0.0
117.0
116.93548387096774
112.6021505376344
107.24731182795699
117.0
0.0
117.0
116.93548387096774
112.6021505376344
107.24731182795699
117.0
0.0
117.0
117.0
115.12903225806451
110.79569892473118
110.79569892473118
0.0
117.0
117.0
115.12903225806451
110.79569892473118
110.79569892473118
0.0
117.0
117.0
117.0
117.0
110.79569892473118
0.0
117.0
117.0
117.0
117.0
117.0
0.0
117.0
117.0
117.0
117.0
117.0
0.0
117.0
117.0
117.0
117.0
117.0
0.0
117.0
117.0
117.0
117.0
117.0
0.0
117.0
117.0
117.0
117.0
117.0
0.0
117.0
117.0
117.0
117.0
117.0
0.0
117.0
117.0
117.0
117.0
117.0
0.0
117.0
117.0
117.0
117.0
117.0
0.0
117.0
117.0
117.0
117.0
117.0
0.0
117.0
117.0
117.0
117.0
117.0
0.0
117.0
117.0
117.0
117.0
117.0
0.0
115.38709677419355
115.38709677419355
115.38709677419355
107.54838709677419
0.0
0.0
0.0
115.38709677419355
115.38709677419355
107.54838709677419
107.54838709677419
0.0
115.38709677419355
115.38709677419355
107.54838709677419
107.54838709677419
0.0
107.97849462365592
117.0
117.0
113.33333333333333
0.0
115.38709677419355
115.38709677419355
115.38709677419355
115.38709677419355
0.0
115.38709677419355
115.38709677419355
115.38709677419355
115.38709677419355
0.0
115.38709677419355
115.38709677419355
115.38709677419355
115.38709677419355
0.0
115.38709677419355
115.38709677419355
115.38709677419355
115.38709677419355
0.0
115.38709677419355
115.38709677419355
115.38709677419355
115.38709677419355
0.0
115.38709677419355
115.38709677419355
115.38709677419355
115.38709677419355
0.0
115.38709677419355
115.38709677419355
115.38709677419355
115.38709677419355
0.0
115.38709677419355
115.38709677419355
115.38709677419355
115.38709677419355
0.0
115.38709677419355
115.38709677419355
115.38709677419355
115.38709677419355
0.0
115.38709677419355
115.38709677419355
115.38709677419355
115.38709677419355
0.0
115.38709677419355
115.38709677419355
115.38709677419355
115.38709677419355
0.0
0.0
107.54838709677419
0.0
0.0
0.0
115.38709677419355
115.38709677419355
115.38709677419355
115.38709677419355
0.0
