115.41935483870968
112.19354838709677
112.19354838709677
112.19354838709677
112.19354838709677
0.0
0.0
0.0
0.0
0.0
0.0
0.0
0.0
0.0
0.0
0.0
0.0
0.0
105.91397849462366
117.0
117.0
115.41935483870968
112.19354838709677
112.19354838709677
112.19354838709677
112.19354838709677
0.0
0.0
0.0
0.0
0.0
0.0
0.0
0.0
0.0
0.0
117.0
0.0
0.0
0.0
117.0
117.0
117.0
117.0
0.0
115.41935483870968
115.41935483870968
107.56989247311827
107.56989247311827
0.0
112.19354838709677
107.44086021505376
117.0
107.44086021505376
0.0
115.41935483870968
115.41935483870968
115.41935483870968
115.41935483870968
0.0
115.41935483870968
115.41935483870968
115.41935483870968
115.41935483870968
0.0
115.41935483870968
115.41935483870968
115.41935483870968
115.41935483870968
0.0
115.41935483870968
115.41935483870968
115.41935483870968
115.41935483870968
0.0
115.41935483870968
115.41935483870968
115.41935483870968
115.41935483870968
0.0
115.41935483870968
115.41935483870968
115.41935483870968
115.41935483870968
0.0
115.41935483870968
115.41935483870968
115.41935483870968
115.41935483870968
0.0
115.41935483870968
115.41935483870968
115.41935483870968
115.41935483870968
0.0
115.41935483870968
115.41935483870968
115.41935483870968
115.41935483870968
0.0
115.41935483870968
115.41935483870968
115.41935483870968
115.41935483870968
0.0
115.41935483870968
115.41935483870968
115.41935483870968
115.41935483870968
0.0
0.0
0.0
0.0
0.0
0.0
0.0
0.0
0.0
0.0
