116.3225806451613
112.79569892473118
110.23655913978494
110.23655913978494
110.23655913978494
0.0
117.0
117.0
117.0
117.0
117.0
0.0
117.0
117.0
117.0
117.0
117.0
0.0
116.41935483870968
116.41935483870968
116.41935483870968
116.41935483870968
116.41935483870968
0.0
117.0
117.0
117.0
117.0
117.0
0.0
117.0
117.0
117.0
117.0
117.0
0.0
117.0
117.0
117.0
117.0
117.0
0.0
117.0
117.0
117.0
117.0
117.0
0.0
117.0
117.0
117.0
117.0
117.0
0.0
100.5752688172043
117.0
117.0
117.0
117.0
0.0
0.0
117.0
117.0
117.0
117.0
117.0
0.0
0.0
0.0
117.0
117.0
117.0
117.0
0.0
117.0
117.0
117.0
117.0
117.0
0.0
117.0
117.0
117.0
117.0
117.0
0.0
117.0
117.0
117.0
117.0
117.0
0.0
0.0
117.0
117.0
117.0
117.0
0.0
0.0
117.0
117.0
117.0
117.0
0.0
0.0
117.0
117.0
117.0
117.0
0.0
0.0
117.0
117.0
117.0
117.0
116.3225806451613
113.87096774193549
113.87096774193549
113.87096774193549
110.23655913978494
116.3225806451613
113.87096774193549
110.23655913978494
110.23655913978494
110.23655913978494
116.3225806451613
113.87096774193549
110.23655913978494
110.23655913978494
110.23655913978494
0.0
0.0
117.0
117.0
117.0
117.0
0.0
0.0
117.0
117.0
117.0
117.0
0.0
0.0
117.0
117.0
117.0
117.0
0.0
0.0
117.0
117.0
117.0
117.0
0.0
0.0
102.12903225806451
117.0
117.0
117.0
0.0
0.0
117.0
117.0
117.0
117.0
0.0
0.0
117.0
117.0
112.12903225806451
112.12903225806451
0.0
117.0
116.2258064516129
112.12903225806451
112.12903225806451
0.0
0.0
112.7741935483871
107.41935483870968
117.0
107.41935483870968
117.0
0.0
0.0
0.0
0.0
117.0
103.50537634408602
117.0
112.12903225806451
0.0
0.0
0.0
0.0
0.0
0.0
117.0
103.50537634408602
117.0
112.12903225806451
0.0
0.0
117.0
0.0
117.0
0.0
0.0
117.0
0.0
0.0
117.0
103.50537634408602
0.0
117.0
103.50537634408602
0.0
117.0
0.0
0.0
0.0
117.0
103.50537634408602
0.0
95.15913978494623
95.15913978494623
0.0
95.15913978494623
95.15913978494623
0.0
95.15913978494623
95.15913978494623
95.15913978494623
95.15913978494623
95.15913978494623
0.0
0.0
95.15913978494623
95.15913978494623
95.15913978494623
95.15913978494623
95.15913978494623
0.0
112.12903225806451
112.12903225806451
112.12903225806451
112.12903225806451
112.12903225806451
0.0
112.12903225806451
112.12903225806451
112.12903225806451
112.12903225806451
112.12903225806451
0.0
112.12903225806451
112.12903225806451
112.12903225806451
112.12903225806451
112.12903225806451
0.0
0.0
0.0
0.0
112.12903225806451
112.12903225806451
112.12903225806451
112.12903225806451
112.12903225806451
0.0
0.0
0.0
0.0
0.0
0.0
0.0
0.0
0.0
0.0
0.0
0.0
0.0
0.0
0.0
117.0
100.25268817204301
117.0
113.20430107526882
100.25268817204301
0.0
117.0
100.25268817204301
117.0
113.20430107526882
100.25268817204301
0.0
117.0
100.25268817204301
117.0
113.20430107526882
100.25268817204301
0.0
117.0
100.25268817204301
117.0
113.20430107526882
100.25268817204301
0.0
117.0
100.25268817204301
117.0
0.0
117.0
100.25268817204301
117.0
113.20430107526882
0.0
117.0
100.25268817204301
117.0
113.20430107526882
0.0
117.0
100.25268817204301
117.0
0.0
117.0
100.25268817204301
117.0
113.20430107526882
100.25268817204301
0.0
0.0
117.0
100.25268817204301
117.0
0.0
117.0
100.25268817204301
117.0
113.20430107526882
100.25268817204301
0.0
117.0
112.12903225806451
0.0
117.0
100.25268817204301
0.0
117.0
112.25806451612902
95.15913978494623
95.15913978494623
117.0
0.0
117.0
112.12903225806451
112.12903225806451
0.0
0.0
0.0
117.0
112.12903225806451
112.12903225806451
0.0
117.0
0.0
117.0
112.6021505376344
107.24731182795699
117.0
117.0
0.0
117.0
116.93548387096774
112.6021505376344
107.24731182795699
117.0
0.0
117.0
112.6021505376344
107.24731182795699
117.0
107.24731182795699
0.0
117.0
117.0
117.0
117.0
117.0
0.0
117.0
117.0
117.0
117.0
117.0
0.0
117.0
116.93548387096774
112.6021505376344
107.24731182795699
117.0
0.0
117.0
116.93548387096774
112.6021505376344
107.24731182795699
117.0
0.0
117.0
117.0
117.0
117.0
117.0
0.0
117.0
116.93548387096774
112.6021505376344
107.24731182795699
117.0
0.0
117.0
116.93548387096774
112.6021505376344
107.24731182795699
117.0
0.0
117.0
117.0
115.12903225806451
110.79569892473118
110.79569892473118
0.0
117.0
117.0
115.12903225806451
110.79569892473118
110.79569892473118
0.0
117.0
117.0
115.12903225806451
110.79569892473118
110.79569892473118
0.0
117.0
117.0
115.12903225806451
110.79569892473118
110.79569892473118
0.0
117.0
117.0
115.12903225806451
110.79569892473118
110.79569892473118
0.0
117.0
117.0
115.12903225806451
110.79569892473118
110.79569892473118
0.0
117.0
117.0
115.12903225806451
110.79569892473118
110.79569892473118
0.0
117.0
117.0
115.12903225806451
110.79569892473118
110.79569892473118
0.0
117.0
117.0
115.12903225806451
110.79569892473118
110.79569892473118
0.0
117.0
117.0
115.12903225806451
110.79569892473118
110.79569892473118
0.0
117.0
117.0
115.12903225806451
110.79569892473118
110.79569892473118
0.0
117.0
117.0
115.12903225806451
110.79569892473118
110.79569892473118
0.0
116.3225806451613
116.3225806451613
116.3225806451613
116.3225806451613
0.0
0.0
0.0
116.3225806451613
116.3225806451613
116.3225806451613
106.36559139784946
0.0
116.3225806451613
116.3225806451613
103.63440860215054
108.34408602150538
0.0
112.79569892473118
108.08602150537635
106.36559139784946
117.0
0.0
116.3225806451613
116.3225806451613
116.3225806451613
116.3225806451613
0.0
116.3225806451613
116.3225806451613
116.3225806451613
116.3225806451613
0.0
116.3225806451613
116.3225806451613
116.3225806451613
116.3225806451613
0.0
116.3225806451613
116.3225806451613
116.3225806451613
116.3225806451613
0.0
116.3225806451613
116.3225806451613
116.3225806451613
116.3225806451613
0.0
116.3225806451613
116.3225806451613
116.3225806451613
116.3225806451613
0.0
116.3225806451613
116.3225806451613
116.3225806451613
116.3225806451613
0.0
116.3225806451613
116.3225806451613
116.3225806451613
116.3225806451613
0.0
116.3225806451613
116.3225806451613
116.3225806451613
116.3225806451613
0.0
116.3225806451613
116.3225806451613
116.3225806451613
116.3225806451613
0.0
116.3225806451613
116.3225806451613
116.3225806451613
116.3225806451613
0.0
0.0
0.0
0.0
0.0
116.3225806451613
116.3225806451613
116.3225806451613
116.3225806451613
0.0
