115.38709677419355
109.24731182795699
109.24731182795699
109.24731182795699
109.24731182795699
0.0
0.0
0.0
0.0
0.0
0.0
0.0
0.0
0.0
0.0
0.0
0.0
0.0
0.0
117.0
117.0
115.38709677419355
115.38709677419355
115.38709677419355
109.24731182795699
109.24731182795699
0.0
0.0
0.0
0.0
0.0
0.0
0.0
0.0
0.0
0.0
117.0
0.0
0.0
0.0
117.0
117.0
117.0
113.46236559139786
0.0
115.38709677419355
115.38709677419355
107.54838709677419
107.54838709677419
0.0
107.97849462365592
117.0
113.33333333333333
107.97849462365592
0.0
115.38709677419355
115.38709677419355
115.38709677419355
115.38709677419355
0.0
115.38709677419355
115.38709677419355
115.38709677419355
115.38709677419355
0.0
115.38709677419355
115.38709677419355
115.38709677419355
115.38709677419355
0.0
115.38709677419355
115.38709677419355
115.38709677419355
115.38709677419355
0.0
115.38709677419355
115.38709677419355
115.38709677419355
115.38709677419355
0.0
115.38709677419355
115.38709677419355
115.38709677419355
115.38709677419355
0.0
115.38709677419355
115.38709677419355
115.38709677419355
115.38709677419355
0.0
115.38709677419355
115.38709677419355
115.38709677419355
115.38709677419355
0.0
115.38709677419355
115.38709677419355
115.38709677419355
115.38709677419355
0.0
115.38709677419355
115.38709677419355
115.38709677419355
115.38709677419355
0.0
115.38709677419355
115.38709677419355
115.38709677419355
115.38709677419355
0.0
0.0
0.0
0.0
0.0
0.0
0.0
0.0
0.0
0.0
