115.48387096774194
109.3763440860215
109.3763440860215
109.3763440860215
109.3763440860215
99.58064516129032
109.54838709677419
109.54838709677419
109.54838709677419
109.54838709677419
109.54838709677419
99.58064516129032
109.54838709677419
109.54838709677419
109.54838709677419
109.54838709677419
109.54838709677419
99.58064516129032
109.54838709677419
109.54838709677419
109.54838709677419
109.54838709677419
109.54838709677419
99.58064516129032
109.54838709677419
109.54838709677419
109.54838709677419
109.54838709677419
109.54838709677419
99.58064516129032
109.54838709677419
109.54838709677419
109.54838709677419
109.54838709677419
109.54838709677419
99.58064516129032
109.54838709677419
109.54838709677419
109.54838709677419
109.54838709677419
109.54838709677419
99.58064516129032
109.54838709677419
109.54838709677419
109.54838709677419
109.54838709677419
109.54838709677419
99.58064516129032
109.54838709677419
109.54838709677419
109.54838709677419
109.54838709677419
109.54838709677419
99.58064516129032
114.19354838709677
114.19354838709677
114.19354838709677
114.19354838709677
114.19354838709677
99.58064516129032
99.58064516129032
109.54838709677419
109.54838709677419
109.54838709677419
109.54838709677419
109.54838709677419
99.58064516129032
99.58064516129032
99.58064516129032
109.54838709677419
109.54838709677419
109.54838709677419
109.54838709677419
99.58064516129032
109.54838709677419
109.54838709677419
109.54838709677419
109.54838709677419
109.54838709677419
99.58064516129032
109.54838709677419
109.54838709677419
109.54838709677419
109.54838709677419
109.54838709677419
99.58064516129032
109.54838709677419
109.54838709677419
109.54838709677419
109.54838709677419
109.54838709677419
99.58064516129032
114.19354838709677
114.19354838709677
114.19354838709677
114.19354838709677
114.19354838709677
99.58064516129032
114.19354838709677
114.19354838709677
114.19354838709677
114.19354838709677
114.19354838709677
99.58064516129032
114.19354838709677
114.19354838709677
114.19354838709677
114.19354838709677
114.19354838709677
99.58064516129032
114.19354838709677
114.19354838709677
114.19354838709677
114.19354838709677
114.19354838709677
115.48387096774194
109.3763440860215
109.3763440860215
109.3763440860215
109.3763440860215
115.48387096774194
109.3763440860215
109.3763440860215
109.3763440860215
109.3763440860215
115.48387096774194
109.3763440860215
109.3763440860215
109.3763440860215
109.3763440860215
99.58064516129032
114.19354838709677
114.19354838709677
114.19354838709677
114.19354838709677
114.19354838709677
99.58064516129032
114.19354838709677
114.19354838709677
114.19354838709677
114.19354838709677
114.19354838709677
99.58064516129032
114.19354838709677
114.19354838709677
114.19354838709677
114.19354838709677
114.19354838709677
99.58064516129032
114.19354838709677
114.19354838709677
114.19354838709677
114.19354838709677
114.19354838709677
99.58064516129032
114.19354838709677
114.19354838709677
114.19354838709677
114.19354838709677
114.19354838709677
99.58064516129032
114.19354838709677
114.19354838709677
114.19354838709677
114.19354838709677
114.19354838709677
99.58064516129032
113.95698924731182
99.58064516129032
103.50537634408602
117.0
103.50537634408602
99.58064516129032
114.19354838709677
109.54838709677419
104.83870967741936
104.83870967741936
114.19354838709677
99.58064516129032
115.61290322580645
107.56989247311827
100.5752688172043
117.0
108.21505376344086
99.58064516129032
99.58064516129032
99.58064516129032
99.58064516129032
114.19354838709677
102.12903225806451
117.0
102.12903225806451
117.0
99.58064516129032
99.58064516129032
99.58064516129032
99.58064516129032
99.58064516129032
114.19354838709677
102.12903225806451
117.0
102.12903225806451
117.0
99.58064516129032
114.19354838709677
99.58064516129032
114.19354838709677
0.0
0.0
114.19354838709677
0.0
0.0
114.19354838709677
102.12903225806451
0.0
114.19354838709677
102.12903225806451
0.0
114.19354838709677
0.0
0.0
0.0
114.19354838709677
102.12903225806451
0.0
99.58064516129032
99.58064516129032
0.0
99.58064516129032
99.58064516129032
0.0
99.58064516129032
99.58064516129032
99.58064516129032
99.58064516129032
99.58064516129032
0.0
0.0
99.58064516129032
99.58064516129032
99.58064516129032
99.58064516129032
99.58064516129032
0.0
99.58064516129032
99.58064516129032
99.58064516129032
99.58064516129032
99.58064516129032
0.0
99.58064516129032
99.58064516129032
99.58064516129032
99.58064516129032
99.58064516129032
0.0
99.58064516129032
99.58064516129032
99.58064516129032
99.58064516129032
99.58064516129032
0.0
0.0
0.0
0.0
99.58064516129032
99.58064516129032
99.58064516129032
99.58064516129032
99.58064516129032
0.0
0.0
0.0
0.0
0.0
0.0
0.0
0.0
0.0
0.0
0.0
0.0
0.0
0.0
0.0
113.95698924731182
101.86559139784946
116.6774193548387
101.86559139784946
117.0
0.0
113.95698924731182
101.86559139784946
116.6774193548387
101.86559139784946
117.0
0.0
113.95698924731182
101.86559139784946
116.6774193548387
101.86559139784946
117.0
0.0
113.95698924731182
101.86559139784946
116.6774193548387
101.86559139784946
117.0
0.0
113.95698924731182
101.86559139784946
116.6774193548387
0.0
113.95698924731182
101.86559139784946
116.6774193548387
101.86559139784946
117.0
0.0
113.95698924731182
101.86559139784946
116.6774193548387
101.86559139784946
0.0
113.95698924731182
101.86559139784946
116.6774193548387
0.0
113.95698924731182
101.86559139784946
116.6774193548387
101.86559139784946
117.0
0.0
0.0
113.95698924731182
101.86559139784946
116.6774193548387
0.0
113.95698924731182
101.86559139784946
116.6774193548387
101.86559139784946
117.0
0.0
112.9247311827957
104.83870967741936
100.5752688172043
117.0
117.0
0.0
113.95698924731182
101.86559139784946
117.0
101.86559139784946
117.0
0.0
113.95698924731182
101.86559139784946
117.0
117.0
101.86559139784946
0.0
113.95698924731182
101.86559139784946
117.0
117.0
101.86559139784946
0.0
113.95698924731182
101.86559139784946
117.0
110.79569892473118
110.79569892473118
0.0
113.95698924731182
101.86559139784946
117.0
112.6021505376344
107.24731182795699
0.0
113.95698924731182
101.86559139784946
117.0
110.79569892473118
110.79569892473118
0.0
113.95698924731182
101.86559139784946
117.0
112.6021505376344
107.24731182795699
0.0
113.95698924731182
101.86559139784946
117.0
117.0
101.86559139784946
0.0
113.95698924731182
101.86559139784946
117.0
117.0
101.86559139784946
0.0
113.95698924731182
101.86559139784946
117.0
117.0
101.86559139784946
0.0
113.95698924731182
101.86559139784946
117.0
117.0
101.86559139784946
0.0
113.95698924731182
101.86559139784946
117.0
117.0
101.86559139784946
0.0
113.95698924731182
113.95698924731182
101.86559139784946
117.0
101.86559139784946
0.0
113.95698924731182
113.95698924731182
113.95698924731182
113.95698924731182
101.86559139784946
0.0
113.95698924731182
113.95698924731182
113.95698924731182
113.95698924731182
113.95698924731182
0.0
113.95698924731182
113.95698924731182
113.95698924731182
113.95698924731182
113.95698924731182
0.0
113.95698924731182
113.95698924731182
113.95698924731182
113.95698924731182
113.95698924731182
0.0
113.95698924731182
113.95698924731182
113.95698924731182
113.95698924731182
113.95698924731182
0.0
113.95698924731182
113.95698924731182
113.95698924731182
113.95698924731182
113.95698924731182
0.0
113.95698924731182
113.95698924731182
113.95698924731182
113.95698924731182
113.95698924731182
0.0
113.95698924731182
113.95698924731182
113.95698924731182
113.95698924731182
113.95698924731182
0.0
113.95698924731182
113.95698924731182
113.95698924731182
113.95698924731182
113.95698924731182
0.0
113.95698924731182
113.95698924731182
113.95698924731182
113.95698924731182
113.95698924731182
0.0
113.95698924731182
113.95698924731182
113.95698924731182
113.95698924731182
113.95698924731182
0.0
113.95698924731182
113.95698924731182
113.95698924731182
113.95698924731182
113.95698924731182
0.0
107.01075268817205
107.01075268817205
107.01075268817205
107.01075268817205
0.0
0.0
0.0
107.01075268817205
107.01075268817205
107.01075268817205
107.01075268817205
0.0
107.01075268817205
107.01075268817205
107.01075268817205
107.01075268817205
0.0
113.31182795698925
106.36559139784946
117.0
117.0
0.0
115.48387096774194
115.48387096774194
115.48387096774194
115.48387096774194
0.0
115.48387096774194
115.48387096774194
115.48387096774194
115.48387096774194
0.0
115.48387096774194
115.48387096774194
115.48387096774194
115.48387096774194
0.0
115.48387096774194
115.48387096774194
115.48387096774194
115.48387096774194
0.0
115.48387096774194
115.48387096774194
115.48387096774194
115.48387096774194
0.0
115.48387096774194
115.48387096774194
115.48387096774194
115.48387096774194
0.0
115.48387096774194
115.48387096774194
115.48387096774194
115.48387096774194
0.0
115.48387096774194
115.48387096774194
115.48387096774194
115.48387096774194
0.0
115.48387096774194
115.48387096774194
115.48387096774194
115.48387096774194
0.0
115.48387096774194
115.48387096774194
115.48387096774194
115.48387096774194
0.0
115.48387096774194
115.48387096774194
115.48387096774194
115.48387096774194
0.0
0.0
103.84946236559139
0.0
0.0
0.0
115.48387096774194
115.48387096774194
115.48387096774194
115.48387096774194
0.0
