115.41935483870968
112.19354838709677
112.19354838709677
112.19354838709677
112.19354838709677
0.0
0.0
0.0
0.0
0.0
0.0
0.0
0.0
0.0
0.0
0.0
0.0
0.0
0.0
0.0
0.0
0.0
0.0
0.0
0.0
0.0
0.0
0.0
0.0
0.0
0.0
0.0
0.0
0.0
0.0
0.0
0.0
0.0
0.0
0.0
0.0
0.0
0.0
0.0
0.0
0.0
0.0
0.0
0.0
0.0
0.0
0.0
0.0
0.0
0.0
0.0
0.0
0.0
0.0
0.0
0.0
0.0
0.0
0.0
0.0
0.0
0.0
0.0
0.0
0.0
0.0
0.0
0.0
0.0
0.0
0.0
0.0
0.0
0.0
0.0
0.0
0.0
0.0
0.0
0.0
0.0
0.0
0.0
0.0
0.0
0.0
0.0
0.0
0.0
0.0
0.0
0.0
0.0
0.0
0.0
0.0
0.0
0.0
0.0
0.0
0.0
0.0
0.0
0.0
0.0
0.0
0.0
0.0
0.0
0.0
0.0
0.0
0.0
0.0
0.0
115.41935483870968
112.19354838709677
112.19354838709677
112.19354838709677
112.19354838709677
115.41935483870968
112.19354838709677
112.19354838709677
112.19354838709677
112.19354838709677
0.0
0.0
0.0
0.0
0.0
0.0
0.0
0.0
0.0
0.0
0.0
0.0
0.0
0.0
0.0
0.0
0.0
0.0
0.0
0.0
0.0
0.0
0.0
0.0
0.0
0.0
0.0
0.0
0.0
0.0
0.0
0.0
0.0
0.0
0.0
0.0
0.0
0.0
0.0
0.0
0.0
0.0
0.0
0.0
0.0
0.0
0.0
0.0
0.0
0.0
0.0
0.0
0.0
0.0
0.0
0.0
0.0
0.0
0.0
117.0
116.03225806451613
103.50537634408602
117.0
0.0
0.0
0.0
0.0
0.0
0.0
117.0
116.03225806451613
103.50537634408602
117.0
0.0
0.0
0.0
0.0
0.0
0.0
0.0
0.0
0.0
0.0
117.0
0.0
0.0
117.0
0.0
0.0
0.0
0.0
0.0
0.0
0.0
100.25268817204301
100.25268817204301
0.0
100.25268817204301
100.25268817204301
0.0
100.25268817204301
100.25268817204301
100.25268817204301
100.25268817204301
100.25268817204301
0.0
0.0
100.25268817204301
100.25268817204301
100.25268817204301
100.25268817204301
100.25268817204301
0.0
112.12903225806451
112.12903225806451
112.12903225806451
112.12903225806451
112.12903225806451
0.0
112.12903225806451
112.12903225806451
112.12903225806451
112.12903225806451
112.12903225806451
0.0
112.12903225806451
112.12903225806451
112.12903225806451
112.12903225806451
112.12903225806451
0.0
0.0
0.0
0.0
112.12903225806451
112.12903225806451
112.12903225806451
112.12903225806451
112.12903225806451
0.0
0.0
0.0
0.0
0.0
0.0
0.0
0.0
0.0
0.0
0.0
0.0
0.0
0.0
0.0
0.0
0.0
117.0
103.50537634408602
117.0
0.0
0.0
0.0
117.0
103.50537634408602
117.0
0.0
0.0
0.0
117.0
103.50537634408602
0.0
0.0
0.0
117.0
103.50537634408602
117.0
0.0
0.0
0.0
117.0
0.0
0.0
0.0
117.0
103.50537634408602
0.0
0.0
0.0
117.0
103.50537634408602
0.0
0.0
0.0
117.0
0.0
0.0
0.0
117.0
103.50537634408602
117.0
0.0
0.0
0.0
0.0
117.0
0.0
0.0
0.0
117.0
103.50537634408602
117.0
0.0
0.0
0.0
117.0
103.50537634408602
117.0
0.0
0.0
0.0
0.0
0.0
0.0
0.0
0.0
0.0
0.0
0.0
0.0
0.0
0.0
0.0
0.0
0.0
0.0
0.0
0.0
0.0
0.0
0.0
0.0
0.0
0.0
0.0
0.0
0.0
0.0
0.0
0.0
0.0
0.0
0.0
0.0
0.0
0.0
0.0
0.0
0.0
0.0
0.0
0.0
0.0
0.0
0.0
0.0
0.0
0.0
0.0
0.0
0.0
0.0
0.0
0.0
0.0
0.0
0.0
0.0
0.0
0.0
0.0
0.0
0.0
0.0
0.0
0.0
0.0
0.0
0.0
0.0
0.0
0.0
0.0
0.0
0.0
0.0
0.0
0.0
0.0
0.0
0.0
0.0
0.0
0.0
0.0
0.0
0.0
0.0
0.0
0.0
0.0
0.0
0.0
0.0
0.0
0.0
0.0
0.0
0.0
0.0
0.0
0.0
0.0
0.0
0.0
0.0
0.0
0.0
0.0
0.0
0.0
0.0
0.0
0.0
0.0
0.0
0.0
0.0
0.0
0.0
0.0
0.0
0.0
0.0
0.0
0.0
0.0
0.0
0.0
0.0
0.0
0.0
0.0
0.0
0.0
0.0
0.0
0.0
0.0
0.0
0.0
0.0
0.0
0.0
0.0
0.0
0.0
0.0
0.0
0.0
101.86559139784946
117.0
117.0
0.0
0.0
0.0
115.41935483870968
115.41935483870968
107.56989247311827
107.56989247311827
0.0
115.41935483870968
115.41935483870968
107.56989247311827
107.56989247311827
0.0
112.19354838709677
107.44086021505376
117.0
107.44086021505376
0.0
115.41935483870968
115.41935483870968
115.41935483870968
115.41935483870968
0.0
115.41935483870968
115.41935483870968
115.41935483870968
115.41935483870968
0.0
115.41935483870968
115.41935483870968
115.41935483870968
115.41935483870968
0.0
115.41935483870968
115.41935483870968
115.41935483870968
115.41935483870968
0.0
115.41935483870968
115.41935483870968
115.41935483870968
115.41935483870968
0.0
115.41935483870968
115.41935483870968
115.41935483870968
115.41935483870968
0.0
115.41935483870968
115.41935483870968
115.41935483870968
115.41935483870968
0.0
115.41935483870968
115.41935483870968
115.41935483870968
115.41935483870968
0.0
115.41935483870968
115.41935483870968
115.41935483870968
115.41935483870968
0.0
115.41935483870968
115.41935483870968
115.41935483870968
115.41935483870968
0.0
115.41935483870968
115.41935483870968
115.41935483870968
115.41935483870968
0.0
0.0
0.0
0.0
0.0
115.41935483870968
115.41935483870968
115.41935483870968
115.41935483870968
0.0
