115.38709677419355
109.24731182795699
109.24731182795699
109.24731182795699
109.24731182795699
115.38709677419355
109.24731182795699
109.24731182795699
109.24731182795699
109.24731182795699
109.24731182795699
115.38709677419355
109.24731182795699
109.24731182795699
109.24731182795699
109.24731182795699
109.24731182795699
115.38709677419355
115.38709677419355
109.24731182795699
109.24731182795699
109.24731182795699
109.24731182795699
115.38709677419355
115.38709677419355
109.24731182795699
109.24731182795699
109.24731182795699
109.24731182795699
115.38709677419355
109.24731182795699
109.24731182795699
109.24731182795699
109.24731182795699
109.24731182795699
115.38709677419355
109.24731182795699
109.24731182795699
109.24731182795699
109.24731182795699
109.24731182795699
115.38709677419355
109.24731182795699
109.24731182795699
109.24731182795699
109.24731182795699
109.24731182795699
115.38709677419355
109.24731182795699
109.24731182795699
109.24731182795699
109.24731182795699
109.24731182795699
115.38709677419355
115.38709677419355
115.38709677419355
109.24731182795699
109.24731182795699
109.24731182795699
115.38709677419355
115.38709677419355
109.24731182795699
109.24731182795699
109.24731182795699
109.24731182795699
109.24731182795699
115.38709677419355
115.38709677419355
115.38709677419355
109.24731182795699
109.24731182795699
109.24731182795699
109.24731182795699
109.24731182795699
115.38709677419355
109.24731182795699
109.24731182795699
109.24731182795699
109.24731182795699
109.24731182795699
115.38709677419355
109.24731182795699
109.24731182795699
109.24731182795699
109.24731182795699
109.24731182795699
115.38709677419355
109.24731182795699
109.24731182795699
109.24731182795699
109.24731182795699
109.24731182795699
115.38709677419355
115.38709677419355
109.24731182795699
109.24731182795699
109.24731182795699
109.24731182795699
115.38709677419355
115.38709677419355
109.24731182795699
109.24731182795699
109.24731182795699
109.24731182795699
115.38709677419355
115.38709677419355
109.24731182795699
109.24731182795699
109.24731182795699
109.24731182795699
115.38709677419355
115.38709677419355
109.24731182795699
109.24731182795699
109.24731182795699
109.24731182795699
115.38709677419355
115.38709677419355
109.24731182795699
109.24731182795699
109.24731182795699
115.38709677419355
115.38709677419355
115.38709677419355
115.38709677419355
115.38709677419355
115.38709677419355
115.38709677419355
109.24731182795699
109.24731182795699
109.24731182795699
115.38709677419355
115.38709677419355
109.24731182795699
109.24731182795699
109.24731182795699
109.24731182795699
115.38709677419355
115.38709677419355
109.24731182795699
109.24731182795699
109.24731182795699
109.24731182795699
115.38709677419355
115.38709677419355
109.24731182795699
109.24731182795699
109.24731182795699
109.24731182795699
115.38709677419355
115.38709677419355
109.24731182795699
109.24731182795699
109.24731182795699
109.24731182795699
115.38709677419355
115.38709677419355
115.38709677419355
115.38709677419355
115.38709677419355
109.24731182795699
115.38709677419355
115.38709677419355
109.24731182795699
109.24731182795699
109.24731182795699
109.24731182795699
115.38709677419355
115.38709677419355
115.38709677419355
115.38709677419355
115.38709677419355
107.54838709677419
115.38709677419355
115.38709677419355
109.24731182795699
109.24731182795699
109.24731182795699
109.24731182795699
115.38709677419355
115.38709677419355
109.24731182795699
109.24731182795699
109.24731182795699
109.24731182795699
115.38709677419355
115.38709677419355
115.38709677419355
115.38709677419355
109.24731182795699
101.05913978494624
117.0
101.05913978494624
117.0
115.38709677419355
115.38709677419355
115.38709677419355
115.38709677419355
115.38709677419355
109.24731182795699
101.05913978494624
117.0
101.05913978494624
117.0
115.38709677419355
109.24731182795699
115.38709677419355
109.24731182795699
0.0
0.0
109.24731182795699
101.05913978494624
0.0
0.0
109.24731182795699
101.05913978494624
0.0
109.24731182795699
101.05913978494624
117.0
0.0
109.24731182795699
0.0
0.0
0.0
109.24731182795699
101.05913978494624
0.0
115.38709677419355
115.38709677419355
0.0
115.38709677419355
115.38709677419355
0.0
115.38709677419355
115.38709677419355
115.38709677419355
115.38709677419355
115.38709677419355
0.0
0.0
115.38709677419355
115.38709677419355
115.38709677419355
115.38709677419355
115.38709677419355
0.0
115.38709677419355
115.38709677419355
115.38709677419355
115.38709677419355
115.38709677419355
0.0
115.38709677419355
115.38709677419355
115.38709677419355
115.38709677419355
115.38709677419355
0.0
115.38709677419355
115.38709677419355
115.38709677419355
115.38709677419355
115.38709677419355
0.0
0.0
0.0
0.0
115.38709677419355
115.38709677419355
115.38709677419355
115.38709677419355
115.38709677419355
0.0
0.0
0.0
0.0
0.0
0.0
0.0
0.0
0.0
0.0
0.0
0.0
0.0
0.0
0.0
102.64516129032258
102.64516129032258
102.64516129032258
102.64516129032258
102.64516129032258
0.0
102.64516129032258
102.64516129032258
102.64516129032258
102.64516129032258
102.64516129032258
0.0
102.64516129032258
102.64516129032258
102.64516129032258
102.64516129032258
102.64516129032258
0.0
102.64516129032258
102.64516129032258
102.64516129032258
102.64516129032258
102.64516129032258
0.0
102.64516129032258
102.64516129032258
102.64516129032258
0.0
102.64516129032258
102.64516129032258
102.64516129032258
102.64516129032258
102.64516129032258
0.0
102.64516129032258
102.64516129032258
102.64516129032258
102.64516129032258
102.64516129032258
0.0
102.64516129032258
102.64516129032258
102.64516129032258
0.0
102.64516129032258
102.64516129032258
102.64516129032258
102.64516129032258
102.64516129032258
0.0
0.0
102.64516129032258
102.64516129032258
102.64516129032258
0.0
102.64516129032258
102.64516129032258
102.64516129032258
102.64516129032258
102.64516129032258
0.0
107.97849462365592
114.41935483870968
106.90322580645162
117.0
106.90322580645162
0.0
107.97849462365592
114.41935483870968
106.90322580645162
117.0
106.90322580645162
0.0
107.97849462365592
114.41935483870968
106.90322580645162
116.41935483870968
112.25806451612902
0.0
107.97849462365592
114.41935483870968
106.90322580645162
117.0
106.90322580645162
0.0
115.38709677419355
107.54838709677419
107.54838709677419
107.54838709677419
107.54838709677419
0.0
115.38709677419355
107.54838709677419
107.54838709677419
107.54838709677419
107.54838709677419
0.0
115.38709677419355
107.54838709677419
107.54838709677419
107.54838709677419
107.54838709677419
0.0
115.38709677419355
107.54838709677419
107.54838709677419
107.54838709677419
107.54838709677419
0.0
115.38709677419355
115.38709677419355
115.38709677419355
115.38709677419355
102.64516129032258
0.0
115.38709677419355
115.38709677419355
115.38709677419355
115.38709677419355
102.64516129032258
0.0
115.38709677419355
115.38709677419355
115.38709677419355
115.38709677419355
102.64516129032258
0.0
115.38709677419355
115.38709677419355
115.38709677419355
115.38709677419355
102.64516129032258
0.0
115.38709677419355
115.38709677419355
115.38709677419355
115.38709677419355
102.64516129032258
0.0
115.38709677419355
115.38709677419355
115.38709677419355
115.38709677419355
102.64516129032258
0.0
115.38709677419355
115.38709677419355
115.38709677419355
115.38709677419355
102.64516129032258
0.0
115.38709677419355
115.38709677419355
115.38709677419355
115.38709677419355
102.64516129032258
0.0
115.38709677419355
115.38709677419355
115.38709677419355
115.38709677419355
102.64516129032258
0.0
115.38709677419355
115.38709677419355
115.38709677419355
115.38709677419355
107.54838709677419
0.0
115.38709677419355
115.38709677419355
115.38709677419355
115.38709677419355
107.54838709677419
0.0
115.38709677419355
115.38709677419355
115.38709677419355
115.38709677419355
107.54838709677419
0.0
115.38709677419355
115.38709677419355
115.38709677419355
115.38709677419355
115.38709677419355
0.0
115.38709677419355
115.38709677419355
115.38709677419355
115.38709677419355
107.54838709677419
0.0
115.38709677419355
115.38709677419355
115.38709677419355
115.38709677419355
107.54838709677419
0.0
115.38709677419355
115.38709677419355
115.38709677419355
115.38709677419355
107.54838709677419
0.0
115.38709677419355
115.38709677419355
115.38709677419355
115.38709677419355
107.54838709677419
0.0
115.38709677419355
115.38709677419355
115.38709677419355
115.38709677419355
107.54838709677419
0.0
115.38709677419355
115.38709677419355
107.54838709677419
107.54838709677419
0.0
0.0
0.0
115.38709677419355
115.38709677419355
107.54838709677419
107.54838709677419
0.0
115.38709677419355
115.38709677419355
107.54838709677419
107.54838709677419
0.0
107.97849462365592
117.0
116.2258064516129
107.97849462365592
0.0
115.38709677419355
115.38709677419355
115.38709677419355
115.38709677419355
0.0
115.38709677419355
115.38709677419355
115.38709677419355
115.38709677419355
0.0
115.38709677419355
115.38709677419355
115.38709677419355
115.38709677419355
0.0
115.38709677419355
115.38709677419355
115.38709677419355
115.38709677419355
0.0
115.38709677419355
115.38709677419355
115.38709677419355
115.38709677419355
0.0
115.38709677419355
115.38709677419355
115.38709677419355
115.38709677419355
0.0
115.38709677419355
115.38709677419355
115.38709677419355
115.38709677419355
0.0
115.38709677419355
115.38709677419355
115.38709677419355
115.38709677419355
0.0
115.38709677419355
115.38709677419355
115.38709677419355
115.38709677419355
0.0
115.38709677419355
115.38709677419355
115.38709677419355
115.38709677419355
0.0
115.38709677419355
115.38709677419355
115.38709677419355
115.38709677419355
0.0
0.0
107.54838709677419
0.0
0.0
0.0
115.38709677419355
115.38709677419355
115.38709677419355
115.38709677419355
0.0
