114.58064516129032
114.58064516129032
114.58064516129032
114.58064516129032
114.58064516129032
0.0
0.0
0.0
0.0
0.0
0.0
0.0
0.0
0.0
0.0
0.0
0.0
117.0
117.0
117.0
117.0
114.58064516129032
114.58064516129032
114.58064516129032
114.58064516129032
114.58064516129032
0.0
0.0
0.0
0.0
0.0
0.0
0.0
0.0
0.0
0.0
117.0
0.0
0.0
0.0
117.0
117.0
114.74193548387096
114.74193548387096
0.0
114.58064516129032
114.58064516129032
114.58064516129032
107.01075268817205
0.0
107.44086021505376
117.0
107.44086021505376
107.44086021505376
0.0
114.58064516129032
114.58064516129032
114.58064516129032
114.58064516129032
0.0
114.58064516129032
114.58064516129032
114.58064516129032
114.58064516129032
0.0
114.58064516129032
114.58064516129032
114.58064516129032
114.58064516129032
0.0
114.58064516129032
114.58064516129032
114.58064516129032
114.58064516129032
0.0
114.58064516129032
114.58064516129032
114.58064516129032
114.58064516129032
0.0
114.58064516129032
114.58064516129032
114.58064516129032
114.58064516129032
0.0
114.58064516129032
114.58064516129032
114.58064516129032
114.58064516129032
0.0
114.58064516129032
114.58064516129032
114.58064516129032
114.58064516129032
0.0
114.58064516129032
114.58064516129032
114.58064516129032
114.58064516129032
0.0
114.58064516129032
114.58064516129032
114.58064516129032
114.58064516129032
0.0
114.58064516129032
114.58064516129032
114.58064516129032
114.58064516129032
0.0
0.0
0.0
0.0
0.0
0.0
0.0
0.0
0.0
0.0
