115.58064516129032
109.50537634408603
109.50537634408603
109.50537634408603
109.50537634408603
115.58064516129032
109.50537634408603
109.50537634408603
109.50537634408603
109.50537634408603
109.50537634408603
115.58064516129032
109.50537634408603
109.50537634408603
109.50537634408603
109.50537634408603
109.50537634408603
115.58064516129032
113.3763440860215
113.3763440860215
113.3763440860215
113.3763440860215
109.24731182795699
115.58064516129032
113.3763440860215
113.3763440860215
113.3763440860215
113.3763440860215
109.24731182795699
115.58064516129032
109.50537634408603
109.50537634408603
109.50537634408603
109.50537634408603
109.50537634408603
115.58064516129032
109.50537634408603
109.50537634408603
109.50537634408603
109.50537634408603
109.50537634408603
115.58064516129032
109.50537634408603
109.50537634408603
109.50537634408603
109.50537634408603
109.50537634408603
115.58064516129032
109.50537634408603
109.50537634408603
109.50537634408603
109.50537634408603
109.50537634408603
115.58064516129032
113.3763440860215
113.3763440860215
113.3763440860215
113.3763440860215
113.3763440860215
115.58064516129032
109.50537634408603
115.58064516129032
109.50537634408603
109.50537634408603
109.50537634408603
109.50537634408603
109.50537634408603
115.58064516129032
109.50537634408603
115.58064516129032
109.50537634408603
115.58064516129032
109.50537634408603
109.50537634408603
109.50537634408603
109.50537634408603
109.50537634408603
115.58064516129032
109.50537634408603
109.50537634408603
109.50537634408603
109.50537634408603
109.50537634408603
115.58064516129032
109.50537634408603
109.50537634408603
109.50537634408603
109.50537634408603
109.50537634408603
115.58064516129032
109.50537634408603
109.50537634408603
109.50537634408603
109.50537634408603
109.50537634408603
115.58064516129032
113.3763440860215
113.3763440860215
113.3763440860215
113.3763440860215
113.3763440860215
115.58064516129032
113.3763440860215
113.3763440860215
113.3763440860215
113.3763440860215
113.3763440860215
115.58064516129032
113.3763440860215
113.3763440860215
113.3763440860215
113.3763440860215
113.3763440860215
115.58064516129032
113.3763440860215
113.3763440860215
113.3763440860215
113.3763440860215
113.3763440860215
115.58064516129032
113.3763440860215
113.3763440860215
113.3763440860215
113.3763440860215
115.58064516129032
113.3763440860215
113.3763440860215
113.3763440860215
113.3763440860215
115.58064516129032
113.3763440860215
113.3763440860215
113.3763440860215
113.3763440860215
115.58064516129032
113.3763440860215
113.3763440860215
113.3763440860215
113.3763440860215
113.3763440860215
115.58064516129032
113.3763440860215
113.3763440860215
113.3763440860215
113.3763440860215
113.3763440860215
115.58064516129032
113.3763440860215
113.3763440860215
113.3763440860215
113.3763440860215
113.3763440860215
115.58064516129032
113.3763440860215
113.3763440860215
113.3763440860215
113.3763440860215
113.3763440860215
115.58064516129032
113.3763440860215
113.3763440860215
113.3763440860215
113.3763440860215
113.3763440860215
115.58064516129032
113.3763440860215
113.3763440860215
113.3763440860215
113.3763440860215
113.3763440860215
115.58064516129032
115.58064516129032
107.6774193548387
107.6774193548387
107.6774193548387
107.6774193548387
115.58064516129032
113.3763440860215
107.0752688172043
107.0752688172043
107.0752688172043
107.0752688172043
115.58064516129032
115.58064516129032
109.50537634408603
109.50537634408603
109.50537634408603
109.50537634408603
115.58064516129032
115.58064516129032
115.58064516129032
115.58064516129032
115.58064516129032
115.58064516129032
115.58064516129032
109.50537634408603
101.22043010752688
117.0
114.6774193548387
111.3978494623656
115.58064516129032
109.50537634408603
115.58064516129032
109.50537634408603
115.58064516129032
109.50537634408603
115.58064516129032
109.50537634408603
115.58064516129032
109.50537634408603
101.22043010752688
117.0
114.6774193548387
111.3978494623656
115.58064516129032
109.50537634408603
101.22043010752688
115.58064516129032
109.50537634408603
101.22043010752688
0.0
109.50537634408603
0.0
109.50537634408603
101.22043010752688
0.0
109.50537634408603
0.0
109.50537634408603
101.22043010752688
117.0
0.0
109.50537634408603
101.22043010752688
117.0
0.0
109.50537634408603
101.22043010752688
0.0
109.50537634408603
0.0
109.50537634408603
0.0
109.50537634408603
101.22043010752688
0.0
109.50537634408603
109.50537634408603
0.0
109.50537634408603
109.50537634408603
0.0
109.50537634408603
109.50537634408603
109.50537634408603
109.50537634408603
109.50537634408603
0.0
109.50537634408603
0.0
109.50537634408603
109.50537634408603
109.50537634408603
109.50537634408603
109.50537634408603
0.0
106.0
106.0
106.0
106.0
106.0
0.0
106.0
106.0
106.0
106.0
106.0
0.0
106.0
106.0
106.0
106.0
106.0
0.0
106.0
0.0
106.0
0.0
106.0
0.0
106.0
106.0
106.0
106.0
106.0
0.0
106.0
0.0
106.0
0.0
106.0
0.0
106.0
0.0
106.0
0.0
106.0
0.0
106.0
0.0
106.0
0.0
106.0
0.0
106.0
0.0
106.0
0.0
106.0
0.0
106.0
0.0
106.0
0.0
106.0
110.45161290322581
107.54838709677419
117.0
107.54838709677419
0.0
106.0
110.45161290322581
107.54838709677419
117.0
107.54838709677419
0.0
106.0
110.45161290322581
107.54838709677419
117.0
107.54838709677419
0.0
106.0
110.45161290322581
107.54838709677419
117.0
107.54838709677419
0.0
106.0
110.45161290322581
107.54838709677419
117.0
0.0
106.0
110.45161290322581
107.54838709677419
117.0
107.54838709677419
0.0
106.0
110.45161290322581
107.54838709677419
117.0
107.54838709677419
0.0
106.0
110.45161290322581
107.54838709677419
117.0
0.0
106.0
110.45161290322581
107.54838709677419
117.0
107.54838709677419
0.0
106.0
0.0
106.0
110.45161290322581
107.54838709677419
117.0
0.0
106.0
110.45161290322581
107.54838709677419
117.0
107.54838709677419
0.0
107.6774193548387
113.97849462365592
112.3010752688172
98.97311827956989
113.59139784946237
0.0
107.6774193548387
113.97849462365592
112.3010752688172
98.97311827956989
115.06451612903226
0.0
107.6774193548387
113.97849462365592
112.3010752688172
98.97311827956989
114.6774193548387
0.0
107.6774193548387
113.97849462365592
112.3010752688172
98.97311827956989
114.6774193548387
0.0
115.58064516129032
107.6774193548387
107.6774193548387
107.6774193548387
107.6774193548387
0.0
115.58064516129032
107.6774193548387
107.6774193548387
107.6774193548387
107.6774193548387
0.0
115.58064516129032
107.6774193548387
107.6774193548387
107.6774193548387
107.6774193548387
0.0
115.58064516129032
107.6774193548387
107.6774193548387
107.6774193548387
107.6774193548387
0.0
115.58064516129032
107.6774193548387
107.6774193548387
107.6774193548387
107.6774193548387
0.0
115.58064516129032
107.6774193548387
107.6774193548387
107.6774193548387
107.6774193548387
0.0
115.58064516129032
107.6774193548387
107.6774193548387
107.6774193548387
107.6774193548387
0.0
115.58064516129032
107.6774193548387
107.6774193548387
107.6774193548387
107.6774193548387
0.0
115.58064516129032
107.6774193548387
107.6774193548387
107.6774193548387
107.6774193548387
0.0
115.58064516129032
107.6774193548387
107.6774193548387
107.6774193548387
107.6774193548387
0.0
115.58064516129032
107.6774193548387
107.6774193548387
107.6774193548387
107.6774193548387
0.0
115.58064516129032
107.6774193548387
107.6774193548387
107.6774193548387
107.6774193548387
0.0
115.58064516129032
115.58064516129032
115.58064516129032
107.6774193548387
107.6774193548387
0.0
115.58064516129032
115.58064516129032
115.58064516129032
107.6774193548387
107.6774193548387
0.0
115.58064516129032
115.58064516129032
115.58064516129032
107.6774193548387
107.6774193548387
0.0
115.58064516129032
115.58064516129032
115.58064516129032
107.6774193548387
107.6774193548387
0.0
115.58064516129032
115.58064516129032
115.58064516129032
115.58064516129032
115.58064516129032
0.0
115.58064516129032
115.58064516129032
115.58064516129032
107.6774193548387
107.6774193548387
0.0
115.58064516129032
115.58064516129032
115.58064516129032
107.6774193548387
107.6774193548387
0.0
115.58064516129032
115.58064516129032
115.58064516129032
107.6774193548387
107.6774193548387
0.0
115.58064516129032
115.58064516129032
115.58064516129032
107.6774193548387
107.6774193548387
0.0
115.58064516129032
115.58064516129032
115.58064516129032
107.6774193548387
107.6774193548387
0.0
115.58064516129032
115.58064516129032
102.64516129032258
113.03225806451613
0.0
103.50537634408602
0.0
115.58064516129032
115.58064516129032
102.64516129032258
113.03225806451613
0.0
115.58064516129032
115.58064516129032
107.6774193548387
107.6774193548387
0.0
112.3010752688172
109.24731182795699
101.59677419354838
101.59677419354838
0.0
115.58064516129032
115.58064516129032
115.58064516129032
115.58064516129032
0.0
115.58064516129032
115.58064516129032
115.58064516129032
115.58064516129032
0.0
115.58064516129032
115.58064516129032
115.58064516129032
115.58064516129032
0.0
115.58064516129032
115.58064516129032
115.58064516129032
115.58064516129032
0.0
115.58064516129032
115.58064516129032
115.58064516129032
115.58064516129032
0.0
115.58064516129032
115.58064516129032
115.58064516129032
115.58064516129032
0.0
115.58064516129032
115.58064516129032
115.58064516129032
115.58064516129032
0.0
115.58064516129032
115.58064516129032
115.58064516129032
115.58064516129032
0.0
115.58064516129032
115.58064516129032
115.58064516129032
115.58064516129032
0.0
115.58064516129032
115.58064516129032
115.58064516129032
115.58064516129032
0.0
115.58064516129032
115.58064516129032
115.58064516129032
115.58064516129032
0.0
0.0
107.6774193548387
0.0
109.24731182795699
0.0
115.58064516129032
115.58064516129032
115.58064516129032
115.58064516129032
0.0
107.6774193548387
