115.41935483870968
112.19354838709677
112.19354838709677
112.19354838709677
112.19354838709677
0.0
0.0
0.0
0.0
0.0
0.0
0.0
0.0
0.0
0.0
0.0
0.0
0.0
0.0
0.0
0.0
0.0
0.0
0.0
0.0
0.0
0.0
0.0
0.0
0.0
0.0
0.0
0.0
0.0
0.0
0.0
0.0
0.0
0.0
0.0
0.0
0.0
0.0
0.0
0.0
0.0
0.0
0.0
0.0
0.0
0.0
0.0
0.0
0.0
0.0
0.0
0.0
0.0
0.0
0.0
0.0
0.0
0.0
0.0
0.0
0.0
0.0
0.0
0.0
0.0
0.0
0.0
0.0
0.0
0.0
0.0
0.0
0.0
0.0
0.0
0.0
0.0
0.0
0.0
0.0
0.0
0.0
0.0
0.0
0.0
0.0
0.0
0.0
0.0
0.0
0.0
0.0
0.0
0.0
0.0
0.0
0.0
0.0
0.0
0.0
0.0
0.0
0.0
0.0
0.0
0.0
0.0
0.0
0.0
0.0
115.41935483870968
112.19354838709677
112.19354838709677
112.19354838709677
112.19354838709677
115.41935483870968
112.19354838709677
112.19354838709677
112.19354838709677
112.19354838709677
115.41935483870968
112.19354838709677
112.19354838709677
112.19354838709677
112.19354838709677
0.0
0.0
0.0
0.0
0.0
0.0
0.0
0.0
0.0
0.0
0.0
0.0
0.0
0.0
0.0
0.0
0.0
0.0
0.0
0.0
0.0
0.0
0.0
0.0
0.0
0.0
0.0
0.0
0.0
0.0
0.0
0.0
0.0
0.0
0.0
0.0
0.0
0.0
0.0
117.0
112.12903225806451
112.12903225806451
0.0
0.0
117.0
116.2258064516129
91.56774193548387
116.2258064516129
0.0
0.0
117.0
113.20430107526882
113.20430107526882
113.20430107526882
0.0
0.0
0.0
0.0
117.0
112.12903225806451
0.0
117.0
101.86559139784946
0.0
0.0
0.0
0.0
0.0
117.0
112.12903225806451
0.0
117.0
101.86559139784946
0.0
117.0
0.0
117.0
0.0
0.0
117.0
0.0
0.0
117.0
112.12903225806451
0.0
117.0
112.12903225806451
0.0
117.0
0.0
0.0
0.0
117.0
0.0
103.50537634408602
103.50537634408602
0.0
103.50537634408602
103.50537634408602
0.0
103.50537634408602
103.50537634408602
103.50537634408602
103.50537634408602
103.50537634408602
0.0
0.0
103.50537634408602
103.50537634408602
103.50537634408602
103.50537634408602
103.50537634408602
0.0
95.15913978494623
95.15913978494623
95.15913978494623
95.15913978494623
95.15913978494623
0.0
95.15913978494623
95.15913978494623
95.15913978494623
95.15913978494623
95.15913978494623
0.0
95.15913978494623
95.15913978494623
95.15913978494623
95.15913978494623
95.15913978494623
0.0
0.0
0.0
0.0
95.15913978494623
95.15913978494623
95.15913978494623
95.15913978494623
95.15913978494623
0.0
0.0
0.0
0.0
0.0
0.0
0.0
0.0
0.0
0.0
0.0
0.0
0.0
0.0
0.0
117.0
101.86559139784946
117.0
101.86559139784946
117.0
0.0
117.0
101.86559139784946
117.0
101.86559139784946
117.0
0.0
117.0
101.86559139784946
117.0
101.86559139784946
0.0
117.0
101.86559139784946
117.0
101.86559139784946
117.0
0.0
117.0
101.86559139784946
117.0
0.0
117.0
101.86559139784946
117.0
101.86559139784946
0.0
117.0
101.86559139784946
117.0
101.86559139784946
0.0
117.0
101.86559139784946
117.0
0.0
117.0
101.86559139784946
117.0
101.86559139784946
117.0
0.0
0.0
117.0
101.86559139784946
117.0
0.0
117.0
101.86559139784946
117.0
101.86559139784946
117.0
0.0
117.0
103.50537634408602
117.0
112.25806451612902
103.50537634408602
0.0
117.0
112.6021505376344
107.24731182795699
107.24731182795699
117.0
0.0
117.0
112.6021505376344
107.24731182795699
117.0
117.0
0.0
117.0
117.0
114.74193548387096
114.74193548387096
114.74193548387096
0.0
117.0
115.12903225806451
110.79569892473118
110.79569892473118
110.79569892473118
0.0
117.0
117.0
117.0
117.0
95.15913978494623
0.0
117.0
112.12903225806451
112.12903225806451
112.12903225806451
0.0
0.0
0.0
117.0
103.50537634408602
117.0
103.50537634408602
0.0
0.0
117.0
103.50537634408602
117.0
112.12903225806451
0.0
0.0
117.0
113.20430107526882
113.20430107526882
100.25268817204301
0.0
0.0
117.0
113.20430107526882
113.20430107526882
100.25268817204301
0.0
0.0
117.0
103.50537634408602
117.0
112.12903225806451
0.0
0.0
117.0
103.50537634408602
117.0
103.50537634408602
0.0
0.0
117.0
108.21505376344086
108.21505376344086
108.21505376344086
0.0
0.0
117.0
103.50537634408602
117.0
103.50537634408602
0.0
0.0
117.0
103.50537634408602
117.0
112.25806451612902
0.0
0.0
117.0
103.50537634408602
117.0
108.21505376344086
0.0
0.0
0.0
117.0
117.0
116.41935483870968
0.0
0.0
0.0
117.0
117.0
116.41935483870968
0.0
0.0
0.0
115.38709677419355
111.13978494623656
106.21505376344086
0.0
0.0
0.0
115.38709677419355
111.13978494623656
106.21505376344086
0.0
0.0
0.0
117.0
117.0
116.41935483870968
0.0
0.0
0.0
117.0
117.0
116.41935483870968
0.0
0.0
0.0
117.0
117.0
116.41935483870968
0.0
0.0
0.0
117.0
117.0
116.41935483870968
0.0
0.0
0.0
117.0
117.0
116.41935483870968
0.0
115.41935483870968
115.41935483870968
115.41935483870968
107.56989247311827
0.0
0.0
0.0
115.41935483870968
115.41935483870968
115.41935483870968
107.56989247311827
0.0
115.41935483870968
115.41935483870968
107.56989247311827
107.56989247311827
0.0
112.19354838709677
107.44086021505376
117.0
107.44086021505376
0.0
115.41935483870968
115.41935483870968
115.41935483870968
115.41935483870968
0.0
115.41935483870968
115.41935483870968
115.41935483870968
115.41935483870968
0.0
115.41935483870968
115.41935483870968
115.41935483870968
115.41935483870968
0.0
115.41935483870968
115.41935483870968
115.41935483870968
115.41935483870968
0.0
115.41935483870968
115.41935483870968
115.41935483870968
115.41935483870968
0.0
115.41935483870968
115.41935483870968
115.41935483870968
115.41935483870968
0.0
115.41935483870968
115.41935483870968
115.41935483870968
115.41935483870968
0.0
115.41935483870968
115.41935483870968
115.41935483870968
115.41935483870968
0.0
115.41935483870968
115.41935483870968
115.41935483870968
115.41935483870968
0.0
115.41935483870968
115.41935483870968
115.41935483870968
115.41935483870968
0.0
115.41935483870968
115.41935483870968
115.41935483870968
115.41935483870968
0.0
0.0
0.0
0.0
0.0
115.41935483870968
115.41935483870968
115.41935483870968
115.41935483870968
0.0
