115.48387096774194
109.3763440860215
109.3763440860215
109.3763440860215
109.3763440860215
0.0
0.0
117.0
117.0
117.0
117.0
0.0
0.0
97.24193548387098
97.24193548387098
97.24193548387098
97.24193548387098
0.0
0.0
0.0
100.25268817204301
100.25268817204301
108.21505376344086
0.0
0.0
0.0
0.0
0.0
95.15913978494623
0.0
0.0
117.0
117.0
117.0
117.0
0.0
0.0
117.0
117.0
117.0
117.0
0.0
0.0
115.0
115.0
115.0
115.0
0.0
0.0
97.24193548387098
97.24193548387098
97.24193548387098
97.24193548387098
0.0
0.0
0.0
0.0
0.0
0.0
0.0
0.0
0.0
117.0
117.0
117.0
117.0
0.0
0.0
0.0
0.0
117.0
117.0
117.0
0.0
0.0
117.0
117.0
117.0
117.0
0.0
0.0
117.0
117.0
117.0
117.0
0.0
0.0
117.0
117.0
117.0
117.0
0.0
0.0
0.0
0.0
0.0
0.0
0.0
0.0
0.0
0.0
0.0
0.0
0.0
0.0
0.0
0.0
0.0
0.0
0.0
0.0
0.0
0.0
0.0
0.0
115.48387096774194
113.31182795698925
113.31182795698925
113.31182795698925
113.31182795698925
115.48387096774194
113.31182795698925
113.31182795698925
113.31182795698925
113.31182795698925
115.48387096774194
113.31182795698925
113.31182795698925
113.31182795698925
113.31182795698925
0.0
0.0
0.0
0.0
0.0
0.0
0.0
0.0
0.0
0.0
0.0
0.0
0.0
0.0
0.0
0.0
0.0
0.0
0.0
0.0
0.0
0.0
0.0
0.0
0.0
0.0
0.0
0.0
0.0
0.0
0.0
0.0
0.0
0.0
0.0
0.0
0.0
0.0
0.0
117.0
112.12903225806451
112.12903225806451
0.0
0.0
117.0
117.0
100.25268817204301
117.0
0.0
0.0
117.0
114.74193548387096
114.74193548387096
114.74193548387096
0.0
0.0
0.0
0.0
117.0
103.50537634408602
117.0
103.50537634408602
117.0
0.0
0.0
0.0
0.0
0.0
117.0
103.50537634408602
117.0
103.50537634408602
117.0
0.0
117.0
0.0
117.0
0.0
0.0
117.0
0.0
0.0
117.0
103.50537634408602
0.0
117.0
103.50537634408602
0.0
117.0
0.0
0.0
0.0
117.0
0.0
112.12903225806451
112.12903225806451
0.0
112.12903225806451
112.12903225806451
0.0
112.12903225806451
112.12903225806451
112.12903225806451
112.12903225806451
112.12903225806451
0.0
0.0
112.12903225806451
112.12903225806451
112.12903225806451
112.12903225806451
112.12903225806451
0.0
91.56774193548387
91.56774193548387
91.56774193548387
91.56774193548387
91.56774193548387
0.0
91.56774193548387
91.56774193548387
91.56774193548387
91.56774193548387
91.56774193548387
0.0
91.56774193548387
91.56774193548387
91.56774193548387
91.56774193548387
91.56774193548387
0.0
0.0
0.0
0.0
91.56774193548387
91.56774193548387
91.56774193548387
91.56774193548387
91.56774193548387
0.0
0.0
0.0
0.0
0.0
0.0
0.0
0.0
0.0
0.0
0.0
0.0
0.0
0.0
0.0
117.0
113.20430107526882
100.25268817204301
117.0
100.25268817204301
0.0
117.0
113.20430107526882
100.25268817204301
117.0
100.25268817204301
0.0
117.0
113.20430107526882
100.25268817204301
117.0
0.0
117.0
113.20430107526882
100.25268817204301
117.0
100.25268817204301
0.0
117.0
113.20430107526882
100.25268817204301
0.0
117.0
113.20430107526882
100.25268817204301
117.0
0.0
117.0
113.20430107526882
100.25268817204301
117.0
0.0
117.0
113.20430107526882
100.25268817204301
0.0
117.0
113.20430107526882
100.25268817204301
117.0
100.25268817204301
0.0
0.0
117.0
113.20430107526882
100.25268817204301
0.0
117.0
113.20430107526882
100.25268817204301
117.0
100.25268817204301
0.0
117.0
103.50537634408602
117.0
116.03225806451613
103.50537634408602
0.0
117.0
112.12903225806451
112.12903225806451
112.12903225806451
112.12903225806451
0.0
117.0
112.12903225806451
112.12903225806451
112.12903225806451
112.12903225806451
0.0
117.0
112.12903225806451
112.12903225806451
112.12903225806451
112.12903225806451
0.0
117.0
117.0
116.2258064516129
91.56774193548387
116.2258064516129
0.0
117.0
112.6021505376344
107.24731182795699
117.0
112.6021505376344
0.0
117.0
117.0
117.0
117.0
104.02150537634408
0.0
117.0
115.12903225806451
110.79569892473118
110.79569892473118
110.79569892473118
0.0
117.0
115.12903225806451
110.79569892473118
110.79569892473118
110.79569892473118
0.0
107.24731182795699
117.0
107.24731182795699
117.0
107.24731182795699
0.0
107.24731182795699
117.0
107.24731182795699
117.0
107.24731182795699
0.0
117.0
115.12903225806451
110.79569892473118
110.79569892473118
110.79569892473118
0.0
0.0
117.0
108.21505376344086
108.21505376344086
108.21505376344086
0.0
0.0
117.0
112.25806451612902
112.25806451612902
95.15913978494623
0.0
0.0
117.0
108.21505376344086
108.21505376344086
108.21505376344086
0.0
0.0
117.0
108.21505376344086
108.21505376344086
108.21505376344086
0.0
0.0
117.0
108.21505376344086
108.21505376344086
108.21505376344086
0.0
0.0
117.0
115.0
110.6236559139785
105.91397849462366
0.0
0.0
117.0
115.0
110.6236559139785
105.91397849462366
0.0
0.0
117.0
115.0
110.6236559139785
105.91397849462366
0.0
0.0
117.0
115.0
110.6236559139785
105.91397849462366
0.0
0.0
117.0
115.0
110.6236559139785
105.91397849462366
0.0
0.0
117.0
115.0
110.6236559139785
105.91397849462366
0.0
0.0
117.0
115.0
110.6236559139785
105.91397849462366
0.0
0.0
117.0
115.0
110.6236559139785
105.91397849462366
0.0
0.0
117.0
115.0
110.6236559139785
105.91397849462366
0.0
115.48387096774194
107.01075268817205
107.01075268817205
107.01075268817205
0.0
0.0
0.0
115.48387096774194
106.36559139784946
106.36559139784946
106.36559139784946
0.0
115.48387096774194
107.01075268817205
107.01075268817205
107.01075268817205
0.0
113.31182795698925
106.36559139784946
117.0
117.0
0.0
115.48387096774194
115.48387096774194
115.48387096774194
115.48387096774194
0.0
115.48387096774194
115.48387096774194
115.48387096774194
115.48387096774194
0.0
115.48387096774194
115.48387096774194
115.48387096774194
115.48387096774194
0.0
115.48387096774194
115.48387096774194
115.48387096774194
115.48387096774194
0.0
115.48387096774194
115.48387096774194
115.48387096774194
115.48387096774194
0.0
115.48387096774194
115.48387096774194
115.48387096774194
115.48387096774194
0.0
115.48387096774194
115.48387096774194
115.48387096774194
115.48387096774194
0.0
115.48387096774194
115.48387096774194
115.48387096774194
115.48387096774194
0.0
115.48387096774194
115.48387096774194
115.48387096774194
115.48387096774194
0.0
115.48387096774194
115.48387096774194
115.48387096774194
115.48387096774194
0.0
115.48387096774194
115.48387096774194
115.48387096774194
115.48387096774194
0.0
0.0
0.0
0.0
0.0
115.48387096774194
115.48387096774194
115.48387096774194
115.48387096774194
0.0
