116.3225806451613
108.34408602150538
108.34408602150538
108.34408602150538
108.34408602150538
116.3225806451613
108.34408602150538
108.34408602150538
108.34408602150538
108.34408602150538
108.34408602150538
116.3225806451613
108.34408602150538
108.34408602150538
108.34408602150538
108.34408602150538
108.34408602150538
116.3225806451613
108.34408602150538
108.34408602150538
108.34408602150538
108.34408602150538
108.34408602150538
116.3225806451613
108.34408602150538
108.34408602150538
108.34408602150538
108.34408602150538
108.34408602150538
116.3225806451613
108.34408602150538
108.34408602150538
108.34408602150538
108.34408602150538
108.34408602150538
116.3225806451613
108.34408602150538
108.34408602150538
108.34408602150538
108.34408602150538
108.34408602150538
116.3225806451613
108.34408602150538
108.34408602150538
108.34408602150538
108.34408602150538
108.34408602150538
116.3225806451613
108.34408602150538
108.34408602150538
108.34408602150538
108.34408602150538
108.34408602150538
116.3225806451613
108.34408602150538
108.34408602150538
108.34408602150538
108.34408602150538
108.34408602150538
116.3225806451613
108.34408602150538
116.3225806451613
108.34408602150538
108.34408602150538
108.34408602150538
108.34408602150538
108.34408602150538
116.3225806451613
108.34408602150538
116.3225806451613
108.34408602150538
116.3225806451613
108.34408602150538
108.34408602150538
108.34408602150538
108.34408602150538
108.34408602150538
116.3225806451613
108.34408602150538
108.34408602150538
108.34408602150538
108.34408602150538
108.34408602150538
116.3225806451613
108.34408602150538
108.34408602150538
108.34408602150538
108.34408602150538
108.34408602150538
116.3225806451613
108.34408602150538
108.34408602150538
108.34408602150538
108.34408602150538
108.34408602150538
116.3225806451613
112.79569892473118
110.23655913978494
110.23655913978494
110.23655913978494
110.23655913978494
116.3225806451613
112.79569892473118
110.23655913978494
110.23655913978494
110.23655913978494
110.23655913978494
116.3225806451613
112.79569892473118
110.23655913978494
110.23655913978494
110.23655913978494
110.23655913978494
116.3225806451613
112.79569892473118
110.23655913978494
110.23655913978494
110.23655913978494
110.23655913978494
116.3225806451613
112.79569892473118
110.23655913978494
110.23655913978494
110.23655913978494
116.3225806451613
112.79569892473118
110.23655913978494
110.23655913978494
110.23655913978494
116.3225806451613
112.79569892473118
110.23655913978494
110.23655913978494
110.23655913978494
116.3225806451613
112.79569892473118
110.23655913978494
110.23655913978494
110.23655913978494
110.23655913978494
116.3225806451613
112.79569892473118
110.23655913978494
110.23655913978494
110.23655913978494
110.23655913978494
116.3225806451613
112.79569892473118
110.23655913978494
110.23655913978494
110.23655913978494
110.23655913978494
116.3225806451613
112.79569892473118
110.23655913978494
110.23655913978494
110.23655913978494
110.23655913978494
116.3225806451613
112.79569892473118
110.23655913978494
110.23655913978494
110.23655913978494
110.23655913978494
116.3225806451613
112.79569892473118
110.23655913978494
110.23655913978494
110.23655913978494
110.23655913978494
116.3225806451613
116.3225806451613
116.3225806451613
116.3225806451613
104.96774193548387
104.96774193548387
116.3225806451613
112.79569892473118
110.23655913978494
110.23655913978494
110.23655913978494
110.23655913978494
116.3225806451613
113.87096774193549
110.23655913978494
110.23655913978494
107.44086021505376
117.0
116.3225806451613
113.87096774193549
116.3225806451613
113.87096774193549
116.3225806451613
113.87096774193549
116.3225806451613
108.34408602150538
106.49462365591398
106.49462365591398
117.0
108.64516129032259
116.3225806451613
108.34408602150538
116.3225806451613
108.34408602150538
116.3225806451613
108.34408602150538
116.3225806451613
108.34408602150538
116.3225806451613
108.34408602150538
106.49462365591398
106.49462365591398
117.0
108.64516129032259
116.3225806451613
108.34408602150538
106.49462365591398
116.3225806451613
108.34408602150538
106.49462365591398
0.0
108.34408602150538
0.0
108.34408602150538
106.49462365591398
0.0
108.34408602150538
0.0
108.34408602150538
106.49462365591398
106.49462365591398
0.0
108.34408602150538
106.49462365591398
106.49462365591398
0.0
108.34408602150538
106.49462365591398
0.0
108.34408602150538
0.0
108.34408602150538
0.0
108.34408602150538
106.49462365591398
0.0
0.0
0.0
117.0
0.0
0.0
0.0
117.0
0.0
0.0
0.0
117.0
0.0
0.0
0.0
117.0
0.0
0.0
117.0
100.25268817204301
0.0
0.0
0.0
117.0
0.0
108.34408602150538
108.34408602150538
0.0
108.34408602150538
108.34408602150538
0.0
108.34408602150538
108.34408602150538
108.34408602150538
108.34408602150538
108.34408602150538
0.0
108.34408602150538
0.0
108.34408602150538
108.34408602150538
108.34408602150538
108.34408602150538
108.34408602150538
0.0
101.86559139784946
0.0
101.86559139784946
0.0
101.86559139784946
0.0
101.86559139784946
0.0
101.86559139784946
0.0
101.86559139784946
0.0
101.86559139784946
0.0
0.0
0.0
101.6774193548387
101.6774193548387
101.6774193548387
101.6774193548387
101.6774193548387
0.0
101.6774193548387
101.6774193548387
101.6774193548387
101.6774193548387
101.6774193548387
0.0
0.0
0.0
0.0
0.0
0.0
0.0
0.0
0.0
101.86559139784946
101.86559139784946
101.86559139784946
0.0
101.86559139784946
101.86559139784946
101.86559139784946
0.0
101.6774193548387
101.6774193548387
101.6774193548387
101.6774193548387
101.6774193548387
0.0
101.6774193548387
0.0
101.6774193548387
0.0
101.6774193548387
0.0
101.6774193548387
101.6774193548387
101.6774193548387
101.6774193548387
101.6774193548387
0.0
101.6774193548387
0.0
101.6774193548387
0.0
101.6774193548387
0.0
101.6774193548387
0.0
101.6774193548387
0.0
101.6774193548387
0.0
101.6774193548387
0.0
101.6774193548387
0.0
101.6774193548387
0.0
101.6774193548387
0.0
101.6774193548387
0.0
101.6774193548387
0.0
101.6774193548387
0.0
101.6774193548387
0.0
101.6774193548387
101.6774193548387
110.49462365591398
98.06989247311827
117.0
0.0
101.6774193548387
101.6774193548387
110.49462365591398
98.06989247311827
117.0
0.0
101.6774193548387
101.6774193548387
110.49462365591398
98.06989247311827
117.0
0.0
101.6774193548387
101.6774193548387
110.49462365591398
98.06989247311827
117.0
0.0
101.6774193548387
101.6774193548387
110.49462365591398
98.06989247311827
0.0
101.6774193548387
101.6774193548387
110.49462365591398
98.06989247311827
117.0
0.0
101.6774193548387
101.6774193548387
110.49462365591398
98.06989247311827
117.0
0.0
101.6774193548387
101.6774193548387
110.49462365591398
98.06989247311827
0.0
101.6774193548387
101.6774193548387
110.49462365591398
98.06989247311827
117.0
0.0
101.6774193548387
0.0
101.6774193548387
101.6774193548387
110.49462365591398
98.06989247311827
0.0
101.6774193548387
101.6774193548387
110.49462365591398
98.06989247311827
117.0
0.0
101.6774193548387
110.49462365591398
98.06989247311827
117.0
111.56989247311829
0.0
101.6774193548387
110.49462365591398
107.56989247311827
112.9247311827957
107.56989247311827
0.0
101.6774193548387
101.6774193548387
112.45161290322581
107.09677419354838
112.45161290322581
0.0
101.6774193548387
112.45161290322581
109.54838709677419
104.83870967741936
114.19354838709677
0.0
101.6774193548387
110.49462365591398
110.49462365591398
107.56989247311827
112.9247311827957
0.0
101.6774193548387
112.45161290322581
109.54838709677419
109.54838709677419
109.54838709677419
0.0
101.6774193548387
112.45161290322581
107.09677419354838
112.45161290322581
109.54838709677419
0.0
101.6774193548387
110.49462365591398
110.49462365591398
107.56989247311827
112.9247311827957
0.0
101.6774193548387
112.45161290322581
109.54838709677419
109.54838709677419
109.54838709677419
0.0
101.6774193548387
112.45161290322581
109.54838709677419
104.83870967741936
114.19354838709677
0.0
101.6774193548387
112.45161290322581
109.54838709677419
104.83870967741936
114.19354838709677
0.0
101.6774193548387
112.45161290322581
109.54838709677419
104.83870967741936
114.19354838709677
0.0
101.6774193548387
112.45161290322581
109.54838709677419
104.83870967741936
114.19354838709677
0.0
101.6774193548387
112.45161290322581
109.54838709677419
104.83870967741936
114.19354838709677
0.0
101.6774193548387
112.45161290322581
109.54838709677419
109.54838709677419
109.54838709677419
0.0
101.6774193548387
112.45161290322581
109.54838709677419
109.54838709677419
109.54838709677419
0.0
101.6774193548387
112.45161290322581
109.54838709677419
109.54838709677419
109.54838709677419
0.0
101.6774193548387
112.45161290322581
109.54838709677419
109.54838709677419
109.54838709677419
0.0
101.6774193548387
112.45161290322581
109.54838709677419
109.54838709677419
109.54838709677419
0.0
101.6774193548387
112.45161290322581
109.54838709677419
109.54838709677419
109.54838709677419
0.0
101.6774193548387
112.45161290322581
109.54838709677419
109.54838709677419
109.54838709677419
0.0
101.6774193548387
112.45161290322581
109.54838709677419
109.54838709677419
109.54838709677419
0.0
101.6774193548387
112.45161290322581
109.54838709677419
109.54838709677419
109.54838709677419
0.0
101.6774193548387
112.45161290322581
109.54838709677419
109.54838709677419
109.54838709677419
0.0
101.6774193548387
112.45161290322581
109.54838709677419
109.54838709677419
109.54838709677419
0.0
101.6774193548387
112.45161290322581
109.54838709677419
109.54838709677419
109.54838709677419
0.0
101.6774193548387
112.45161290322581
109.54838709677419
109.54838709677419
0.0
101.6774193548387
0.0
101.6774193548387
110.49462365591398
110.49462365591398
110.49462365591398
0.0
101.6774193548387
112.45161290322581
109.54838709677419
109.54838709677419
0.0
112.79569892473118
110.23655913978494
107.44086021505376
107.44086021505376
0.0
116.3225806451613
116.3225806451613
116.3225806451613
116.3225806451613
0.0
116.3225806451613
116.3225806451613
116.3225806451613
116.3225806451613
0.0
116.3225806451613
116.3225806451613
116.3225806451613
116.3225806451613
0.0
116.3225806451613
116.3225806451613
116.3225806451613
116.3225806451613
0.0
116.3225806451613
116.3225806451613
116.3225806451613
116.3225806451613
0.0
116.3225806451613
116.3225806451613
116.3225806451613
116.3225806451613
0.0
116.3225806451613
116.3225806451613
116.3225806451613
116.3225806451613
0.0
116.3225806451613
116.3225806451613
116.3225806451613
116.3225806451613
0.0
116.3225806451613
116.3225806451613
116.3225806451613
116.3225806451613
0.0
116.3225806451613
116.3225806451613
116.3225806451613
116.3225806451613
0.0
116.3225806451613
116.3225806451613
116.3225806451613
116.3225806451613
0.0
0.0
104.96774193548387
0.0
0.0
0.0
0.0
0.0
0.0
0.0
0.0
116.3225806451613
0.0
116.3225806451613
116.3225806451613
116.3225806451613
116.3225806451613
0.0
0.0
104.96774193548387
