115.38709677419355
109.24731182795699
109.24731182795699
109.24731182795699
109.24731182795699
0.0
0.0
0.0
0.0
0.0
0.0
0.0
0.0
0.0
0.0
0.0
0.0
0.0
0.0
0.0
0.0
0.0
0.0
0.0
0.0
0.0
0.0
0.0
0.0
0.0
0.0
0.0
0.0
0.0
0.0
0.0
0.0
0.0
0.0
0.0
0.0
0.0
0.0
0.0
0.0
0.0
0.0
0.0
0.0
0.0
0.0
0.0
0.0
0.0
0.0
0.0
0.0
0.0
0.0
0.0
0.0
0.0
0.0
0.0
0.0
0.0
0.0
0.0
0.0
0.0
0.0
0.0
0.0
0.0
0.0
0.0
0.0
0.0
0.0
0.0
0.0
0.0
0.0
0.0
0.0
0.0
0.0
0.0
0.0
0.0
0.0
0.0
0.0
0.0
0.0
0.0
0.0
0.0
0.0
0.0
0.0
0.0
0.0
0.0
0.0
0.0
0.0
0.0
0.0
0.0
0.0
0.0
0.0
0.0
0.0
115.38709677419355
109.24731182795699
109.24731182795699
109.24731182795699
109.24731182795699
115.38709677419355
109.24731182795699
109.24731182795699
109.24731182795699
109.24731182795699
115.38709677419355
109.24731182795699
109.24731182795699
109.24731182795699
109.24731182795699
0.0
0.0
0.0
0.0
0.0
0.0
0.0
0.0
0.0
0.0
0.0
0.0
0.0
0.0
0.0
0.0
0.0
0.0
0.0
0.0
0.0
0.0
0.0
0.0
0.0
0.0
0.0
0.0
0.0
0.0
0.0
0.0
0.0
0.0
0.0
0.0
0.0
0.0
0.0
117.0
103.50537634408602
117.0
0.0
0.0
117.0
116.03225806451613
100.25268817204301
117.0
0.0
0.0
116.2258064516129
112.12903225806451
112.12903225806451
112.12903225806451
0.0
0.0
0.0
0.0
117.0
101.86559139784946
117.0
101.86559139784946
117.0
0.0
0.0
0.0
0.0
0.0
117.0
101.86559139784946
117.0
101.86559139784946
117.0
0.0
117.0
0.0
117.0
0.0
0.0
117.0
0.0
0.0
117.0
101.86559139784946
0.0
117.0
101.86559139784946
0.0
117.0
0.0
0.0
0.0
117.0
0.0
103.50537634408602
103.50537634408602
0.0
103.50537634408602
103.50537634408602
0.0
103.50537634408602
103.50537634408602
103.50537634408602
103.50537634408602
103.50537634408602
0.0
0.0
103.50537634408602
103.50537634408602
103.50537634408602
103.50537634408602
103.50537634408602
0.0
103.50537634408602
103.50537634408602
103.50537634408602
103.50537634408602
103.50537634408602
0.0
103.50537634408602
103.50537634408602
103.50537634408602
103.50537634408602
103.50537634408602
0.0
103.50537634408602
103.50537634408602
103.50537634408602
103.50537634408602
103.50537634408602
0.0
0.0
0.0
0.0
103.50537634408602
103.50537634408602
103.50537634408602
103.50537634408602
103.50537634408602
0.0
0.0
0.0
0.0
0.0
0.0
0.0
0.0
0.0
0.0
0.0
0.0
0.0
0.0
0.0
117.0
100.25268817204301
117.0
100.25268817204301
117.0
0.0
117.0
100.25268817204301
117.0
100.25268817204301
117.0
0.0
117.0
100.25268817204301
117.0
100.25268817204301
0.0
117.0
100.25268817204301
117.0
100.25268817204301
117.0
0.0
117.0
100.25268817204301
117.0
0.0
117.0
100.25268817204301
117.0
100.25268817204301
0.0
117.0
100.25268817204301
117.0
100.25268817204301
0.0
117.0
100.25268817204301
117.0
0.0
117.0
100.25268817204301
117.0
100.25268817204301
117.0
0.0
0.0
117.0
100.25268817204301
117.0
0.0
117.0
100.25268817204301
117.0
100.25268817204301
117.0
0.0
117.0
100.5752688172043
117.0
108.73118279569893
104.02150537634408
0.0
117.0
117.0
107.41935483870968
107.41935483870968
117.0
0.0
117.0
116.03225806451613
100.25268817204301
117.0
112.12903225806451
0.0
117.0
112.51612903225806
104.02150537634408
117.0
117.0
0.0
117.0
112.6021505376344
107.24731182795699
117.0
107.24731182795699
0.0
117.0
115.12903225806451
110.79569892473118
110.79569892473118
110.79569892473118
0.0
107.24731182795699
117.0
107.24731182795699
117.0
107.24731182795699
0.0
0.0
117.0
112.12903225806451
112.12903225806451
112.12903225806451
0.0
0.0
117.0
117.0
101.86559139784946
117.0
0.0
0.0
117.0
117.0
112.12903225806451
112.12903225806451
0.0
0.0
117.0
117.0
112.12903225806451
112.12903225806451
0.0
0.0
116.6774193548387
116.6774193548387
116.6774193548387
116.6774193548387
0.0
0.0
117.0
116.03225806451613
100.25268817204301
117.0
0.0
0.0
117.0
108.21505376344086
108.21505376344086
108.21505376344086
0.0
0.0
117.0
103.50537634408602
117.0
103.50537634408602
0.0
0.0
116.03225806451613
100.25268817204301
117.0
113.20430107526882
0.0
0.0
116.03225806451613
100.25268817204301
117.0
117.0
0.0
0.0
0.0
117.0
117.0
103.50537634408602
0.0
0.0
0.0
117.0
117.0
103.50537634408602
0.0
0.0
0.0
117.0
108.21505376344086
108.21505376344086
0.0
0.0
0.0
112.7741935483871
107.41935483870968
112.7741935483871
0.0
0.0
0.0
117.0
117.0
103.50537634408602
0.0
0.0
0.0
117.0
117.0
103.50537634408602
0.0
0.0
0.0
117.0
117.0
103.50537634408602
0.0
0.0
0.0
117.0
117.0
103.50537634408602
0.0
0.0
0.0
117.0
117.0
103.50537634408602
0.0
115.38709677419355
115.38709677419355
107.54838709677419
107.54838709677419
0.0
0.0
0.0
115.38709677419355
115.38709677419355
107.54838709677419
107.54838709677419
0.0
115.38709677419355
115.38709677419355
115.38709677419355
107.54838709677419
0.0
107.97849462365592
117.0
107.97849462365592
107.97849462365592
0.0
115.38709677419355
115.38709677419355
115.38709677419355
115.38709677419355
0.0
115.38709677419355
115.38709677419355
115.38709677419355
115.38709677419355
0.0
115.38709677419355
115.38709677419355
115.38709677419355
115.38709677419355
0.0
115.38709677419355
115.38709677419355
115.38709677419355
115.38709677419355
0.0
115.38709677419355
115.38709677419355
115.38709677419355
115.38709677419355
0.0
115.38709677419355
115.38709677419355
115.38709677419355
115.38709677419355
0.0
115.38709677419355
115.38709677419355
115.38709677419355
115.38709677419355
0.0
115.38709677419355
115.38709677419355
115.38709677419355
115.38709677419355
0.0
115.38709677419355
115.38709677419355
115.38709677419355
115.38709677419355
0.0
115.38709677419355
115.38709677419355
115.38709677419355
115.38709677419355
0.0
115.38709677419355
115.38709677419355
115.38709677419355
115.38709677419355
0.0
0.0
0.0
0.0
0.0
115.38709677419355
115.38709677419355
115.38709677419355
115.38709677419355
0.0
