116.3225806451613
108.34408602150538
108.34408602150538
108.34408602150538
108.34408602150538
116.3225806451613
108.34408602150538
108.34408602150538
108.34408602150538
108.34408602150538
108.34408602150538
116.3225806451613
108.34408602150538
108.34408602150538
108.34408602150538
108.34408602150538
108.34408602150538
116.3225806451613
108.34408602150538
108.34408602150538
108.34408602150538
108.34408602150538
108.34408602150538
116.3225806451613
108.34408602150538
108.34408602150538
108.34408602150538
108.34408602150538
108.34408602150538
116.3225806451613
108.34408602150538
108.34408602150538
108.34408602150538
108.34408602150538
108.34408602150538
116.3225806451613
108.34408602150538
108.34408602150538
108.34408602150538
108.34408602150538
108.34408602150538
116.3225806451613
108.34408602150538
108.34408602150538
108.34408602150538
108.34408602150538
108.34408602150538
116.3225806451613
108.34408602150538
108.34408602150538
108.34408602150538
108.34408602150538
108.34408602150538
116.3225806451613
108.34408602150538
108.34408602150538
108.34408602150538
108.34408602150538
108.34408602150538
116.3225806451613
108.34408602150538
116.3225806451613
108.34408602150538
108.34408602150538
108.34408602150538
108.34408602150538
108.34408602150538
116.3225806451613
108.34408602150538
116.3225806451613
108.34408602150538
116.3225806451613
108.34408602150538
108.34408602150538
108.34408602150538
108.34408602150538
108.34408602150538
116.3225806451613
108.34408602150538
108.34408602150538
108.34408602150538
108.34408602150538
108.34408602150538
116.3225806451613
108.34408602150538
108.34408602150538
108.34408602150538
108.34408602150538
108.34408602150538
116.3225806451613
108.34408602150538
108.34408602150538
108.34408602150538
108.34408602150538
108.34408602150538
116.3225806451613
113.87096774193549
112.19354838709677
112.19354838709677
112.19354838709677
112.19354838709677
116.3225806451613
113.87096774193549
112.19354838709677
112.19354838709677
112.19354838709677
112.19354838709677
116.3225806451613
113.87096774193549
112.19354838709677
112.19354838709677
112.19354838709677
112.19354838709677
116.3225806451613
113.87096774193549
112.19354838709677
112.19354838709677
112.19354838709677
112.19354838709677
116.3225806451613
113.87096774193549
110.23655913978494
110.23655913978494
110.23655913978494
116.3225806451613
113.87096774193549
110.23655913978494
110.23655913978494
110.23655913978494
116.3225806451613
113.87096774193549
110.23655913978494
110.23655913978494
110.23655913978494
116.3225806451613
113.87096774193549
112.19354838709677
112.19354838709677
112.19354838709677
112.19354838709677
116.3225806451613
113.87096774193549
112.19354838709677
112.19354838709677
112.19354838709677
112.19354838709677
116.3225806451613
113.87096774193549
112.19354838709677
112.19354838709677
112.19354838709677
112.19354838709677
116.3225806451613
113.87096774193549
112.19354838709677
112.19354838709677
112.19354838709677
112.19354838709677
116.3225806451613
113.87096774193549
112.19354838709677
112.19354838709677
112.19354838709677
112.19354838709677
116.3225806451613
113.87096774193549
112.19354838709677
112.19354838709677
112.19354838709677
112.19354838709677
116.3225806451613
116.3225806451613
116.3225806451613
116.3225806451613
116.3225806451613
104.96774193548387
116.3225806451613
113.87096774193549
112.19354838709677
112.19354838709677
112.19354838709677
99.66129032258064
116.3225806451613
113.87096774193549
112.19354838709677
112.19354838709677
112.19354838709677
99.66129032258064
116.3225806451613
113.87096774193549
116.3225806451613
113.87096774193549
116.3225806451613
113.87096774193549
116.3225806451613
108.34408602150538
106.49462365591398
106.49462365591398
117.0
106.49462365591398
116.3225806451613
108.34408602150538
116.3225806451613
108.34408602150538
116.3225806451613
108.34408602150538
116.3225806451613
108.34408602150538
116.3225806451613
108.34408602150538
106.49462365591398
106.49462365591398
117.0
106.49462365591398
116.3225806451613
108.34408602150538
106.49462365591398
116.3225806451613
108.34408602150538
106.49462365591398
0.0
108.34408602150538
0.0
108.34408602150538
106.49462365591398
0.0
108.34408602150538
0.0
108.34408602150538
106.49462365591398
106.49462365591398
0.0
108.34408602150538
106.49462365591398
106.49462365591398
0.0
108.34408602150538
106.49462365591398
0.0
108.34408602150538
0.0
108.34408602150538
0.0
108.34408602150538
106.49462365591398
0.0
108.34408602150538
108.34408602150538
0.0
108.34408602150538
108.34408602150538
0.0
108.34408602150538
108.34408602150538
108.34408602150538
108.34408602150538
108.34408602150538
0.0
108.34408602150538
0.0
108.34408602150538
108.34408602150538
108.34408602150538
108.34408602150538
108.34408602150538
0.0
107.44086021505376
107.44086021505376
107.44086021505376
107.44086021505376
107.44086021505376
0.0
107.44086021505376
107.44086021505376
107.44086021505376
107.44086021505376
107.44086021505376
0.0
107.44086021505376
107.44086021505376
107.44086021505376
107.44086021505376
107.44086021505376
0.0
107.44086021505376
0.0
107.44086021505376
0.0
107.44086021505376
0.0
107.44086021505376
107.44086021505376
107.44086021505376
107.44086021505376
107.44086021505376
0.0
107.44086021505376
0.0
107.44086021505376
0.0
107.44086021505376
0.0
107.44086021505376
0.0
107.44086021505376
0.0
107.44086021505376
0.0
107.44086021505376
0.0
107.44086021505376
0.0
107.44086021505376
0.0
107.44086021505376
0.0
107.44086021505376
0.0
107.44086021505376
0.0
107.44086021505376
0.0
107.44086021505376
0.0
107.44086021505376
107.44086021505376
107.44086021505376
107.44086021505376
107.44086021505376
0.0
107.44086021505376
107.44086021505376
107.44086021505376
107.44086021505376
107.44086021505376
0.0
107.44086021505376
107.44086021505376
107.44086021505376
107.44086021505376
107.44086021505376
0.0
107.44086021505376
107.44086021505376
107.44086021505376
107.44086021505376
107.44086021505376
0.0
107.44086021505376
107.44086021505376
107.44086021505376
107.44086021505376
0.0
107.44086021505376
107.44086021505376
107.44086021505376
107.44086021505376
107.44086021505376
0.0
107.44086021505376
107.44086021505376
107.44086021505376
107.44086021505376
107.44086021505376
0.0
107.44086021505376
107.44086021505376
107.44086021505376
107.44086021505376
0.0
107.44086021505376
107.44086021505376
107.44086021505376
107.44086021505376
107.44086021505376
0.0
107.44086021505376
0.0
107.44086021505376
107.44086021505376
107.44086021505376
107.44086021505376
0.0
107.44086021505376
107.44086021505376
107.44086021505376
107.44086021505376
107.44086021505376
0.0
107.44086021505376
107.44086021505376
107.44086021505376
107.44086021505376
107.44086021505376
0.0
107.44086021505376
107.44086021505376
107.44086021505376
107.44086021505376
107.44086021505376
0.0
107.44086021505376
107.44086021505376
107.44086021505376
107.44086021505376
107.44086021505376
0.0
107.44086021505376
107.44086021505376
107.44086021505376
107.44086021505376
107.44086021505376
0.0
107.44086021505376
107.44086021505376
107.44086021505376
107.44086021505376
107.44086021505376
0.0
107.44086021505376
107.44086021505376
107.44086021505376
107.44086021505376
107.44086021505376
0.0
107.44086021505376
107.44086021505376
107.44086021505376
107.44086021505376
107.44086021505376
0.0
107.44086021505376
107.44086021505376
107.44086021505376
107.44086021505376
107.44086021505376
0.0
107.44086021505376
107.44086021505376
107.44086021505376
107.44086021505376
107.44086021505376
0.0
107.44086021505376
107.44086021505376
107.44086021505376
107.44086021505376
107.44086021505376
0.0
107.44086021505376
107.44086021505376
107.44086021505376
107.44086021505376
107.44086021505376
0.0
107.44086021505376
107.44086021505376
107.44086021505376
107.44086021505376
107.44086021505376
0.0
107.44086021505376
107.44086021505376
107.44086021505376
107.44086021505376
107.44086021505376
0.0
107.44086021505376
107.44086021505376
107.44086021505376
107.44086021505376
107.44086021505376
0.0
107.44086021505376
107.44086021505376
107.44086021505376
107.44086021505376
107.44086021505376
0.0
107.44086021505376
107.44086021505376
107.44086021505376
107.44086021505376
107.44086021505376
0.0
107.44086021505376
107.44086021505376
107.44086021505376
107.44086021505376
107.44086021505376
0.0
107.44086021505376
107.44086021505376
107.44086021505376
107.44086021505376
107.44086021505376
0.0
107.44086021505376
107.44086021505376
107.44086021505376
107.44086021505376
107.44086021505376
0.0
107.44086021505376
107.44086021505376
107.44086021505376
107.44086021505376
107.44086021505376
0.0
107.44086021505376
107.44086021505376
107.44086021505376
107.44086021505376
107.44086021505376
0.0
107.44086021505376
107.44086021505376
107.44086021505376
107.44086021505376
107.44086021505376
0.0
107.44086021505376
107.44086021505376
107.44086021505376
107.44086021505376
107.44086021505376
0.0
107.44086021505376
107.44086021505376
107.44086021505376
107.44086021505376
107.44086021505376
0.0
107.44086021505376
107.44086021505376
107.44086021505376
107.44086021505376
107.44086021505376
0.0
107.44086021505376
107.44086021505376
107.44086021505376
107.44086021505376
107.44086021505376
0.0
107.44086021505376
107.44086021505376
107.44086021505376
107.44086021505376
0.0
91.56774193548387
0.0
107.44086021505376
107.44086021505376
107.44086021505376
107.44086021505376
0.0
107.44086021505376
107.44086021505376
107.44086021505376
107.44086021505376
0.0
112.79569892473118
110.23655913978494
107.44086021505376
107.44086021505376
0.0
116.3225806451613
116.3225806451613
116.3225806451613
116.3225806451613
0.0
116.3225806451613
116.3225806451613
116.3225806451613
116.3225806451613
0.0
116.3225806451613
116.3225806451613
116.3225806451613
116.3225806451613
0.0
116.3225806451613
116.3225806451613
116.3225806451613
116.3225806451613
0.0
116.3225806451613
116.3225806451613
116.3225806451613
116.3225806451613
0.0
116.3225806451613
116.3225806451613
116.3225806451613
116.3225806451613
0.0
116.3225806451613
116.3225806451613
116.3225806451613
116.3225806451613
0.0
116.3225806451613
116.3225806451613
116.3225806451613
116.3225806451613
0.0
116.3225806451613
116.3225806451613
116.3225806451613
116.3225806451613
0.0
116.3225806451613
116.3225806451613
116.3225806451613
116.3225806451613
0.0
116.3225806451613
116.3225806451613
116.3225806451613
116.3225806451613
0.0
0.0
104.96774193548387
0.0
0.0
0.0
0.0
0.0
0.0
0.0
0.0
116.3225806451613
0.0
116.3225806451613
116.3225806451613
116.3225806451613
116.3225806451613
0.0
0.0
104.96774193548387
