115.58064516129032
109.50537634408603
109.50537634408603
109.50537634408603
109.50537634408603
0.0
117.0
117.0
117.0
117.0
117.0
0.0
117.0
117.0
117.0
117.0
117.0
0.0
117.0
117.0
117.0
117.0
117.0
0.0
117.0
117.0
117.0
117.0
117.0
0.0
117.0
117.0
117.0
117.0
117.0
0.0
117.0
117.0
117.0
117.0
117.0
0.0
117.0
117.0
117.0
117.0
117.0
0.0
117.0
117.0
117.0
117.0
117.0
0.0
117.0
117.0
117.0
117.0
117.0
0.0
0.0
117.0
117.0
117.0
117.0
117.0
0.0
0.0
0.0
117.0
117.0
117.0
117.0
0.0
117.0
117.0
117.0
117.0
117.0
0.0
117.0
117.0
117.0
117.0
117.0
0.0
117.0
117.0
117.0
117.0
117.0
0.0
117.0
117.0
117.0
117.0
117.0
0.0
117.0
117.0
117.0
117.0
117.0
0.0
117.0
117.0
117.0
117.0
117.0
0.0
117.0
117.0
117.0
117.0
117.0
115.58064516129032
108.21505376344086
108.21505376344086
108.21505376344086
108.21505376344086
115.58064516129032
108.21505376344086
108.21505376344086
108.21505376344086
108.21505376344086
115.58064516129032
108.21505376344086
108.21505376344086
108.21505376344086
108.21505376344086
0.0
117.0
117.0
117.0
117.0
117.0
0.0
117.0
117.0
117.0
117.0
117.0
0.0
117.0
117.0
117.0
117.0
117.0
0.0
115.38709677419355
115.38709677419355
115.38709677419355
115.38709677419355
115.38709677419355
0.0
117.0
117.0
117.0
117.0
117.0
0.0
117.0
117.0
117.0
117.0
117.0
0.0
112.12903225806451
112.12903225806451
112.12903225806451
112.12903225806451
112.12903225806451
0.0
117.0
117.0
114.74193548387096
114.74193548387096
101.86559139784946
0.0
112.7741935483871
107.41935483870968
117.0
107.41935483870968
117.0
0.0
0.0
0.0
0.0
117.0
110.79569892473118
110.79569892473118
95.15913978494623
117.0
0.0
0.0
0.0
0.0
0.0
117.0
110.79569892473118
110.79569892473118
95.15913978494623
117.0
0.0
117.0
0.0
117.0
0.0
0.0
117.0
0.0
0.0
117.0
110.79569892473118
0.0
117.0
110.79569892473118
0.0
117.0
0.0
0.0
0.0
117.0
110.79569892473118
0.0
91.56774193548387
91.56774193548387
0.0
91.56774193548387
91.56774193548387
0.0
91.56774193548387
91.56774193548387
91.56774193548387
91.56774193548387
91.56774193548387
0.0
0.0
91.56774193548387
91.56774193548387
91.56774193548387
91.56774193548387
91.56774193548387
0.0
91.56774193548387
91.56774193548387
91.56774193548387
91.56774193548387
91.56774193548387
0.0
91.56774193548387
91.56774193548387
91.56774193548387
91.56774193548387
91.56774193548387
0.0
91.56774193548387
91.56774193548387
91.56774193548387
91.56774193548387
91.56774193548387
0.0
0.0
0.0
0.0
91.56774193548387
91.56774193548387
91.56774193548387
91.56774193548387
91.56774193548387
0.0
0.0
0.0
0.0
0.0
0.0
0.0
0.0
0.0
0.0
0.0
0.0
0.0
0.0
0.0
117.0
101.86559139784946
117.0
101.86559139784946
117.0
0.0
117.0
101.86559139784946
117.0
101.86559139784946
117.0
0.0
117.0
101.86559139784946
117.0
101.86559139784946
117.0
0.0
117.0
101.86559139784946
117.0
101.86559139784946
117.0
0.0
117.0
101.86559139784946
117.0
0.0
117.0
101.86559139784946
117.0
101.86559139784946
0.0
117.0
101.86559139784946
117.0
101.86559139784946
0.0
117.0
101.86559139784946
117.0
0.0
117.0
101.86559139784946
117.0
101.86559139784946
117.0
0.0
0.0
117.0
101.86559139784946
117.0
0.0
117.0
101.86559139784946
117.0
101.86559139784946
117.0
0.0
117.0
113.46236559139786
108.21505376344086
108.21505376344086
108.21505376344086
0.0
117.0
117.0
107.24731182795699
107.24731182795699
117.0
0.0
117.0
101.86559139784946
117.0
101.86559139784946
117.0
0.0
117.0
101.86559139784946
117.0
101.86559139784946
117.0
0.0
117.0
117.0
101.86559139784946
117.0
112.6021505376344
0.0
117.0
117.0
115.12903225806451
110.79569892473118
110.79569892473118
0.0
117.0
117.0
115.12903225806451
110.79569892473118
110.79569892473118
0.0
117.0
117.0
106.21505376344086
117.0
117.0
0.0
117.0
117.0
106.21505376344086
117.0
117.0
0.0
117.0
117.0
106.21505376344086
117.0
116.41935483870968
0.0
117.0
117.0
106.21505376344086
117.0
116.41935483870968
0.0
117.0
117.0
106.21505376344086
117.0
116.41935483870968
0.0
117.0
117.0
106.21505376344086
117.0
106.21505376344086
0.0
117.0
117.0
106.21505376344086
117.0
106.21505376344086
0.0
117.0
117.0
108.73118279569893
108.73118279569893
108.73118279569893
0.0
117.0
117.0
116.41935483870968
104.02150537634408
117.0
0.0
117.0
117.0
116.41935483870968
116.41935483870968
104.02150537634408
0.0
117.0
117.0
116.41935483870968
116.41935483870968
104.02150537634408
0.0
117.0
117.0
116.41935483870968
116.41935483870968
116.41935483870968
0.0
117.0
117.0
116.41935483870968
116.41935483870968
116.41935483870968
0.0
117.0
117.0
116.41935483870968
116.41935483870968
116.41935483870968
0.0
117.0
117.0
116.41935483870968
116.41935483870968
116.41935483870968
0.0
117.0
117.0
116.41935483870968
116.41935483870968
116.41935483870968
0.0
117.0
117.0
116.41935483870968
116.41935483870968
116.41935483870968
0.0
117.0
117.0
116.41935483870968
116.41935483870968
116.41935483870968
0.0
117.0
117.0
116.41935483870968
116.41935483870968
116.41935483870968
0.0
101.59677419354838
114.41935483870968
114.41935483870968
106.90322580645162
0.0
0.0
0.0
101.59677419354838
112.38709677419355
107.03225806451613
112.38709677419355
0.0
101.59677419354838
112.38709677419355
107.03225806451613
112.38709677419355
0.0
112.3010752688172
109.24731182795699
101.59677419354838
117.0
0.0
115.58064516129032
115.58064516129032
115.58064516129032
115.58064516129032
0.0
115.58064516129032
115.58064516129032
115.58064516129032
115.58064516129032
0.0
115.58064516129032
115.58064516129032
115.58064516129032
115.58064516129032
0.0
115.58064516129032
115.58064516129032
115.58064516129032
115.58064516129032
0.0
115.58064516129032
115.58064516129032
115.58064516129032
115.58064516129032
0.0
115.58064516129032
115.58064516129032
115.58064516129032
115.58064516129032
0.0
115.58064516129032
115.58064516129032
115.58064516129032
115.58064516129032
0.0
115.58064516129032
115.58064516129032
115.58064516129032
115.58064516129032
0.0
115.58064516129032
115.58064516129032
115.58064516129032
115.58064516129032
0.0
115.58064516129032
115.58064516129032
115.58064516129032
115.58064516129032
0.0
115.58064516129032
115.58064516129032
115.58064516129032
115.58064516129032
0.0
0.0
107.6774193548387
0.0
0.0
0.0
115.58064516129032
115.58064516129032
115.58064516129032
115.58064516129032
0.0
