114.58064516129032
114.58064516129032
114.58064516129032
114.58064516129032
114.58064516129032
0.0
0.0
0.0
0.0
0.0
0.0
0.0
0.0
0.0
0.0
0.0
0.0
0.0
0.0
0.0
0.0
0.0
0.0
0.0
0.0
0.0
0.0
0.0
0.0
0.0
0.0
0.0
0.0
0.0
0.0
0.0
0.0
0.0
0.0
0.0
0.0
0.0
0.0
0.0
0.0
0.0
0.0
0.0
0.0
0.0
0.0
0.0
0.0
0.0
0.0
0.0
0.0
0.0
0.0
0.0
0.0
0.0
0.0
0.0
0.0
0.0
0.0
0.0
0.0
0.0
0.0
0.0
0.0
0.0
0.0
0.0
0.0
0.0
0.0
0.0
0.0
0.0
0.0
0.0
0.0
0.0
0.0
0.0
0.0
0.0
0.0
0.0
0.0
0.0
0.0
0.0
0.0
0.0
0.0
0.0
0.0
0.0
0.0
0.0
0.0
0.0
0.0
0.0
0.0
0.0
0.0
0.0
0.0
0.0
0.0
0.0
0.0
0.0
117.0
117.0
114.58064516129032
114.58064516129032
114.58064516129032
114.58064516129032
114.58064516129032
114.58064516129032
114.58064516129032
114.58064516129032
114.58064516129032
114.58064516129032
0.0
0.0
0.0
0.0
0.0
0.0
0.0
0.0
0.0
0.0
0.0
0.0
0.0
0.0
0.0
0.0
0.0
0.0
0.0
0.0
0.0
0.0
0.0
0.0
0.0
0.0
0.0
0.0
0.0
0.0
0.0
0.0
0.0
0.0
0.0
0.0
0.0
0.0
0.0
0.0
0.0
0.0
0.0
0.0
0.0
0.0
0.0
0.0
0.0
0.0
0.0
0.0
117.0
103.50537634408602
0.0
0.0
0.0
0.0
0.0
117.0
116.03225806451613
100.25268817204301
117.0
0.0
0.0
0.0
0.0
0.0
0.0
117.0
116.03225806451613
100.25268817204301
117.0
0.0
0.0
0.0
0.0
0.0
0.0
0.0
0.0
0.0
0.0
117.0
0.0
0.0
117.0
0.0
0.0
0.0
0.0
0.0
0.0
0.0
101.86559139784946
101.86559139784946
0.0
101.86559139784946
101.86559139784946
0.0
101.86559139784946
101.86559139784946
101.86559139784946
101.86559139784946
101.86559139784946
0.0
0.0
101.86559139784946
101.86559139784946
101.86559139784946
101.86559139784946
101.86559139784946
0.0
100.25268817204301
100.25268817204301
100.25268817204301
100.25268817204301
100.25268817204301
0.0
100.25268817204301
100.25268817204301
100.25268817204301
100.25268817204301
100.25268817204301
0.0
100.25268817204301
100.25268817204301
100.25268817204301
100.25268817204301
100.25268817204301
0.0
0.0
0.0
0.0
100.25268817204301
100.25268817204301
100.25268817204301
100.25268817204301
100.25268817204301
0.0
0.0
0.0
0.0
0.0
0.0
0.0
0.0
0.0
0.0
0.0
0.0
0.0
0.0
0.0
0.0
112.12903225806451
0.0
112.12903225806451
0.0
0.0
0.0
112.12903225806451
0.0
112.12903225806451
0.0
0.0
0.0
112.12903225806451
0.0
112.12903225806451
0.0
0.0
112.12903225806451
0.0
112.12903225806451
0.0
0.0
0.0
112.12903225806451
0.0
0.0
0.0
112.12903225806451
0.0
112.12903225806451
0.0
0.0
112.12903225806451
0.0
112.12903225806451
0.0
0.0
112.12903225806451
0.0
0.0
0.0
112.12903225806451
0.0
112.12903225806451
0.0
0.0
0.0
0.0
112.12903225806451
0.0
0.0
0.0
112.12903225806451
0.0
112.12903225806451
0.0
0.0
0.0
0.0
117.0
103.50537634408602
117.0
0.0
0.0
0.0
117.0
100.25268817204301
117.0
0.0
0.0
0.0
117.0
103.50537634408602
117.0
0.0
0.0
0.0
117.0
113.20430107526882
100.25268817204301
0.0
0.0
0.0
0.0
117.0
116.03225806451613
0.0
0.0
0.0
0.0
0.0
112.12903225806451
0.0
0.0
0.0
0.0
0.0
112.12903225806451
0.0
0.0
0.0
0.0
0.0
112.12903225806451
0.0
0.0
0.0
0.0
0.0
0.0
0.0
0.0
0.0
0.0
0.0
117.0
0.0
0.0
0.0
0.0
0.0
117.0
0.0
0.0
0.0
0.0
0.0
112.12903225806451
0.0
0.0
0.0
0.0
0.0
112.12903225806451
0.0
0.0
0.0
0.0
0.0
112.12903225806451
0.0
0.0
0.0
0.0
0.0
0.0
0.0
0.0
0.0
0.0
0.0
0.0
0.0
0.0
0.0
0.0
0.0
0.0
0.0
0.0
0.0
0.0
0.0
0.0
0.0
0.0
0.0
0.0
0.0
0.0
0.0
0.0
0.0
0.0
0.0
0.0
0.0
0.0
0.0
0.0
0.0
0.0
0.0
0.0
0.0
0.0
0.0
0.0
0.0
0.0
0.0
0.0
0.0
0.0
0.0
0.0
0.0
0.0
0.0
0.0
0.0
0.0
0.0
0.0
0.0
0.0
0.0
0.0
0.0
0.0
0.0
0.0
0.0
117.0
117.0
117.0
117.0
0.0
0.0
0.0
114.58064516129032
114.58064516129032
107.01075268817205
107.01075268817205
0.0
114.58064516129032
114.58064516129032
114.58064516129032
114.58064516129032
0.0
107.44086021505376
117.0
107.44086021505376
107.44086021505376
0.0
114.58064516129032
114.58064516129032
114.58064516129032
114.58064516129032
0.0
114.58064516129032
114.58064516129032
114.58064516129032
114.58064516129032
0.0
114.58064516129032
114.58064516129032
114.58064516129032
114.58064516129032
0.0
114.58064516129032
114.58064516129032
114.58064516129032
114.58064516129032
0.0
114.58064516129032
114.58064516129032
114.58064516129032
114.58064516129032
0.0
114.58064516129032
114.58064516129032
114.58064516129032
114.58064516129032
0.0
114.58064516129032
114.58064516129032
114.58064516129032
114.58064516129032
0.0
114.58064516129032
114.58064516129032
114.58064516129032
114.58064516129032
0.0
114.58064516129032
114.58064516129032
114.58064516129032
114.58064516129032
0.0
114.58064516129032
114.58064516129032
114.58064516129032
114.58064516129032
0.0
114.58064516129032
114.58064516129032
114.58064516129032
114.58064516129032
0.0
0.0
0.0
0.0
0.0
114.58064516129032
114.58064516129032
114.58064516129032
114.58064516129032
0.0
