115.48387096774194
109.3763440860215
109.3763440860215
109.3763440860215
109.3763440860215
0.0
0.0
0.0
0.0
0.0
0.0
0.0
0.0
0.0
0.0
0.0
0.0
0.0
0.0
0.0
0.0
0.0
0.0
0.0
0.0
0.0
0.0
0.0
0.0
0.0
0.0
0.0
0.0
0.0
0.0
0.0
0.0
0.0
0.0
0.0
0.0
0.0
0.0
0.0
0.0
0.0
0.0
0.0
0.0
0.0
0.0
0.0
0.0
0.0
0.0
0.0
0.0
0.0
0.0
0.0
0.0
0.0
0.0
0.0
0.0
0.0
0.0
0.0
0.0
0.0
0.0
0.0
0.0
0.0
0.0
0.0
0.0
0.0
0.0
0.0
0.0
0.0
0.0
0.0
0.0
0.0
0.0
0.0
0.0
0.0
0.0
0.0
0.0
0.0
0.0
0.0
0.0
0.0
0.0
0.0
0.0
0.0
0.0
0.0
0.0
0.0
0.0
0.0
0.0
0.0
0.0
0.0
0.0
0.0
0.0
113.31182795698925
113.31182795698925
113.31182795698925
113.31182795698925
113.31182795698925
115.48387096774194
113.31182795698925
113.31182795698925
113.31182795698925
113.31182795698925
115.48387096774194
113.31182795698925
113.31182795698925
113.31182795698925
113.31182795698925
0.0
0.0
0.0
0.0
0.0
0.0
0.0
0.0
0.0
0.0
0.0
0.0
0.0
0.0
0.0
0.0
0.0
0.0
0.0
0.0
0.0
0.0
0.0
0.0
0.0
0.0
0.0
0.0
0.0
0.0
0.0
0.0
0.0
0.0
0.0
0.0
0.0
0.0
0.0
0.0
117.0
103.50537634408602
0.0
0.0
0.0
117.0
108.21505376344086
108.21505376344086
0.0
0.0
117.0
105.91397849462366
117.0
110.6236559139785
0.0
0.0
0.0
0.0
117.0
103.50537634408602
117.0
116.03225806451613
103.50537634408602
0.0
0.0
0.0
0.0
0.0
117.0
103.50537634408602
117.0
116.03225806451613
103.50537634408602
0.0
117.0
0.0
117.0
0.0
0.0
117.0
0.0
0.0
117.0
103.50537634408602
0.0
117.0
103.50537634408602
0.0
117.0
0.0
0.0
0.0
117.0
0.0
112.12903225806451
112.12903225806451
0.0
112.12903225806451
112.12903225806451
0.0
112.12903225806451
112.12903225806451
112.12903225806451
112.12903225806451
112.12903225806451
0.0
0.0
112.12903225806451
112.12903225806451
112.12903225806451
112.12903225806451
112.12903225806451
0.0
112.12903225806451
112.12903225806451
112.12903225806451
112.12903225806451
112.12903225806451
0.0
112.12903225806451
112.12903225806451
112.12903225806451
112.12903225806451
112.12903225806451
0.0
112.12903225806451
112.12903225806451
112.12903225806451
112.12903225806451
112.12903225806451
0.0
0.0
0.0
0.0
112.12903225806451
112.12903225806451
112.12903225806451
112.12903225806451
112.12903225806451
0.0
0.0
0.0
0.0
0.0
0.0
0.0
0.0
0.0
0.0
0.0
0.0
0.0
0.0
0.0
117.0
112.12903225806451
0.0
112.12903225806451
0.0
0.0
117.0
112.12903225806451
0.0
112.12903225806451
0.0
0.0
117.0
112.12903225806451
0.0
112.12903225806451
0.0
117.0
112.12903225806451
0.0
112.12903225806451
0.0
0.0
117.0
112.12903225806451
0.0
0.0
117.0
112.12903225806451
0.0
112.12903225806451
0.0
117.0
112.12903225806451
0.0
112.12903225806451
0.0
117.0
112.12903225806451
0.0
0.0
117.0
112.12903225806451
0.0
112.12903225806451
0.0
0.0
0.0
117.0
112.12903225806451
0.0
0.0
117.0
112.12903225806451
0.0
112.12903225806451
0.0
0.0
117.0
103.50537634408602
117.0
112.25806451612902
103.50537634408602
0.0
117.0
103.50537634408602
117.0
103.50537634408602
117.0
0.0
0.0
117.0
103.50537634408602
117.0
112.12903225806451
0.0
0.0
117.0
103.50537634408602
117.0
112.12903225806451
0.0
0.0
117.0
112.12903225806451
112.12903225806451
112.12903225806451
0.0
0.0
117.0
113.20430107526882
100.25268817204301
117.0
0.0
0.0
117.0
101.86559139784946
117.0
101.86559139784946
0.0
0.0
0.0
117.0
103.50537634408602
117.0
0.0
0.0
0.0
117.0
108.21505376344086
108.21505376344086
0.0
0.0
0.0
117.0
112.12903225806451
112.12903225806451
0.0
0.0
0.0
117.0
112.12903225806451
112.12903225806451
0.0
0.0
0.0
117.0
108.21505376344086
108.21505376344086
0.0
0.0
0.0
117.0
110.6236559139785
105.91397849462366
0.0
0.0
0.0
117.0
108.21505376344086
108.21505376344086
0.0
0.0
0.0
117.0
108.21505376344086
108.21505376344086
0.0
0.0
0.0
117.0
108.21505376344086
108.21505376344086
0.0
0.0
0.0
117.0
117.0
103.50537634408602
0.0
0.0
0.0
117.0
103.50537634408602
117.0
0.0
0.0
0.0
117.0
103.50537634408602
117.0
0.0
0.0
0.0
0.0
117.0
108.21505376344086
0.0
0.0
0.0
0.0
0.0
0.0
0.0
0.0
0.0
117.0
103.50537634408602
117.0
0.0
0.0
0.0
117.0
103.50537634408602
117.0
0.0
0.0
0.0
117.0
103.50537634408602
117.0
0.0
0.0
0.0
117.0
103.50537634408602
117.0
0.0
0.0
0.0
117.0
103.50537634408602
117.0
0.0
113.31182795698925
113.31182795698925
113.31182795698925
113.31182795698925
0.0
0.0
0.0
107.01075268817205
107.01075268817205
107.01075268817205
107.01075268817205
0.0
107.01075268817205
107.01075268817205
107.01075268817205
107.01075268817205
0.0
113.31182795698925
106.36559139784946
117.0
117.0
0.0
115.48387096774194
115.48387096774194
115.48387096774194
115.48387096774194
0.0
115.48387096774194
115.48387096774194
115.48387096774194
115.48387096774194
0.0
115.48387096774194
115.48387096774194
115.48387096774194
115.48387096774194
0.0
115.48387096774194
115.48387096774194
115.48387096774194
115.48387096774194
0.0
115.48387096774194
115.48387096774194
115.48387096774194
115.48387096774194
0.0
115.48387096774194
115.48387096774194
115.48387096774194
115.48387096774194
0.0
115.48387096774194
115.48387096774194
115.48387096774194
115.48387096774194
0.0
115.48387096774194
115.48387096774194
115.48387096774194
115.48387096774194
0.0
115.48387096774194
115.48387096774194
115.48387096774194
115.48387096774194
0.0
115.48387096774194
115.48387096774194
115.48387096774194
115.48387096774194
0.0
115.48387096774194
115.48387096774194
115.48387096774194
115.48387096774194
0.0
0.0
0.0
0.0
0.0
115.48387096774194
115.48387096774194
115.48387096774194
115.48387096774194
0.0
