116.3225806451613
112.79569892473118
110.23655913978494
110.23655913978494
110.23655913978494
116.3225806451613
112.79569892473118
110.23655913978494
110.23655913978494
110.23655913978494
110.23655913978494
116.3225806451613
112.79569892473118
110.23655913978494
110.23655913978494
110.23655913978494
110.23655913978494
116.3225806451613
112.79569892473118
110.23655913978494
110.23655913978494
110.23655913978494
110.23655913978494
116.3225806451613
112.79569892473118
110.23655913978494
110.23655913978494
110.23655913978494
110.23655913978494
116.3225806451613
112.79569892473118
110.23655913978494
110.23655913978494
110.23655913978494
110.23655913978494
116.3225806451613
112.79569892473118
110.23655913978494
110.23655913978494
110.23655913978494
110.23655913978494
116.3225806451613
112.79569892473118
110.23655913978494
110.23655913978494
110.23655913978494
110.23655913978494
116.3225806451613
112.79569892473118
110.23655913978494
110.23655913978494
110.23655913978494
110.23655913978494
116.3225806451613
112.79569892473118
110.23655913978494
110.23655913978494
110.23655913978494
110.23655913978494
116.3225806451613
112.79569892473118
116.3225806451613
112.79569892473118
110.23655913978494
110.23655913978494
110.23655913978494
110.23655913978494
116.3225806451613
112.79569892473118
116.3225806451613
112.79569892473118
116.3225806451613
112.79569892473118
110.23655913978494
110.23655913978494
110.23655913978494
110.23655913978494
116.3225806451613
112.79569892473118
110.23655913978494
110.23655913978494
110.23655913978494
110.23655913978494
116.3225806451613
112.79569892473118
110.23655913978494
110.23655913978494
110.23655913978494
110.23655913978494
116.3225806451613
112.79569892473118
110.23655913978494
110.23655913978494
110.23655913978494
110.23655913978494
116.3225806451613
113.87096774193549
113.87096774193549
110.23655913978494
110.23655913978494
110.23655913978494
116.3225806451613
113.87096774193549
113.87096774193549
110.23655913978494
110.23655913978494
110.23655913978494
116.3225806451613
113.87096774193549
113.87096774193549
110.23655913978494
110.23655913978494
110.23655913978494
116.3225806451613
113.87096774193549
113.87096774193549
110.23655913978494
110.23655913978494
110.23655913978494
116.3225806451613
113.87096774193549
113.87096774193549
113.87096774193549
113.87096774193549
116.3225806451613
113.87096774193549
113.87096774193549
110.23655913978494
110.23655913978494
116.3225806451613
113.87096774193549
113.87096774193549
113.87096774193549
113.87096774193549
116.3225806451613
113.87096774193549
113.87096774193549
110.23655913978494
110.23655913978494
110.23655913978494
116.3225806451613
113.87096774193549
113.87096774193549
110.23655913978494
110.23655913978494
110.23655913978494
116.3225806451613
113.87096774193549
113.87096774193549
110.23655913978494
110.23655913978494
110.23655913978494
116.3225806451613
113.87096774193549
113.87096774193549
110.23655913978494
110.23655913978494
110.23655913978494
116.3225806451613
113.87096774193549
113.87096774193549
110.23655913978494
110.23655913978494
110.23655913978494
116.3225806451613
113.87096774193549
113.87096774193549
110.23655913978494
110.23655913978494
110.23655913978494
116.3225806451613
116.3225806451613
116.3225806451613
104.96774193548387
104.96774193548387
104.96774193548387
116.3225806451613
113.87096774193549
113.87096774193549
101.75806451612902
101.75806451612902
101.75806451612902
116.3225806451613
116.3225806451613
116.3225806451613
104.96774193548387
104.96774193548387
104.96774193548387
116.3225806451613
116.3225806451613
116.3225806451613
116.3225806451613
116.3225806451613
116.3225806451613
116.3225806451613
104.96774193548387
104.96774193548387
104.96774193548387
104.96774193548387
104.96774193548387
116.3225806451613
104.96774193548387
116.3225806451613
104.96774193548387
116.3225806451613
104.96774193548387
116.3225806451613
104.96774193548387
116.3225806451613
104.96774193548387
104.96774193548387
104.96774193548387
104.96774193548387
104.96774193548387
116.3225806451613
104.96774193548387
104.96774193548387
116.3225806451613
104.96774193548387
104.96774193548387
0.0
104.96774193548387
0.0
104.96774193548387
104.96774193548387
0.0
104.96774193548387
0.0
104.96774193548387
104.96774193548387
104.96774193548387
0.0
104.96774193548387
104.96774193548387
104.96774193548387
0.0
104.96774193548387
104.96774193548387
0.0
104.96774193548387
0.0
104.96774193548387
0.0
104.96774193548387
104.96774193548387
0.0
104.83870967741936
109.54838709677419
104.83870967741936
0.0
104.83870967741936
109.54838709677419
104.83870967741936
0.0
104.83870967741936
109.54838709677419
104.83870967741936
0.0
104.83870967741936
109.54838709677419
104.83870967741936
0.0
104.83870967741936
112.9247311827957
104.83870967741936
0.0
104.83870967741936
109.54838709677419
104.83870967741936
0.0
104.96774193548387
104.96774193548387
0.0
104.96774193548387
104.96774193548387
0.0
104.96774193548387
104.96774193548387
104.96774193548387
104.96774193548387
104.96774193548387
0.0
104.96774193548387
0.0
104.96774193548387
104.96774193548387
104.96774193548387
104.96774193548387
104.96774193548387
0.0
91.56774193548387
0.0
91.56774193548387
0.0
91.56774193548387
0.0
91.56774193548387
0.0
91.56774193548387
0.0
91.56774193548387
0.0
91.56774193548387
0.0
91.56774193548387
0.0
104.96774193548387
104.96774193548387
104.96774193548387
104.96774193548387
104.96774193548387
0.0
104.96774193548387
104.96774193548387
104.96774193548387
104.96774193548387
104.96774193548387
0.0
91.56774193548387
0.0
91.56774193548387
0.0
91.56774193548387
0.0
91.56774193548387
0.0
103.63440860215054
103.63440860215054
103.63440860215054
0.0
103.63440860215054
103.63440860215054
103.63440860215054
0.0
104.96774193548387
104.96774193548387
104.96774193548387
104.96774193548387
104.96774193548387
0.0
104.96774193548387
0.0
104.96774193548387
0.0
104.96774193548387
0.0
104.96774193548387
104.96774193548387
104.96774193548387
104.96774193548387
104.96774193548387
0.0
104.96774193548387
0.0
104.96774193548387
0.0
104.96774193548387
0.0
104.96774193548387
0.0
104.96774193548387
0.0
104.96774193548387
0.0
104.96774193548387
0.0
104.96774193548387
0.0
104.96774193548387
0.0
104.96774193548387
0.0
104.96774193548387
0.0
104.96774193548387
0.0
104.96774193548387
0.0
104.96774193548387
0.0
104.96774193548387
104.96774193548387
109.67741935483872
104.96774193548387
109.67741935483872
0.0
104.96774193548387
104.96774193548387
109.67741935483872
104.96774193548387
109.67741935483872
0.0
104.96774193548387
104.96774193548387
109.67741935483872
104.96774193548387
109.67741935483872
0.0
104.96774193548387
104.96774193548387
109.67741935483872
104.96774193548387
109.67741935483872
0.0
104.96774193548387
104.96774193548387
109.67741935483872
104.96774193548387
0.0
104.96774193548387
104.96774193548387
109.67741935483872
104.96774193548387
109.67741935483872
0.0
104.96774193548387
104.96774193548387
109.67741935483872
104.96774193548387
109.67741935483872
0.0
104.96774193548387
104.96774193548387
109.67741935483872
104.96774193548387
0.0
104.96774193548387
104.96774193548387
109.67741935483872
104.96774193548387
109.67741935483872
0.0
104.96774193548387
0.0
104.96774193548387
104.96774193548387
109.67741935483872
104.96774193548387
0.0
104.96774193548387
104.96774193548387
109.67741935483872
104.96774193548387
109.67741935483872
0.0
104.96774193548387
109.67741935483872
104.96774193548387
109.67741935483872
104.96774193548387
0.0
104.96774193548387
109.67741935483872
104.96774193548387
109.67741935483872
104.96774193548387
0.0
104.96774193548387
109.67741935483872
106.08602150537634
113.59139784946237
106.08602150537634
0.0
104.96774193548387
109.67741935483872
106.08602150537634
113.59139784946237
106.08602150537634
0.0
104.96774193548387
109.67741935483872
107.16129032258064
112.51612903225806
107.16129032258064
0.0
106.36559139784946
106.36559139784946
106.36559139784946
106.36559139784946
106.36559139784946
0.0
106.36559139784946
106.36559139784946
106.36559139784946
106.36559139784946
106.36559139784946
0.0
116.3225806451613
116.3225806451613
104.96774193548387
109.67741935483872
104.96774193548387
0.0
116.3225806451613
116.3225806451613
104.96774193548387
109.67741935483872
107.16129032258064
0.0
116.3225806451613
116.3225806451613
104.96774193548387
109.67741935483872
107.16129032258064
0.0
116.3225806451613
116.3225806451613
104.96774193548387
109.67741935483872
107.16129032258064
0.0
116.3225806451613
116.3225806451613
104.96774193548387
109.67741935483872
107.16129032258064
0.0
116.3225806451613
116.3225806451613
104.96774193548387
109.67741935483872
107.16129032258064
0.0
116.3225806451613
116.3225806451613
104.96774193548387
109.67741935483872
107.16129032258064
0.0
116.3225806451613
116.3225806451613
104.96774193548387
109.67741935483872
104.96774193548387
0.0
116.3225806451613
116.3225806451613
116.3225806451613
116.3225806451613
106.36559139784946
0.0
116.3225806451613
116.3225806451613
116.3225806451613
116.3225806451613
106.36559139784946
0.0
116.3225806451613
116.3225806451613
116.3225806451613
116.3225806451613
106.36559139784946
0.0
116.3225806451613
116.3225806451613
116.3225806451613
116.3225806451613
106.36559139784946
0.0
116.3225806451613
116.3225806451613
116.3225806451613
116.3225806451613
106.36559139784946
0.0
116.3225806451613
116.3225806451613
116.3225806451613
116.3225806451613
106.36559139784946
0.0
116.3225806451613
116.3225806451613
116.3225806451613
116.3225806451613
106.36559139784946
0.0
116.3225806451613
116.3225806451613
116.3225806451613
116.3225806451613
106.36559139784946
0.0
116.3225806451613
116.3225806451613
116.3225806451613
116.3225806451613
106.36559139784946
0.0
116.3225806451613
116.3225806451613
116.3225806451613
116.3225806451613
106.36559139784946
0.0
116.3225806451613
116.3225806451613
116.3225806451613
116.3225806451613
106.36559139784946
0.0
116.3225806451613
116.3225806451613
103.63440860215054
108.34408602150538
0.0
116.3225806451613
0.0
116.3225806451613
116.3225806451613
106.36559139784946
106.36559139784946
0.0
116.3225806451613
116.3225806451613
103.63440860215054
108.34408602150538
0.0
112.79569892473118
108.08602150537635
106.36559139784946
106.36559139784946
0.0
116.3225806451613
116.3225806451613
116.3225806451613
116.3225806451613
0.0
116.3225806451613
116.3225806451613
116.3225806451613
116.3225806451613
0.0
116.3225806451613
116.3225806451613
116.3225806451613
116.3225806451613
0.0
116.3225806451613
116.3225806451613
116.3225806451613
116.3225806451613
0.0
116.3225806451613
116.3225806451613
116.3225806451613
116.3225806451613
0.0
116.3225806451613
116.3225806451613
116.3225806451613
116.3225806451613
0.0
116.3225806451613
116.3225806451613
116.3225806451613
116.3225806451613
0.0
116.3225806451613
116.3225806451613
116.3225806451613
116.3225806451613
0.0
116.3225806451613
116.3225806451613
116.3225806451613
116.3225806451613
0.0
116.3225806451613
116.3225806451613
116.3225806451613
116.3225806451613
0.0
116.3225806451613
116.3225806451613
116.3225806451613
116.3225806451613
0.0
0.0
104.96774193548387
0.0
0.0
0.0
0.0
0.0
0.0
0.0
0.0
116.3225806451613
0.0
116.3225806451613
116.3225806451613
116.3225806451613
116.3225806451613
112.12903225806451
0.0
104.96774193548387
