115.58064516129032
109.50537634408603
109.50537634408603
109.50537634408603
109.50537634408603
0.0
0.0
0.0
0.0
0.0
0.0
0.0
0.0
0.0
0.0
0.0
0.0
0.0
0.0
0.0
0.0
0.0
0.0
0.0
0.0
0.0
0.0
0.0
0.0
0.0
0.0
0.0
0.0
0.0
0.0
0.0
0.0
0.0
0.0
0.0
0.0
0.0
0.0
0.0
0.0
0.0
0.0
0.0
0.0
0.0
0.0
0.0
0.0
0.0
0.0
0.0
0.0
0.0
0.0
0.0
0.0
0.0
0.0
0.0
0.0
0.0
0.0
0.0
0.0
0.0
0.0
0.0
0.0
0.0
0.0
0.0
0.0
0.0
0.0
0.0
0.0
0.0
0.0
0.0
0.0
0.0
0.0
0.0
0.0
0.0
0.0
0.0
0.0
0.0
0.0
0.0
0.0
0.0
0.0
0.0
0.0
0.0
0.0
0.0
0.0
0.0
0.0
0.0
0.0
0.0
0.0
0.0
0.0
0.0
0.0
115.58064516129032
109.50537634408603
109.50537634408603
109.50537634408603
109.50537634408603
115.58064516129032
109.50537634408603
109.50537634408603
109.50537634408603
109.50537634408603
115.58064516129032
109.50537634408603
109.50537634408603
109.50537634408603
109.50537634408603
0.0
0.0
0.0
0.0
0.0
0.0
0.0
0.0
0.0
0.0
0.0
0.0
0.0
0.0
0.0
0.0
0.0
0.0
0.0
0.0
0.0
0.0
0.0
0.0
0.0
0.0
0.0
0.0
0.0
0.0
0.0
0.0
0.0
0.0
0.0
0.0
0.0
0.0
0.0
117.0
112.12903225806451
112.12903225806451
0.0
0.0
101.86559139784946
117.0
117.0
101.86559139784946
0.0
0.0
117.0
113.20430107526882
100.25268817204301
117.0
0.0
0.0
0.0
0.0
117.0
103.50537634408602
117.0
112.25806451612902
103.50537634408602
0.0
0.0
0.0
0.0
0.0
117.0
103.50537634408602
117.0
112.25806451612902
103.50537634408602
0.0
117.0
0.0
117.0
0.0
0.0
117.0
0.0
0.0
117.0
103.50537634408602
0.0
117.0
103.50537634408602
0.0
117.0
0.0
0.0
0.0
117.0
0.0
103.50537634408602
103.50537634408602
0.0
103.50537634408602
103.50537634408602
0.0
103.50537634408602
103.50537634408602
103.50537634408602
103.50537634408602
103.50537634408602
0.0
0.0
103.50537634408602
103.50537634408602
103.50537634408602
103.50537634408602
103.50537634408602
0.0
112.12903225806451
112.12903225806451
112.12903225806451
112.12903225806451
112.12903225806451
0.0
112.12903225806451
112.12903225806451
112.12903225806451
112.12903225806451
112.12903225806451
0.0
112.12903225806451
112.12903225806451
112.12903225806451
112.12903225806451
112.12903225806451
0.0
0.0
0.0
0.0
112.12903225806451
112.12903225806451
112.12903225806451
112.12903225806451
112.12903225806451
0.0
0.0
0.0
0.0
0.0
0.0
0.0
0.0
0.0
0.0
0.0
0.0
0.0
0.0
0.0
117.0
112.12903225806451
0.0
112.12903225806451
0.0
0.0
117.0
112.12903225806451
0.0
112.12903225806451
0.0
0.0
117.0
112.12903225806451
0.0
112.12903225806451
0.0
117.0
112.12903225806451
0.0
112.12903225806451
0.0
0.0
117.0
112.12903225806451
0.0
0.0
117.0
112.12903225806451
0.0
112.12903225806451
0.0
117.0
112.12903225806451
0.0
112.12903225806451
0.0
117.0
112.12903225806451
0.0
0.0
117.0
112.12903225806451
0.0
112.12903225806451
0.0
0.0
0.0
117.0
112.12903225806451
0.0
0.0
117.0
112.12903225806451
0.0
112.12903225806451
0.0
0.0
117.0
102.12903225806451
117.0
102.12903225806451
117.0
0.0
117.0
112.6021505376344
107.24731182795699
107.24731182795699
117.0
0.0
117.0
115.12903225806451
110.79569892473118
110.79569892473118
95.15913978494623
0.0
117.0
117.0
117.0
101.86559139784946
112.12903225806451
0.0
0.0
117.0
103.50537634408602
117.0
112.12903225806451
0.0
0.0
117.0
117.0
101.86559139784946
117.0
0.0
0.0
117.0
117.0
112.12903225806451
112.12903225806451
0.0
0.0
117.0
112.12903225806451
0.0
117.0
0.0
0.0
117.0
113.20430107526882
100.25268817204301
117.0
0.0
0.0
112.12903225806451
0.0
117.0
103.50537634408602
0.0
0.0
112.12903225806451
0.0
117.0
103.50537634408602
0.0
0.0
117.0
117.0
100.25268817204301
117.0
0.0
0.0
0.0
117.0
112.12903225806451
112.12903225806451
0.0
0.0
0.0
117.0
112.12903225806451
112.12903225806451
0.0
0.0
0.0
117.0
117.0
116.2258064516129
0.0
0.0
0.0
117.0
108.21505376344086
108.21505376344086
0.0
0.0
0.0
117.0
117.0
103.50537634408602
0.0
0.0
0.0
117.0
117.0
103.50537634408602
0.0
0.0
0.0
117.0
117.0
103.50537634408602
0.0
0.0
0.0
117.0
117.0
102.12903225806451
0.0
0.0
0.0
0.0
0.0
112.7741935483871
0.0
0.0
0.0
117.0
117.0
103.50537634408602
0.0
0.0
0.0
117.0
117.0
103.50537634408602
0.0
0.0
0.0
117.0
117.0
103.50537634408602
0.0
0.0
0.0
117.0
117.0
103.50537634408602
0.0
0.0
0.0
117.0
117.0
103.50537634408602
0.0
102.64516129032258
113.03225806451613
107.6774193548387
113.03225806451613
0.0
0.0
0.0
102.64516129032258
113.03225806451613
107.6774193548387
113.03225806451613
0.0
102.64516129032258
111.65591397849462
111.65591397849462
111.65591397849462
0.0
112.3010752688172
109.24731182795699
101.59677419354838
117.0
0.0
115.58064516129032
115.58064516129032
115.58064516129032
115.58064516129032
0.0
115.58064516129032
115.58064516129032
115.58064516129032
115.58064516129032
0.0
115.58064516129032
115.58064516129032
115.58064516129032
115.58064516129032
0.0
115.58064516129032
115.58064516129032
115.58064516129032
115.58064516129032
0.0
115.58064516129032
115.58064516129032
115.58064516129032
115.58064516129032
0.0
115.58064516129032
115.58064516129032
115.58064516129032
115.58064516129032
0.0
115.58064516129032
115.58064516129032
115.58064516129032
115.58064516129032
0.0
115.58064516129032
115.58064516129032
115.58064516129032
115.58064516129032
0.0
115.58064516129032
115.58064516129032
115.58064516129032
115.58064516129032
0.0
115.58064516129032
115.58064516129032
115.58064516129032
115.58064516129032
0.0
115.58064516129032
115.58064516129032
115.58064516129032
115.58064516129032
0.0
0.0
0.0
0.0
0.0
115.58064516129032
115.58064516129032
115.58064516129032
115.58064516129032
0.0
