115.48387096774194
109.3763440860215
109.3763440860215
109.3763440860215
109.3763440860215
115.48387096774194
109.3763440860215
109.3763440860215
109.3763440860215
109.3763440860215
109.3763440860215
115.48387096774194
108.08602150537635
108.08602150537635
108.08602150537635
108.08602150537635
108.08602150537635
115.48387096774194
113.31182795698925
113.31182795698925
113.31182795698925
113.31182795698925
113.31182795698925
115.48387096774194
113.31182795698925
113.31182795698925
113.31182795698925
113.31182795698925
113.31182795698925
115.48387096774194
109.3763440860215
109.3763440860215
109.3763440860215
109.3763440860215
109.3763440860215
115.48387096774194
109.3763440860215
109.3763440860215
109.3763440860215
109.3763440860215
109.3763440860215
115.48387096774194
109.3763440860215
109.3763440860215
109.3763440860215
109.3763440860215
109.3763440860215
115.48387096774194
113.31182795698925
113.31182795698925
113.31182795698925
113.31182795698925
113.31182795698925
115.48387096774194
113.31182795698925
113.31182795698925
113.31182795698925
113.31182795698925
113.31182795698925
115.48387096774194
115.48387096774194
109.3763440860215
109.3763440860215
109.3763440860215
109.3763440860215
109.3763440860215
115.48387096774194
115.48387096774194
115.48387096774194
109.3763440860215
109.3763440860215
109.3763440860215
109.3763440860215
109.3763440860215
115.48387096774194
109.3763440860215
109.3763440860215
109.3763440860215
109.3763440860215
109.3763440860215
115.48387096774194
109.3763440860215
109.3763440860215
109.3763440860215
109.3763440860215
109.3763440860215
115.48387096774194
109.3763440860215
109.3763440860215
109.3763440860215
109.3763440860215
109.3763440860215
115.48387096774194
113.31182795698925
113.31182795698925
113.31182795698925
113.31182795698925
113.31182795698925
115.48387096774194
113.31182795698925
113.31182795698925
113.31182795698925
113.31182795698925
113.31182795698925
115.48387096774194
113.31182795698925
113.31182795698925
113.31182795698925
113.31182795698925
113.31182795698925
115.48387096774194
113.31182795698925
113.31182795698925
113.31182795698925
113.31182795698925
113.31182795698925
115.48387096774194
113.31182795698925
113.31182795698925
113.31182795698925
113.31182795698925
115.48387096774194
113.31182795698925
113.31182795698925
113.31182795698925
113.31182795698925
115.48387096774194
113.31182795698925
113.31182795698925
113.31182795698925
113.31182795698925
115.48387096774194
113.31182795698925
113.31182795698925
113.31182795698925
113.31182795698925
113.31182795698925
115.48387096774194
113.31182795698925
113.31182795698925
113.31182795698925
113.31182795698925
113.31182795698925
115.48387096774194
113.31182795698925
113.31182795698925
113.31182795698925
113.31182795698925
113.31182795698925
115.48387096774194
113.31182795698925
113.31182795698925
113.31182795698925
113.31182795698925
113.31182795698925
115.48387096774194
113.31182795698925
113.31182795698925
113.31182795698925
113.31182795698925
113.31182795698925
115.48387096774194
113.31182795698925
113.31182795698925
113.31182795698925
113.31182795698925
113.31182795698925
115.48387096774194
115.48387096774194
115.48387096774194
103.84946236559139
103.84946236559139
95.96344086021506
115.48387096774194
113.31182795698925
107.01075268817205
107.01075268817205
107.01075268817205
99.58064516129032
115.48387096774194
115.48387096774194
109.3763440860215
109.3763440860215
109.3763440860215
101.6774193548387
115.48387096774194
115.48387096774194
115.48387096774194
115.48387096774194
103.84946236559139
117.0
110.45161290322581
97.09139784946237
113.3763440860215
115.48387096774194
115.48387096774194
115.48387096774194
103.84946236559139
115.48387096774194
115.48387096774194
103.84946236559139
117.0
110.45161290322581
97.09139784946237
113.3763440860215
115.48387096774194
103.84946236559139
115.48387096774194
103.84946236559139
0.0
0.0
103.84946236559139
117.0
0.0
0.0
103.84946236559139
117.0
110.45161290322581
0.0
103.84946236559139
117.0
110.45161290322581
0.0
103.84946236559139
117.0
0.0
0.0
0.0
103.84946236559139
117.0
0.0
115.48387096774194
115.48387096774194
0.0
115.48387096774194
115.48387096774194
0.0
115.48387096774194
115.48387096774194
115.48387096774194
115.48387096774194
115.48387096774194
0.0
0.0
115.48387096774194
115.48387096774194
115.48387096774194
115.48387096774194
115.48387096774194
0.0
115.48387096774194
115.48387096774194
115.48387096774194
115.48387096774194
115.48387096774194
0.0
115.48387096774194
115.48387096774194
115.48387096774194
115.48387096774194
115.48387096774194
0.0
115.48387096774194
115.48387096774194
115.48387096774194
115.48387096774194
115.48387096774194
0.0
0.0
0.0
0.0
115.48387096774194
115.48387096774194
115.48387096774194
115.48387096774194
115.48387096774194
0.0
0.0
0.0
0.0
0.0
0.0
0.0
0.0
0.0
0.0
0.0
0.0
0.0
0.0
0.0
103.84946236559139
113.3763440860215
106.43010752688173
117.0
106.43010752688173
0.0
103.84946236559139
113.3763440860215
106.43010752688173
117.0
106.43010752688173
0.0
103.84946236559139
113.3763440860215
106.43010752688173
117.0
106.43010752688173
0.0
103.84946236559139
113.3763440860215
106.43010752688173
117.0
106.43010752688173
0.0
103.84946236559139
113.3763440860215
106.43010752688173
0.0
103.84946236559139
113.3763440860215
106.43010752688173
117.0
106.43010752688173
0.0
103.84946236559139
113.3763440860215
106.43010752688173
117.0
106.43010752688173
0.0
103.84946236559139
113.3763440860215
106.43010752688173
0.0
103.84946236559139
113.3763440860215
106.43010752688173
117.0
106.43010752688173
0.0
103.84946236559139
0.0
103.84946236559139
113.3763440860215
106.43010752688173
0.0
103.84946236559139
113.3763440860215
106.43010752688173
117.0
106.43010752688173
0.0
103.84946236559139
110.45161290322581
97.09139784946237
113.3763440860215
97.09139784946237
0.0
106.36559139784946
112.66666666666667
100.25268817204301
117.0
100.25268817204301
0.0
106.36559139784946
115.22580645161291
103.50537634408602
117.0
103.50537634408602
0.0
106.36559139784946
112.66666666666667
100.25268817204301
117.0
113.20430107526882
0.0
106.36559139784946
115.22580645161291
103.50537634408602
117.0
103.50537634408602
0.0
106.36559139784946
115.22580645161291
103.50537634408602
117.0
108.21505376344086
0.0
106.36559139784946
115.22580645161291
103.50537634408602
117.0
108.21505376344086
0.0
106.36559139784946
115.22580645161291
103.50537634408602
117.0
112.12903225806451
0.0
106.36559139784946
113.95698924731182
113.95698924731182
113.95698924731182
113.95698924731182
0.0
106.36559139784946
112.66666666666667
112.66666666666667
112.66666666666667
99.58064516129032
0.0
106.36559139784946
112.66666666666667
112.66666666666667
112.66666666666667
99.58064516129032
0.0
106.36559139784946
113.95698924731182
113.95698924731182
113.95698924731182
113.95698924731182
0.0
106.36559139784946
106.36559139784946
106.36559139784946
106.36559139784946
106.36559139784946
0.0
106.36559139784946
106.36559139784946
106.36559139784946
106.36559139784946
106.36559139784946
0.0
106.36559139784946
106.36559139784946
106.36559139784946
106.36559139784946
106.36559139784946
0.0
106.36559139784946
106.36559139784946
106.36559139784946
106.36559139784946
106.36559139784946
0.0
106.36559139784946
106.36559139784946
106.36559139784946
106.36559139784946
106.36559139784946
0.0
106.36559139784946
106.36559139784946
106.36559139784946
106.36559139784946
106.36559139784946
0.0
106.36559139784946
106.36559139784946
106.36559139784946
106.36559139784946
106.36559139784946
0.0
106.36559139784946
106.36559139784946
106.36559139784946
106.36559139784946
106.36559139784946
0.0
106.36559139784946
106.36559139784946
106.36559139784946
106.36559139784946
106.36559139784946
0.0
106.36559139784946
106.36559139784946
106.36559139784946
106.36559139784946
106.36559139784946
0.0
106.36559139784946
106.36559139784946
106.36559139784946
106.36559139784946
106.36559139784946
0.0
106.36559139784946
106.36559139784946
106.36559139784946
106.36559139784946
106.36559139784946
0.0
106.36559139784946
106.36559139784946
106.36559139784946
106.36559139784946
106.36559139784946
0.0
106.36559139784946
106.36559139784946
106.36559139784946
106.36559139784946
106.36559139784946
0.0
106.36559139784946
106.36559139784946
106.36559139784946
106.36559139784946
0.0
0.0
0.0
106.36559139784946
106.36559139784946
106.36559139784946
106.36559139784946
0.0
106.36559139784946
106.36559139784946
106.36559139784946
106.36559139784946
0.0
113.31182795698925
106.36559139784946
117.0
117.0
0.0
115.48387096774194
115.48387096774194
115.48387096774194
115.48387096774194
0.0
115.48387096774194
115.48387096774194
115.48387096774194
115.48387096774194
0.0
115.48387096774194
115.48387096774194
115.48387096774194
115.48387096774194
0.0
115.48387096774194
115.48387096774194
115.48387096774194
115.48387096774194
0.0
115.48387096774194
115.48387096774194
115.48387096774194
115.48387096774194
0.0
115.48387096774194
115.48387096774194
115.48387096774194
115.48387096774194
0.0
115.48387096774194
115.48387096774194
115.48387096774194
115.48387096774194
0.0
115.48387096774194
115.48387096774194
115.48387096774194
115.48387096774194
0.0
115.48387096774194
115.48387096774194
115.48387096774194
115.48387096774194
0.0
115.48387096774194
115.48387096774194
115.48387096774194
115.48387096774194
0.0
115.48387096774194
115.48387096774194
115.48387096774194
115.48387096774194
0.0
0.0
103.84946236559139
0.0
0.0
0.0
115.48387096774194
115.48387096774194
115.48387096774194
115.48387096774194
0.0
