114.58064516129032
114.58064516129032
114.58064516129032
114.58064516129032
114.58064516129032
114.58064516129032
114.58064516129032
114.58064516129032
114.58064516129032
114.58064516129032
114.58064516129032
114.58064516129032
114.58064516129032
114.58064516129032
114.58064516129032
114.58064516129032
114.58064516129032
114.58064516129032
114.58064516129032
114.58064516129032
114.58064516129032
114.58064516129032
114.58064516129032
114.58064516129032
114.58064516129032
114.58064516129032
114.58064516129032
114.58064516129032
114.58064516129032
114.58064516129032
114.58064516129032
114.58064516129032
114.58064516129032
114.58064516129032
114.58064516129032
114.58064516129032
114.58064516129032
114.58064516129032
114.58064516129032
114.58064516129032
114.58064516129032
114.58064516129032
114.58064516129032
114.58064516129032
114.58064516129032
114.58064516129032
114.58064516129032
114.58064516129032
114.58064516129032
114.58064516129032
114.58064516129032
114.58064516129032
114.58064516129032
114.58064516129032
114.58064516129032
114.58064516129032
114.58064516129032
114.58064516129032
114.58064516129032
114.58064516129032
114.58064516129032
114.58064516129032
114.58064516129032
114.58064516129032
114.58064516129032
114.58064516129032
114.58064516129032
114.58064516129032
114.58064516129032
114.58064516129032
114.58064516129032
114.58064516129032
114.58064516129032
114.58064516129032
114.58064516129032
114.58064516129032
114.58064516129032
114.58064516129032
114.58064516129032
114.58064516129032
114.58064516129032
114.58064516129032
114.58064516129032
114.58064516129032
114.58064516129032
114.58064516129032
114.58064516129032
114.58064516129032
114.58064516129032
114.58064516129032
114.58064516129032
114.58064516129032
114.58064516129032
114.58064516129032
114.58064516129032
114.58064516129032
114.58064516129032
114.58064516129032
114.58064516129032
114.58064516129032
114.58064516129032
114.58064516129032
114.58064516129032
114.58064516129032
114.58064516129032
114.58064516129032
114.58064516129032
114.58064516129032
114.58064516129032
114.58064516129032
114.58064516129032
114.58064516129032
114.58064516129032
114.58064516129032
114.58064516129032
114.58064516129032
114.58064516129032
114.58064516129032
114.58064516129032
114.58064516129032
114.58064516129032
114.58064516129032
114.58064516129032
114.58064516129032
114.58064516129032
114.58064516129032
114.58064516129032
114.58064516129032
114.58064516129032
114.58064516129032
114.58064516129032
114.58064516129032
114.58064516129032
114.58064516129032
114.58064516129032
114.58064516129032
114.58064516129032
114.58064516129032
114.58064516129032
114.58064516129032
114.58064516129032
114.58064516129032
114.58064516129032
114.58064516129032
114.58064516129032
114.58064516129032
114.58064516129032
114.58064516129032
114.58064516129032
114.58064516129032
114.58064516129032
114.58064516129032
114.58064516129032
114.58064516129032
114.58064516129032
114.58064516129032
114.58064516129032
114.58064516129032
114.58064516129032
114.58064516129032
114.58064516129032
114.58064516129032
114.58064516129032
114.58064516129032
114.58064516129032
114.58064516129032
114.58064516129032
114.58064516129032
114.58064516129032
114.58064516129032
114.58064516129032
114.58064516129032
114.58064516129032
107.01075268817205
107.01075268817205
107.01075268817205
114.58064516129032
114.58064516129032
114.58064516129032
107.01075268817205
107.01075268817205
107.01075268817205
114.58064516129032
114.58064516129032
114.58064516129032
107.01075268817205
107.01075268817205
107.01075268817205
114.58064516129032
114.58064516129032
114.58064516129032
114.58064516129032
114.58064516129032
114.58064516129032
114.58064516129032
102.64516129032258
102.64516129032258
102.64516129032258
102.64516129032258
102.64516129032258
114.58064516129032
102.64516129032258
114.58064516129032
102.64516129032258
114.58064516129032
102.64516129032258
114.58064516129032
102.64516129032258
114.58064516129032
102.64516129032258
102.64516129032258
102.64516129032258
102.64516129032258
102.64516129032258
114.58064516129032
102.64516129032258
102.64516129032258
114.58064516129032
102.64516129032258
102.64516129032258
0.0
102.64516129032258
0.0
102.64516129032258
102.64516129032258
0.0
102.64516129032258
0.0
102.64516129032258
102.64516129032258
102.64516129032258
0.0
102.64516129032258
102.64516129032258
102.64516129032258
0.0
102.64516129032258
102.64516129032258
0.0
102.64516129032258
0.0
102.64516129032258
0.0
102.64516129032258
102.64516129032258
0.0
102.64516129032258
102.64516129032258
0.0
102.64516129032258
102.64516129032258
0.0
102.64516129032258
102.64516129032258
102.64516129032258
102.64516129032258
102.64516129032258
0.0
102.64516129032258
0.0
102.64516129032258
102.64516129032258
102.64516129032258
102.64516129032258
102.64516129032258
0.0
102.64516129032258
102.64516129032258
102.64516129032258
102.64516129032258
102.64516129032258
0.0
102.64516129032258
102.64516129032258
102.64516129032258
102.64516129032258
102.64516129032258
0.0
102.64516129032258
102.64516129032258
102.64516129032258
102.64516129032258
102.64516129032258
0.0
102.64516129032258
0.0
102.64516129032258
0.0
102.64516129032258
0.0
102.64516129032258
102.64516129032258
102.64516129032258
102.64516129032258
102.64516129032258
0.0
102.64516129032258
0.0
102.64516129032258
0.0
102.64516129032258
0.0
102.64516129032258
0.0
102.64516129032258
0.0
102.64516129032258
0.0
102.64516129032258
0.0
102.64516129032258
0.0
102.64516129032258
0.0
102.64516129032258
0.0
102.64516129032258
0.0
102.64516129032258
0.0
102.64516129032258
0.0
102.64516129032258
0.0
102.64516129032258
102.64516129032258
113.03225806451613
106.08602150537634
117.0
0.0
102.64516129032258
102.64516129032258
113.03225806451613
106.08602150537634
117.0
0.0
102.64516129032258
102.64516129032258
113.03225806451613
106.08602150537634
117.0
0.0
102.64516129032258
102.64516129032258
113.03225806451613
106.08602150537634
117.0
0.0
102.64516129032258
102.64516129032258
113.03225806451613
106.08602150537634
0.0
102.64516129032258
102.64516129032258
113.03225806451613
106.08602150537634
117.0
0.0
102.64516129032258
102.64516129032258
113.03225806451613
106.08602150537634
117.0
0.0
102.64516129032258
102.64516129032258
113.03225806451613
106.08602150537634
0.0
102.64516129032258
102.64516129032258
113.03225806451613
106.08602150537634
117.0
0.0
102.64516129032258
0.0
102.64516129032258
102.64516129032258
113.03225806451613
106.08602150537634
0.0
102.64516129032258
102.64516129032258
113.03225806451613
106.08602150537634
117.0
0.0
102.64516129032258
102.64516129032258
113.03225806451613
107.6774193548387
113.03225806451613
0.0
107.01075268817205
107.01075268817205
107.01075268817205
107.01075268817205
107.01075268817205
0.0
107.01075268817205
107.01075268817205
107.01075268817205
107.01075268817205
107.01075268817205
0.0
107.01075268817205
107.01075268817205
107.01075268817205
107.01075268817205
107.01075268817205
0.0
107.01075268817205
107.01075268817205
107.01075268817205
107.01075268817205
107.01075268817205
0.0
114.58064516129032
114.58064516129032
102.64516129032258
111.65591397849462
102.90322580645162
0.0
114.58064516129032
114.58064516129032
107.01075268817205
107.01075268817205
107.01075268817205
0.0
114.58064516129032
114.58064516129032
107.01075268817205
107.01075268817205
107.01075268817205
0.0
114.58064516129032
114.58064516129032
107.01075268817205
107.01075268817205
107.01075268817205
0.0
114.58064516129032
114.58064516129032
107.01075268817205
107.01075268817205
107.01075268817205
0.0
114.58064516129032
114.58064516129032
107.01075268817205
107.01075268817205
107.01075268817205
0.0
114.58064516129032
114.58064516129032
107.01075268817205
107.01075268817205
107.01075268817205
0.0
114.58064516129032
114.58064516129032
107.01075268817205
107.01075268817205
107.01075268817205
0.0
114.58064516129032
114.58064516129032
107.01075268817205
107.01075268817205
107.01075268817205
0.0
114.58064516129032
114.58064516129032
107.01075268817205
107.01075268817205
107.01075268817205
0.0
114.58064516129032
114.58064516129032
107.01075268817205
107.01075268817205
107.01075268817205
0.0
114.58064516129032
114.58064516129032
107.01075268817205
107.01075268817205
107.01075268817205
0.0
114.58064516129032
114.58064516129032
107.01075268817205
107.01075268817205
107.01075268817205
0.0
114.58064516129032
114.58064516129032
107.01075268817205
107.01075268817205
107.01075268817205
0.0
114.58064516129032
114.58064516129032
107.01075268817205
107.01075268817205
107.01075268817205
0.0
114.58064516129032
114.58064516129032
114.58064516129032
114.58064516129032
114.58064516129032
0.0
114.58064516129032
114.58064516129032
107.01075268817205
107.01075268817205
107.01075268817205
0.0
114.58064516129032
114.58064516129032
107.01075268817205
107.01075268817205
107.01075268817205
0.0
114.58064516129032
114.58064516129032
107.01075268817205
107.01075268817205
107.01075268817205
0.0
114.58064516129032
114.58064516129032
107.01075268817205
107.01075268817205
107.01075268817205
0.0
114.58064516129032
114.58064516129032
107.01075268817205
107.01075268817205
107.01075268817205
0.0
114.58064516129032
114.58064516129032
114.58064516129032
107.01075268817205
0.0
114.58064516129032
0.0
114.58064516129032
114.58064516129032
107.01075268817205
107.01075268817205
0.0
114.58064516129032
114.58064516129032
114.58064516129032
107.01075268817205
0.0
107.44086021505376
117.0
115.41935483870968
107.44086021505376
0.0
114.58064516129032
114.58064516129032
114.58064516129032
114.58064516129032
0.0
114.58064516129032
114.58064516129032
114.58064516129032
114.58064516129032
0.0
114.58064516129032
114.58064516129032
114.58064516129032
114.58064516129032
0.0
114.58064516129032
114.58064516129032
114.58064516129032
114.58064516129032
0.0
114.58064516129032
114.58064516129032
114.58064516129032
114.58064516129032
0.0
114.58064516129032
114.58064516129032
114.58064516129032
114.58064516129032
0.0
114.58064516129032
114.58064516129032
114.58064516129032
114.58064516129032
0.0
114.58064516129032
114.58064516129032
114.58064516129032
114.58064516129032
0.0
114.58064516129032
114.58064516129032
114.58064516129032
114.58064516129032
0.0
114.58064516129032
114.58064516129032
114.58064516129032
114.58064516129032
0.0
114.58064516129032
114.58064516129032
114.58064516129032
114.58064516129032
0.0
0.0
102.64516129032258
0.0
0.0
0.0
0.0
0.0
0.0
0.0
0.0
114.58064516129032
0.0
114.58064516129032
114.58064516129032
114.58064516129032
114.58064516129032
0.0
0.0
102.64516129032258
