116.3225806451613
112.79569892473118
110.23655913978494
110.23655913978494
110.23655913978494
116.3225806451613
112.79569892473118
110.23655913978494
110.23655913978494
110.23655913978494
110.23655913978494
116.3225806451613
112.79569892473118
110.23655913978494
110.23655913978494
110.23655913978494
110.23655913978494
116.3225806451613
112.79569892473118
110.23655913978494
110.23655913978494
110.23655913978494
110.23655913978494
116.3225806451613
112.79569892473118
110.23655913978494
110.23655913978494
110.23655913978494
110.23655913978494
116.3225806451613
112.79569892473118
110.23655913978494
110.23655913978494
110.23655913978494
110.23655913978494
116.3225806451613
112.79569892473118
110.23655913978494
110.23655913978494
110.23655913978494
110.23655913978494
116.3225806451613
112.79569892473118
110.23655913978494
110.23655913978494
110.23655913978494
110.23655913978494
116.3225806451613
112.79569892473118
110.23655913978494
110.23655913978494
110.23655913978494
110.23655913978494
116.3225806451613
112.79569892473118
110.23655913978494
110.23655913978494
110.23655913978494
110.23655913978494
116.3225806451613
116.3225806451613
112.79569892473118
110.23655913978494
110.23655913978494
110.23655913978494
110.23655913978494
116.3225806451613
116.3225806451613
116.3225806451613
112.79569892473118
110.23655913978494
110.23655913978494
110.23655913978494
110.23655913978494
116.3225806451613
112.79569892473118
110.23655913978494
110.23655913978494
110.23655913978494
110.23655913978494
116.3225806451613
112.79569892473118
110.23655913978494
110.23655913978494
110.23655913978494
110.23655913978494
116.3225806451613
112.79569892473118
110.23655913978494
110.23655913978494
110.23655913978494
110.23655913978494
116.3225806451613
112.79569892473118
110.23655913978494
110.23655913978494
110.23655913978494
110.23655913978494
116.3225806451613
112.79569892473118
110.23655913978494
110.23655913978494
110.23655913978494
110.23655913978494
116.3225806451613
112.79569892473118
110.23655913978494
110.23655913978494
110.23655913978494
110.23655913978494
116.3225806451613
112.79569892473118
110.23655913978494
110.23655913978494
110.23655913978494
110.23655913978494
116.3225806451613
112.79569892473118
110.23655913978494
110.23655913978494
110.23655913978494
116.3225806451613
112.79569892473118
110.23655913978494
110.23655913978494
110.23655913978494
116.3225806451613
112.79569892473118
110.23655913978494
110.23655913978494
110.23655913978494
116.3225806451613
112.79569892473118
110.23655913978494
110.23655913978494
110.23655913978494
110.23655913978494
116.3225806451613
112.79569892473118
110.23655913978494
110.23655913978494
110.23655913978494
110.23655913978494
116.3225806451613
112.79569892473118
110.23655913978494
110.23655913978494
110.23655913978494
110.23655913978494
116.3225806451613
112.79569892473118
110.23655913978494
110.23655913978494
110.23655913978494
110.23655913978494
116.3225806451613
112.79569892473118
110.23655913978494
110.23655913978494
110.23655913978494
110.23655913978494
116.3225806451613
112.79569892473118
110.23655913978494
110.23655913978494
110.23655913978494
110.23655913978494
116.3225806451613
116.3225806451613
116.3225806451613
104.96774193548387
104.96774193548387
104.96774193548387
116.3225806451613
112.79569892473118
106.49462365591398
106.49462365591398
106.49462365591398
106.49462365591398
116.3225806451613
113.87096774193549
107.56989247311827
117.0
107.56989247311827
117.0
116.3225806451613
116.3225806451613
116.3225806451613
116.3225806451613
104.96774193548387
117.0
113.6774193548387
108.64516129032259
106.64516129032258
116.3225806451613
116.3225806451613
116.3225806451613
116.3225806451613
116.3225806451613
104.96774193548387
117.0
113.6774193548387
108.64516129032259
106.64516129032258
116.3225806451613
104.96774193548387
116.3225806451613
104.96774193548387
0.0
0.0
104.96774193548387
0.0
0.0
104.96774193548387
117.0
0.0
104.96774193548387
117.0
113.6774193548387
0.0
104.96774193548387
0.0
0.0
0.0
104.96774193548387
117.0
0.0
116.3225806451613
116.3225806451613
0.0
116.3225806451613
116.3225806451613
0.0
116.3225806451613
116.3225806451613
116.3225806451613
116.3225806451613
116.3225806451613
0.0
0.0
116.3225806451613
116.3225806451613
116.3225806451613
116.3225806451613
116.3225806451613
0.0
116.3225806451613
116.3225806451613
116.3225806451613
116.3225806451613
116.3225806451613
0.0
116.3225806451613
116.3225806451613
116.3225806451613
116.3225806451613
116.3225806451613
0.0
116.3225806451613
116.3225806451613
116.3225806451613
116.3225806451613
116.3225806451613
0.0
0.0
0.0
0.0
116.3225806451613
116.3225806451613
116.3225806451613
116.3225806451613
116.3225806451613
0.0
0.0
0.0
0.0
0.0
0.0
0.0
0.0
0.0
0.0
0.0
0.0
0.0
0.0
0.0
104.96774193548387
113.93548387096774
110.36559139784947
93.33118279569892
117.0
0.0
104.96774193548387
113.93548387096774
110.36559139784947
93.33118279569892
117.0
0.0
104.96774193548387
113.93548387096774
110.36559139784947
93.33118279569892
117.0
0.0
104.96774193548387
113.93548387096774
110.36559139784947
93.33118279569892
117.0
0.0
104.96774193548387
113.93548387096774
110.36559139784947
0.0
104.96774193548387
113.93548387096774
110.36559139784947
93.33118279569892
117.0
0.0
104.96774193548387
113.93548387096774
110.36559139784947
93.33118279569892
0.0
104.96774193548387
113.93548387096774
110.36559139784947
0.0
104.96774193548387
113.93548387096774
110.36559139784947
93.33118279569892
117.0
0.0
0.0
104.96774193548387
113.93548387096774
110.36559139784947
0.0
104.96774193548387
113.93548387096774
110.36559139784947
93.33118279569892
117.0
0.0
104.96774193548387
111.56989247311829
107.03225806451613
117.0
107.03225806451613
0.0
104.96774193548387
111.56989247311829
107.03225806451613
107.03225806451613
117.0
0.0
103.63440860215054
103.63440860215054
112.3225806451613
103.63440860215054
112.3225806451613
0.0
103.63440860215054
103.63440860215054
108.34408602150538
108.34408602150538
108.34408602150538
0.0
103.63440860215054
103.63440860215054
108.34408602150538
108.34408602150538
108.34408602150538
0.0
103.63440860215054
103.63440860215054
108.34408602150538
108.34408602150538
108.34408602150538
0.0
103.63440860215054
103.63440860215054
108.34408602150538
108.34408602150538
108.34408602150538
0.0
103.63440860215054
112.3225806451613
112.3225806451613
112.3225806451613
99.8225806451613
0.0
103.63440860215054
103.63440860215054
108.34408602150538
108.34408602150538
108.34408602150538
0.0
103.63440860215054
103.63440860215054
108.34408602150538
108.34408602150538
108.34408602150538
0.0
103.63440860215054
103.63440860215054
108.34408602150538
108.34408602150538
108.34408602150538
0.0
103.63440860215054
103.63440860215054
108.34408602150538
108.34408602150538
108.34408602150538
0.0
103.63440860215054
112.3225806451613
112.3225806451613
112.3225806451613
99.8225806451613
0.0
103.63440860215054
112.3225806451613
112.3225806451613
112.3225806451613
99.8225806451613
0.0
103.63440860215054
108.34408602150538
108.34408602150538
108.34408602150538
108.34408602150538
0.0
103.63440860215054
108.34408602150538
108.34408602150538
108.34408602150538
108.34408602150538
0.0
103.63440860215054
108.34408602150538
108.34408602150538
108.34408602150538
108.34408602150538
0.0
103.63440860215054
108.34408602150538
108.34408602150538
108.34408602150538
108.34408602150538
0.0
103.63440860215054
108.34408602150538
108.34408602150538
108.34408602150538
108.34408602150538
0.0
103.63440860215054
108.34408602150538
108.34408602150538
108.34408602150538
108.34408602150538
0.0
103.63440860215054
108.34408602150538
108.34408602150538
108.34408602150538
108.34408602150538
0.0
103.63440860215054
108.34408602150538
108.34408602150538
108.34408602150538
108.34408602150538
0.0
103.63440860215054
108.34408602150538
108.34408602150538
108.34408602150538
108.34408602150538
0.0
103.63440860215054
108.34408602150538
108.34408602150538
108.34408602150538
108.34408602150538
0.0
103.63440860215054
108.34408602150538
108.34408602150538
108.34408602150538
108.34408602150538
0.0
103.63440860215054
108.34408602150538
108.34408602150538
108.34408602150538
108.34408602150538
0.0
103.63440860215054
108.34408602150538
108.34408602150538
108.34408602150538
0.0
0.0
0.0
103.63440860215054
108.34408602150538
108.34408602150538
108.34408602150538
0.0
103.63440860215054
108.34408602150538
108.34408602150538
108.34408602150538
0.0
112.79569892473118
108.08602150537635
106.36559139784946
117.0
0.0
116.3225806451613
116.3225806451613
116.3225806451613
116.3225806451613
0.0
116.3225806451613
116.3225806451613
116.3225806451613
116.3225806451613
0.0
116.3225806451613
116.3225806451613
116.3225806451613
116.3225806451613
0.0
116.3225806451613
116.3225806451613
116.3225806451613
116.3225806451613
0.0
116.3225806451613
116.3225806451613
116.3225806451613
116.3225806451613
0.0
116.3225806451613
116.3225806451613
116.3225806451613
116.3225806451613
0.0
116.3225806451613
116.3225806451613
116.3225806451613
116.3225806451613
0.0
116.3225806451613
116.3225806451613
116.3225806451613
116.3225806451613
0.0
116.3225806451613
116.3225806451613
116.3225806451613
116.3225806451613
0.0
116.3225806451613
116.3225806451613
116.3225806451613
116.3225806451613
0.0
116.3225806451613
116.3225806451613
116.3225806451613
116.3225806451613
0.0
0.0
104.96774193548387
0.0
0.0
0.0
116.3225806451613
116.3225806451613
116.3225806451613
116.3225806451613
0.0
