115.41935483870968
112.19354838709677
112.19354838709677
112.19354838709677
112.19354838709677
115.41935483870968
112.19354838709677
112.19354838709677
112.19354838709677
112.19354838709677
112.19354838709677
115.41935483870968
112.19354838709677
112.19354838709677
112.19354838709677
112.19354838709677
112.19354838709677
115.41935483870968
112.19354838709677
112.19354838709677
112.19354838709677
112.19354838709677
112.19354838709677
115.41935483870968
112.19354838709677
112.19354838709677
112.19354838709677
112.19354838709677
112.19354838709677
115.41935483870968
112.19354838709677
112.19354838709677
112.19354838709677
112.19354838709677
112.19354838709677
115.41935483870968
112.19354838709677
112.19354838709677
112.19354838709677
112.19354838709677
112.19354838709677
115.41935483870968
112.19354838709677
112.19354838709677
112.19354838709677
112.19354838709677
112.19354838709677
115.41935483870968
112.19354838709677
112.19354838709677
112.19354838709677
112.19354838709677
112.19354838709677
115.41935483870968
112.19354838709677
112.19354838709677
112.19354838709677
112.19354838709677
112.19354838709677
115.41935483870968
112.19354838709677
115.41935483870968
112.19354838709677
112.19354838709677
112.19354838709677
112.19354838709677
112.19354838709677
115.41935483870968
112.19354838709677
115.41935483870968
112.19354838709677
115.41935483870968
112.19354838709677
112.19354838709677
112.19354838709677
112.19354838709677
112.19354838709677
115.41935483870968
112.19354838709677
112.19354838709677
112.19354838709677
112.19354838709677
112.19354838709677
115.41935483870968
112.19354838709677
112.19354838709677
112.19354838709677
112.19354838709677
112.19354838709677
115.41935483870968
112.19354838709677
112.19354838709677
112.19354838709677
112.19354838709677
112.19354838709677
115.41935483870968
112.19354838709677
112.19354838709677
112.19354838709677
112.19354838709677
112.19354838709677
115.41935483870968
112.19354838709677
112.19354838709677
112.19354838709677
112.19354838709677
112.19354838709677
115.41935483870968
112.19354838709677
112.19354838709677
112.19354838709677
112.19354838709677
112.19354838709677
115.41935483870968
112.19354838709677
112.19354838709677
112.19354838709677
112.19354838709677
112.19354838709677
115.41935483870968
112.19354838709677
112.19354838709677
112.19354838709677
112.19354838709677
115.41935483870968
112.19354838709677
112.19354838709677
112.19354838709677
112.19354838709677
115.41935483870968
112.19354838709677
112.19354838709677
112.19354838709677
112.19354838709677
115.41935483870968
112.19354838709677
112.19354838709677
112.19354838709677
112.19354838709677
112.19354838709677
115.41935483870968
112.19354838709677
112.19354838709677
112.19354838709677
112.19354838709677
112.19354838709677
115.41935483870968
112.19354838709677
112.19354838709677
112.19354838709677
112.19354838709677
112.19354838709677
115.41935483870968
115.41935483870968
115.41935483870968
112.19354838709677
112.19354838709677
112.19354838709677
115.41935483870968
115.41935483870968
115.41935483870968
112.19354838709677
112.19354838709677
112.19354838709677
115.41935483870968
112.19354838709677
112.19354838709677
112.19354838709677
112.19354838709677
112.19354838709677
115.41935483870968
115.41935483870968
103.76344086021506
103.76344086021506
103.76344086021506
103.76344086021506
115.41935483870968
112.19354838709677
99.66129032258064
115.3225806451613
99.66129032258064
115.3225806451613
115.41935483870968
115.41935483870968
103.76344086021506
103.76344086021506
103.76344086021506
103.76344086021506
115.41935483870968
115.41935483870968
115.41935483870968
115.41935483870968
115.41935483870968
115.41935483870968
107.56989247311827
112.25806451612902
107.50537634408602
117.0
107.50537634408602
115.41935483870968
107.56989247311827
115.41935483870968
107.56989247311827
115.41935483870968
107.56989247311827
115.41935483870968
107.56989247311827
115.41935483870968
107.56989247311827
112.25806451612902
107.50537634408602
117.0
107.50537634408602
115.41935483870968
107.56989247311827
112.25806451612902
115.41935483870968
107.56989247311827
112.25806451612902
0.0
107.56989247311827
0.0
107.56989247311827
112.25806451612902
0.0
107.56989247311827
0.0
107.56989247311827
112.25806451612902
107.50537634408602
0.0
107.56989247311827
112.25806451612902
107.50537634408602
0.0
107.56989247311827
112.25806451612902
0.0
107.56989247311827
0.0
107.56989247311827
0.0
107.56989247311827
112.25806451612902
0.0
107.56989247311827
107.56989247311827
0.0
107.56989247311827
107.56989247311827
0.0
107.56989247311827
107.56989247311827
107.56989247311827
107.56989247311827
107.56989247311827
0.0
107.56989247311827
0.0
107.56989247311827
107.56989247311827
107.56989247311827
107.56989247311827
107.56989247311827
0.0
107.56989247311827
107.56989247311827
107.56989247311827
107.56989247311827
107.56989247311827
0.0
107.56989247311827
107.56989247311827
107.56989247311827
107.56989247311827
107.56989247311827
0.0
107.56989247311827
107.56989247311827
107.56989247311827
107.56989247311827
107.56989247311827
0.0
107.56989247311827
0.0
107.56989247311827
0.0
107.56989247311827
0.0
107.56989247311827
107.56989247311827
107.56989247311827
107.56989247311827
107.56989247311827
0.0
107.56989247311827
0.0
107.56989247311827
0.0
107.56989247311827
0.0
107.56989247311827
0.0
0.0
107.56989247311827
0.0
107.56989247311827
0.0
107.56989247311827
0.0
107.56989247311827
0.0
107.56989247311827
0.0
107.56989247311827
0.0
107.56989247311827
0.0
107.56989247311827
0.0
107.56989247311827
0.0
107.56989247311827
110.79569892473118
106.64516129032258
117.0
106.64516129032258
0.0
107.56989247311827
110.79569892473118
106.64516129032258
117.0
106.64516129032258
0.0
107.56989247311827
110.79569892473118
106.64516129032258
117.0
106.64516129032258
0.0
107.56989247311827
110.79569892473118
106.64516129032258
117.0
106.64516129032258
0.0
107.56989247311827
110.79569892473118
106.64516129032258
117.0
0.0
107.56989247311827
110.79569892473118
106.64516129032258
117.0
106.64516129032258
0.0
107.56989247311827
110.79569892473118
106.64516129032258
117.0
106.64516129032258
0.0
107.56989247311827
110.79569892473118
106.64516129032258
117.0
0.0
107.56989247311827
110.79569892473118
106.64516129032258
117.0
106.64516129032258
0.0
107.56989247311827
0.0
107.56989247311827
110.79569892473118
106.64516129032258
117.0
0.0
107.56989247311827
110.79569892473118
106.64516129032258
117.0
106.64516129032258
0.0
107.56989247311827
117.0
115.3225806451613
90.60430107526882
107.50537634408602
0.0
107.56989247311827
112.25806451612902
107.50537634408602
117.0
107.50537634408602
0.0
107.56989247311827
112.25806451612902
107.50537634408602
117.0
107.50537634408602
0.0
107.44086021505376
112.12903225806451
103.50537634408602
117.0
103.50537634408602
0.0
115.41935483870968
107.56989247311827
107.56989247311827
107.56989247311827
107.56989247311827
0.0
115.41935483870968
103.76344086021506
108.47311827956989
108.47311827956989
108.47311827956989
0.0
115.41935483870968
103.76344086021506
108.47311827956989
108.47311827956989
108.47311827956989
0.0
115.41935483870968
103.76344086021506
108.47311827956989
108.47311827956989
108.47311827956989
0.0
115.41935483870968
103.76344086021506
108.47311827956989
108.47311827956989
108.47311827956989
0.0
115.41935483870968
103.76344086021506
108.47311827956989
108.47311827956989
108.47311827956989
0.0
115.41935483870968
103.76344086021506
108.47311827956989
108.47311827956989
108.47311827956989
0.0
115.41935483870968
103.76344086021506
108.47311827956989
108.47311827956989
108.47311827956989
0.0
115.41935483870968
115.41935483870968
107.56989247311827
107.56989247311827
107.56989247311827
0.0
115.41935483870968
115.41935483870968
107.56989247311827
107.56989247311827
107.56989247311827
0.0
115.41935483870968
115.41935483870968
107.56989247311827
107.56989247311827
107.56989247311827
0.0
115.41935483870968
115.41935483870968
107.56989247311827
107.56989247311827
107.56989247311827
0.0
115.41935483870968
115.41935483870968
107.56989247311827
107.56989247311827
107.56989247311827
0.0
115.41935483870968
115.41935483870968
107.56989247311827
107.56989247311827
107.56989247311827
0.0
115.41935483870968
115.41935483870968
107.56989247311827
107.56989247311827
107.56989247311827
0.0
115.41935483870968
115.41935483870968
107.56989247311827
107.56989247311827
107.56989247311827
0.0
115.41935483870968
115.41935483870968
115.41935483870968
115.41935483870968
115.41935483870968
0.0
115.41935483870968
115.41935483870968
107.56989247311827
107.56989247311827
107.56989247311827
0.0
115.41935483870968
115.41935483870968
107.56989247311827
107.56989247311827
107.56989247311827
0.0
115.41935483870968
115.41935483870968
107.56989247311827
107.56989247311827
107.56989247311827
0.0
115.41935483870968
115.41935483870968
107.56989247311827
107.56989247311827
107.56989247311827
0.0
115.41935483870968
115.41935483870968
107.56989247311827
107.56989247311827
107.56989247311827
0.0
115.41935483870968
115.41935483870968
107.56989247311827
107.56989247311827
0.0
0.0
0.0
115.41935483870968
115.41935483870968
107.56989247311827
107.56989247311827
0.0
115.41935483870968
115.41935483870968
107.56989247311827
107.56989247311827
0.0
112.19354838709677
107.44086021505376
117.0
107.44086021505376
0.0
115.41935483870968
115.41935483870968
115.41935483870968
115.41935483870968
0.0
115.41935483870968
115.41935483870968
115.41935483870968
115.41935483870968
0.0
115.41935483870968
115.41935483870968
115.41935483870968
115.41935483870968
0.0
115.41935483870968
115.41935483870968
115.41935483870968
115.41935483870968
0.0
115.41935483870968
115.41935483870968
115.41935483870968
115.41935483870968
0.0
115.41935483870968
115.41935483870968
115.41935483870968
115.41935483870968
0.0
115.41935483870968
115.41935483870968
115.41935483870968
115.41935483870968
0.0
115.41935483870968
115.41935483870968
115.41935483870968
115.41935483870968
0.0
115.41935483870968
115.41935483870968
115.41935483870968
115.41935483870968
0.0
115.41935483870968
115.41935483870968
115.41935483870968
115.41935483870968
0.0
115.41935483870968
115.41935483870968
115.41935483870968
115.41935483870968
0.0
0.0
103.76344086021506
0.0
0.0
0.0
115.41935483870968
115.41935483870968
115.41935483870968
115.41935483870968
0.0
103.76344086021506
