116.3225806451613
108.34408602150538
108.34408602150538
108.34408602150538
108.34408602150538
0.0
0.0
0.0
0.0
0.0
0.0
0.0
0.0
0.0
0.0
0.0
0.0
0.0
117.0
117.0
117.0
116.3225806451613
112.79569892473118
110.23655913978494
110.23655913978494
110.23655913978494
0.0
0.0
0.0
0.0
0.0
0.0
0.0
0.0
0.0
0.0
117.0
0.0
0.0
0.0
117.0
117.0
117.0
117.0
0.0
107.44086021505376
107.44086021505376
107.44086021505376
107.44086021505376
0.0
112.79569892473118
110.23655913978494
107.44086021505376
107.44086021505376
0.0
116.3225806451613
116.3225806451613
116.3225806451613
116.3225806451613
0.0
116.3225806451613
116.3225806451613
116.3225806451613
116.3225806451613
0.0
116.3225806451613
116.3225806451613
116.3225806451613
116.3225806451613
0.0
116.3225806451613
116.3225806451613
116.3225806451613
116.3225806451613
0.0
116.3225806451613
116.3225806451613
116.3225806451613
116.3225806451613
0.0
116.3225806451613
116.3225806451613
116.3225806451613
116.3225806451613
0.0
116.3225806451613
116.3225806451613
116.3225806451613
116.3225806451613
0.0
116.3225806451613
116.3225806451613
116.3225806451613
116.3225806451613
0.0
116.3225806451613
116.3225806451613
116.3225806451613
116.3225806451613
0.0
116.3225806451613
116.3225806451613
116.3225806451613
116.3225806451613
0.0
116.3225806451613
116.3225806451613
116.3225806451613
116.3225806451613
0.0
0.0
0.0
0.0
0.0
0.0
0.0
0.0
0.0
0.0
