115.58064516129032
109.50537634408603
109.50537634408603
109.50537634408603
109.50537634408603
115.58064516129032
109.50537634408603
109.50537634408603
109.50537634408603
109.50537634408603
109.50537634408603
115.58064516129032
109.50537634408603
109.50537634408603
109.50537634408603
109.50537634408603
109.50537634408603
115.58064516129032
109.50537634408603
109.50537634408603
109.50537634408603
109.50537634408603
109.50537634408603
115.58064516129032
109.50537634408603
109.50537634408603
109.50537634408603
109.50537634408603
109.50537634408603
115.58064516129032
109.50537634408603
109.50537634408603
109.50537634408603
109.50537634408603
109.50537634408603
115.58064516129032
109.50537634408603
109.50537634408603
109.50537634408603
109.50537634408603
109.50537634408603
115.58064516129032
109.50537634408603
109.50537634408603
109.50537634408603
109.50537634408603
109.50537634408603
115.58064516129032
109.50537634408603
109.50537634408603
109.50537634408603
109.50537634408603
109.50537634408603
115.58064516129032
113.3763440860215
113.3763440860215
113.3763440860215
113.3763440860215
113.3763440860215
115.58064516129032
109.50537634408603
115.58064516129032
109.50537634408603
109.50537634408603
109.50537634408603
109.50537634408603
109.50537634408603
115.58064516129032
109.50537634408603
115.58064516129032
109.50537634408603
115.58064516129032
109.50537634408603
109.50537634408603
109.50537634408603
109.50537634408603
109.50537634408603
115.58064516129032
109.50537634408603
109.50537634408603
109.50537634408603
109.50537634408603
109.50537634408603
115.58064516129032
109.50537634408603
109.50537634408603
109.50537634408603
109.50537634408603
109.50537634408603
115.58064516129032
109.50537634408603
109.50537634408603
109.50537634408603
109.50537634408603
109.50537634408603
115.58064516129032
113.3763440860215
113.3763440860215
113.3763440860215
113.3763440860215
113.3763440860215
115.58064516129032
113.3763440860215
113.3763440860215
113.3763440860215
113.3763440860215
113.3763440860215
115.58064516129032
113.3763440860215
113.3763440860215
113.3763440860215
113.3763440860215
113.3763440860215
115.58064516129032
113.3763440860215
113.3763440860215
113.3763440860215
113.3763440860215
113.3763440860215
115.58064516129032
113.3763440860215
113.3763440860215
109.24731182795699
109.24731182795699
115.58064516129032
113.3763440860215
113.3763440860215
113.3763440860215
113.3763440860215
115.58064516129032
113.3763440860215
113.3763440860215
113.3763440860215
113.3763440860215
115.58064516129032
113.3763440860215
113.3763440860215
113.3763440860215
113.3763440860215
113.3763440860215
115.58064516129032
113.3763440860215
113.3763440860215
113.3763440860215
113.3763440860215
113.3763440860215
115.58064516129032
113.3763440860215
113.3763440860215
113.3763440860215
113.3763440860215
113.3763440860215
115.58064516129032
113.3763440860215
113.3763440860215
113.3763440860215
113.3763440860215
113.3763440860215
115.58064516129032
113.3763440860215
113.3763440860215
113.3763440860215
113.3763440860215
113.3763440860215
115.58064516129032
113.3763440860215
113.3763440860215
113.3763440860215
113.3763440860215
113.3763440860215
115.58064516129032
115.58064516129032
107.6774193548387
107.6774193548387
107.6774193548387
107.6774193548387
115.58064516129032
113.3763440860215
113.3763440860215
107.0752688172043
107.0752688172043
107.0752688172043
115.58064516129032
113.3763440860215
113.3763440860215
107.0752688172043
117.0
107.0752688172043
115.58064516129032
115.58064516129032
113.3763440860215
115.58064516129032
115.58064516129032
109.50537634408603
101.22043010752688
117.0
101.22043010752688
117.0
115.58064516129032
109.50537634408603
115.58064516129032
115.58064516129032
109.50537634408603
115.58064516129032
109.50537634408603
115.58064516129032
109.50537634408603
101.22043010752688
117.0
101.22043010752688
117.0
115.58064516129032
109.50537634408603
101.22043010752688
115.58064516129032
109.50537634408603
101.22043010752688
0.0
109.50537634408603
0.0
109.50537634408603
101.22043010752688
0.0
109.50537634408603
0.0
109.50537634408603
101.22043010752688
117.0
0.0
109.50537634408603
101.22043010752688
117.0
0.0
109.50537634408603
101.22043010752688
0.0
109.50537634408603
0.0
109.50537634408603
0.0
109.50537634408603
101.22043010752688
0.0
115.58064516129032
115.58064516129032
0.0
115.58064516129032
115.58064516129032
0.0
115.58064516129032
115.58064516129032
115.58064516129032
115.58064516129032
115.58064516129032
0.0
0.0
115.58064516129032
115.58064516129032
115.58064516129032
115.58064516129032
115.58064516129032
0.0
115.58064516129032
115.58064516129032
115.58064516129032
115.58064516129032
115.58064516129032
0.0
115.58064516129032
115.58064516129032
115.58064516129032
115.58064516129032
115.58064516129032
0.0
115.58064516129032
115.58064516129032
115.58064516129032
115.58064516129032
115.58064516129032
0.0
115.58064516129032
0.0
0.0
0.0
115.58064516129032
115.58064516129032
115.58064516129032
115.58064516129032
115.58064516129032
0.0
115.58064516129032
0.0
0.0
0.0
0.0
0.0
0.0
0.0
0.0
0.0
115.58064516129032
0.0
0.0
101.59677419354838
0.0
101.59677419354838
0.0
101.59677419354838
0.0
101.59677419354838
114.41935483870968
101.59677419354838
101.59677419354838
110.36559139784947
0.0
101.59677419354838
114.41935483870968
101.59677419354838
101.59677419354838
110.36559139784947
0.0
101.59677419354838
114.41935483870968
101.59677419354838
101.59677419354838
110.36559139784947
0.0
101.59677419354838
114.41935483870968
101.59677419354838
101.59677419354838
110.36559139784947
0.0
101.59677419354838
114.41935483870968
101.59677419354838
101.59677419354838
0.0
101.59677419354838
114.41935483870968
101.59677419354838
101.59677419354838
110.36559139784947
0.0
101.59677419354838
114.41935483870968
101.59677419354838
101.59677419354838
110.36559139784947
0.0
101.59677419354838
114.41935483870968
101.59677419354838
101.59677419354838
0.0
101.59677419354838
114.41935483870968
101.59677419354838
101.59677419354838
110.36559139784947
0.0
101.59677419354838
0.0
101.59677419354838
114.41935483870968
101.59677419354838
101.59677419354838
0.0
101.59677419354838
114.41935483870968
101.59677419354838
101.59677419354838
110.36559139784947
0.0
101.59677419354838
114.41935483870968
101.59677419354838
114.41935483870968
101.59677419354838
0.0
101.59677419354838
114.41935483870968
101.59677419354838
110.36559139784947
101.75806451612902
0.0
101.59677419354838
114.41935483870968
107.97849462365592
117.0
107.97849462365592
0.0
101.59677419354838
114.41935483870968
107.97849462365592
117.0
107.97849462365592
0.0
101.59677419354838
114.41935483870968
107.97849462365592
117.0
107.97849462365592
0.0
101.59677419354838
114.41935483870968
107.97849462365592
117.0
107.97849462365592
0.0
101.59677419354838
110.36559139784947
103.76344086021506
116.2258064516129
103.76344086021506
0.0
101.59677419354838
114.41935483870968
107.97849462365592
117.0
113.33333333333333
0.0
101.59677419354838
110.36559139784947
103.76344086021506
117.0
103.76344086021506
0.0
101.59677419354838
110.36559139784947
103.76344086021506
117.0
103.76344086021506
0.0
101.59677419354838
110.36559139784947
103.76344086021506
117.0
103.76344086021506
0.0
101.59677419354838
110.36559139784947
103.76344086021506
117.0
103.76344086021506
0.0
101.59677419354838
110.36559139784947
103.76344086021506
117.0
103.76344086021506
0.0
101.59677419354838
110.36559139784947
103.76344086021506
117.0
103.76344086021506
0.0
101.59677419354838
112.38709677419355
107.03225806451613
112.38709677419355
107.03225806451613
0.0
101.59677419354838
112.38709677419355
107.03225806451613
112.38709677419355
107.03225806451613
0.0
101.59677419354838
112.38709677419355
107.03225806451613
112.38709677419355
107.03225806451613
0.0
101.59677419354838
112.38709677419355
107.03225806451613
112.38709677419355
107.03225806451613
0.0
101.59677419354838
112.38709677419355
107.03225806451613
112.38709677419355
107.03225806451613
0.0
101.59677419354838
112.38709677419355
107.03225806451613
112.38709677419355
107.03225806451613
0.0
101.59677419354838
112.38709677419355
107.03225806451613
112.38709677419355
107.03225806451613
0.0
101.59677419354838
112.38709677419355
107.03225806451613
112.38709677419355
107.03225806451613
0.0
101.59677419354838
112.38709677419355
107.03225806451613
112.38709677419355
107.03225806451613
0.0
101.59677419354838
112.38709677419355
107.03225806451613
112.38709677419355
107.03225806451613
0.0
101.59677419354838
112.38709677419355
107.03225806451613
112.38709677419355
107.03225806451613
0.0
101.59677419354838
112.38709677419355
107.03225806451613
112.38709677419355
107.03225806451613
0.0
101.59677419354838
112.38709677419355
107.03225806451613
112.38709677419355
0.0
0.0
0.0
101.59677419354838
112.38709677419355
107.03225806451613
112.38709677419355
0.0
101.59677419354838
112.38709677419355
107.03225806451613
112.38709677419355
0.0
112.3010752688172
109.24731182795699
101.59677419354838
117.0
0.0
115.58064516129032
115.58064516129032
115.58064516129032
115.58064516129032
0.0
115.58064516129032
115.58064516129032
115.58064516129032
115.58064516129032
0.0
115.58064516129032
115.58064516129032
115.58064516129032
115.58064516129032
0.0
115.58064516129032
115.58064516129032
115.58064516129032
115.58064516129032
0.0
115.58064516129032
115.58064516129032
115.58064516129032
115.58064516129032
0.0
115.58064516129032
115.58064516129032
115.58064516129032
115.58064516129032
0.0
115.58064516129032
115.58064516129032
115.58064516129032
115.58064516129032
0.0
115.58064516129032
115.58064516129032
115.58064516129032
115.58064516129032
0.0
115.58064516129032
115.58064516129032
115.58064516129032
115.58064516129032
0.0
115.58064516129032
115.58064516129032
115.58064516129032
115.58064516129032
0.0
115.58064516129032
115.58064516129032
115.58064516129032
115.58064516129032
0.0
0.0
107.6774193548387
0.0
0.0
0.0
115.58064516129032
115.58064516129032
115.58064516129032
115.58064516129032
0.0
107.6774193548387
