114.58064516129032
114.58064516129032
114.58064516129032
114.58064516129032
114.58064516129032
0.0
0.0
0.0
0.0
0.0
0.0
0.0
0.0
0.0
0.0
0.0
0.0
0.0
0.0
0.0
0.0
0.0
0.0
0.0
0.0
0.0
0.0
0.0
0.0
0.0
0.0
0.0
0.0
0.0
0.0
0.0
0.0
0.0
0.0
0.0
0.0
0.0
0.0
0.0
0.0
0.0
0.0
0.0
0.0
0.0
0.0
0.0
0.0
0.0
0.0
0.0
0.0
0.0
0.0
0.0
0.0
0.0
0.0
0.0
0.0
0.0
0.0
0.0
0.0
0.0
0.0
0.0
0.0
0.0
0.0
0.0
0.0
0.0
0.0
0.0
0.0
0.0
0.0
0.0
0.0
0.0
0.0
0.0
0.0
0.0
0.0
0.0
0.0
0.0
0.0
0.0
0.0
0.0
0.0
0.0
0.0
0.0
0.0
0.0
0.0
0.0
0.0
0.0
0.0
0.0
0.0
0.0
0.0
0.0
0.0
0.0
117.0
117.0
117.0
117.0
114.58064516129032
114.58064516129032
114.58064516129032
114.58064516129032
114.58064516129032
114.58064516129032
114.58064516129032
114.58064516129032
114.58064516129032
114.58064516129032
0.0
0.0
0.0
0.0
0.0
0.0
0.0
0.0
0.0
0.0
0.0
0.0
0.0
0.0
0.0
0.0
0.0
0.0
0.0
0.0
0.0
0.0
0.0
0.0
0.0
0.0
0.0
0.0
0.0
0.0
0.0
0.0
0.0
0.0
0.0
0.0
0.0
0.0
0.0
0.0
117.0
103.50537634408602
0.0
0.0
0.0
117.0
110.6236559139785
105.91397849462366
0.0
0.0
0.0
117.0
113.20430107526882
113.20430107526882
0.0
0.0
0.0
0.0
117.0
112.12903225806451
0.0
116.2258064516129
91.56774193548387
0.0
0.0
0.0
0.0
0.0
117.0
112.12903225806451
0.0
116.2258064516129
91.56774193548387
0.0
117.0
0.0
117.0
0.0
0.0
117.0
0.0
0.0
117.0
112.12903225806451
0.0
117.0
112.12903225806451
0.0
117.0
0.0
0.0
0.0
117.0
0.0
100.25268817204301
100.25268817204301
0.0
100.25268817204301
100.25268817204301
0.0
100.25268817204301
100.25268817204301
100.25268817204301
100.25268817204301
100.25268817204301
0.0
0.0
100.25268817204301
100.25268817204301
100.25268817204301
100.25268817204301
100.25268817204301
0.0
95.15913978494623
95.15913978494623
95.15913978494623
95.15913978494623
95.15913978494623
0.0
95.15913978494623
95.15913978494623
95.15913978494623
95.15913978494623
95.15913978494623
0.0
95.15913978494623
95.15913978494623
95.15913978494623
95.15913978494623
95.15913978494623
0.0
0.0
0.0
0.0
95.15913978494623
95.15913978494623
95.15913978494623
95.15913978494623
95.15913978494623
0.0
0.0
0.0
0.0
0.0
0.0
0.0
0.0
0.0
0.0
0.0
0.0
0.0
0.0
0.0
117.0
100.5752688172043
117.0
100.5752688172043
116.41935483870968
0.0
117.0
100.5752688172043
117.0
100.5752688172043
116.41935483870968
0.0
117.0
100.5752688172043
117.0
100.5752688172043
0.0
117.0
100.5752688172043
117.0
100.5752688172043
116.41935483870968
0.0
117.0
100.5752688172043
117.0
0.0
117.0
100.5752688172043
117.0
100.5752688172043
0.0
117.0
100.5752688172043
117.0
100.5752688172043
0.0
117.0
100.5752688172043
117.0
0.0
117.0
100.5752688172043
117.0
100.5752688172043
116.41935483870968
0.0
0.0
117.0
100.5752688172043
117.0
0.0
117.0
100.5752688172043
117.0
100.5752688172043
116.41935483870968
0.0
0.0
117.0
103.50537634408602
117.0
112.12903225806451
0.0
0.0
117.0
101.86559139784946
117.0
101.86559139784946
0.0
0.0
117.0
114.74193548387096
101.86559139784946
117.0
0.0
0.0
117.0
116.03225806451613
100.25268817204301
117.0
0.0
0.0
117.0
101.86559139784946
117.0
101.86559139784946
0.0
0.0
0.0
117.0
112.25806451612902
95.15913978494623
0.0
0.0
0.0
117.0
108.21505376344086
108.21505376344086
0.0
0.0
0.0
117.0
108.21505376344086
108.21505376344086
0.0
0.0
0.0
117.0
113.20430107526882
100.25268817204301
0.0
0.0
0.0
117.0
112.12903225806451
112.12903225806451
0.0
0.0
0.0
117.0
112.12903225806451
112.12903225806451
0.0
0.0
0.0
117.0
110.6236559139785
110.6236559139785
0.0
0.0
0.0
117.0
113.20430107526882
100.25268817204301
0.0
0.0
0.0
117.0
116.03225806451613
100.25268817204301
0.0
0.0
0.0
117.0
108.21505376344086
108.21505376344086
0.0
0.0
0.0
0.0
117.0
108.21505376344086
0.0
0.0
0.0
0.0
113.46236559139786
108.21505376344086
0.0
0.0
0.0
0.0
117.0
117.0
0.0
0.0
0.0
0.0
117.0
117.0
0.0
0.0
0.0
0.0
117.0
108.21505376344086
0.0
0.0
0.0
0.0
0.0
0.0
0.0
0.0
0.0
0.0
117.0
117.0
0.0
0.0
0.0
0.0
117.0
117.0
0.0
0.0
0.0
0.0
117.0
117.0
0.0
0.0
0.0
0.0
117.0
117.0
0.0
0.0
0.0
0.0
117.0
117.0
0.0
117.0
117.0
116.41935483870968
116.41935483870968
0.0
0.0
0.0
114.58064516129032
114.58064516129032
114.58064516129032
107.01075268817205
0.0
114.58064516129032
114.58064516129032
107.01075268817205
107.01075268817205
0.0
107.44086021505376
117.0
107.44086021505376
107.44086021505376
0.0
114.58064516129032
114.58064516129032
114.58064516129032
114.58064516129032
0.0
114.58064516129032
114.58064516129032
114.58064516129032
114.58064516129032
0.0
114.58064516129032
114.58064516129032
114.58064516129032
114.58064516129032
0.0
114.58064516129032
114.58064516129032
114.58064516129032
114.58064516129032
0.0
114.58064516129032
114.58064516129032
114.58064516129032
114.58064516129032
0.0
114.58064516129032
114.58064516129032
114.58064516129032
114.58064516129032
0.0
114.58064516129032
114.58064516129032
114.58064516129032
114.58064516129032
0.0
114.58064516129032
114.58064516129032
114.58064516129032
114.58064516129032
0.0
114.58064516129032
114.58064516129032
114.58064516129032
114.58064516129032
0.0
114.58064516129032
114.58064516129032
114.58064516129032
114.58064516129032
0.0
114.58064516129032
114.58064516129032
114.58064516129032
114.58064516129032
0.0
0.0
0.0
0.0
0.0
114.58064516129032
114.58064516129032
114.58064516129032
114.58064516129032
0.0
