116.3225806451613
108.34408602150538
108.34408602150538
108.34408602150538
108.34408602150538
0.0
117.0
117.0
117.0
117.0
117.0
0.0
117.0
117.0
117.0
117.0
117.0
0.0
117.0
117.0
117.0
117.0
117.0
0.0
117.0
117.0
117.0
117.0
117.0
0.0
117.0
117.0
117.0
117.0
117.0
0.0
117.0
117.0
117.0
117.0
117.0
0.0
117.0
117.0
117.0
117.0
117.0
0.0
117.0
117.0
117.0
117.0
117.0
0.0
117.0
117.0
117.0
117.0
117.0
0.0
0.0
117.0
117.0
117.0
117.0
117.0
0.0
0.0
0.0
117.0
117.0
117.0
117.0
0.0
117.0
117.0
117.0
117.0
117.0
0.0
117.0
117.0
117.0
117.0
117.0
0.0
117.0
117.0
117.0
117.0
117.0
0.0
117.0
117.0
117.0
117.0
117.0
0.0
117.0
117.0
117.0
117.0
117.0
0.0
117.0
117.0
117.0
117.0
117.0
0.0
117.0
117.0
117.0
117.0
117.0
116.3225806451613
113.87096774193549
112.19354838709677
112.19354838709677
112.19354838709677
116.3225806451613
113.87096774193549
112.19354838709677
112.19354838709677
112.19354838709677
116.3225806451613
113.87096774193549
112.19354838709677
112.19354838709677
112.19354838709677
0.0
117.0
117.0
117.0
117.0
117.0
0.0
117.0
117.0
117.0
117.0
117.0
0.0
117.0
117.0
117.0
117.0
117.0
0.0
117.0
117.0
117.0
117.0
117.0
0.0
115.38709677419355
115.38709677419355
115.38709677419355
115.38709677419355
115.38709677419355
0.0
117.0
117.0
117.0
117.0
117.0
0.0
112.12903225806451
112.12903225806451
112.12903225806451
112.12903225806451
112.12903225806451
0.0
117.0
117.0
111.13978494623656
106.21505376344086
117.0
0.0
112.7741935483871
107.41935483870968
117.0
107.41935483870968
117.0
0.0
0.0
0.0
0.0
116.2258064516129
112.12903225806451
0.0
117.0
103.50537634408602
0.0
0.0
0.0
0.0
0.0
116.2258064516129
112.12903225806451
0.0
117.0
103.50537634408602
0.0
116.2258064516129
0.0
116.2258064516129
0.0
0.0
116.2258064516129
0.0
0.0
116.2258064516129
112.12903225806451
0.0
116.2258064516129
112.12903225806451
0.0
116.2258064516129
0.0
0.0
0.0
116.2258064516129
112.12903225806451
0.0
91.56774193548387
91.56774193548387
0.0
91.56774193548387
91.56774193548387
0.0
91.56774193548387
91.56774193548387
91.56774193548387
91.56774193548387
91.56774193548387
0.0
0.0
91.56774193548387
91.56774193548387
91.56774193548387
91.56774193548387
91.56774193548387
0.0
101.86559139784946
101.86559139784946
101.86559139784946
101.86559139784946
101.86559139784946
0.0
101.86559139784946
101.86559139784946
101.86559139784946
101.86559139784946
101.86559139784946
0.0
101.86559139784946
101.86559139784946
101.86559139784946
101.86559139784946
101.86559139784946
0.0
0.0
0.0
0.0
101.86559139784946
101.86559139784946
101.86559139784946
101.86559139784946
101.86559139784946
0.0
0.0
0.0
0.0
0.0
0.0
0.0
0.0
0.0
0.0
0.0
0.0
0.0
0.0
0.0
117.0
117.0
107.24731182795699
117.0
108.21505376344086
0.0
117.0
117.0
107.24731182795699
117.0
108.21505376344086
0.0
117.0
117.0
107.24731182795699
117.0
108.21505376344086
0.0
117.0
117.0
107.24731182795699
117.0
108.21505376344086
0.0
117.0
117.0
107.24731182795699
0.0
117.0
117.0
107.24731182795699
117.0
0.0
117.0
117.0
107.24731182795699
117.0
0.0
117.0
117.0
107.24731182795699
0.0
117.0
117.0
107.24731182795699
117.0
108.21505376344086
0.0
0.0
117.0
117.0
107.24731182795699
0.0
117.0
117.0
107.24731182795699
117.0
108.21505376344086
0.0
117.0
117.0
107.24731182795699
117.0
117.0
0.0
117.0
117.0
116.41935483870968
108.21505376344086
108.21505376344086
0.0
117.0
117.0
113.72043010752688
106.21505376344086
117.0
0.0
117.0
117.0
113.72043010752688
106.21505376344086
117.0
0.0
117.0
117.0
113.72043010752688
106.21505376344086
117.0
0.0
117.0
117.0
113.72043010752688
106.21505376344086
117.0
0.0
117.0
117.0
113.72043010752688
106.21505376344086
117.0
0.0
117.0
117.0
115.12903225806451
110.79569892473118
110.79569892473118
0.0
117.0
117.0
115.12903225806451
110.79569892473118
110.79569892473118
0.0
117.0
117.0
115.12903225806451
110.79569892473118
110.79569892473118
0.0
117.0
117.0
115.12903225806451
110.79569892473118
110.79569892473118
0.0
117.0
117.0
115.12903225806451
110.79569892473118
110.79569892473118
0.0
117.0
117.0
115.12903225806451
110.79569892473118
110.79569892473118
0.0
117.0
117.0
115.12903225806451
110.79569892473118
110.79569892473118
0.0
117.0
117.0
115.12903225806451
110.79569892473118
110.79569892473118
0.0
117.0
117.0
115.12903225806451
110.79569892473118
110.79569892473118
0.0
117.0
117.0
115.12903225806451
110.79569892473118
110.79569892473118
0.0
117.0
117.0
115.12903225806451
110.79569892473118
110.79569892473118
0.0
117.0
117.0
115.12903225806451
110.79569892473118
110.79569892473118
0.0
117.0
117.0
115.12903225806451
110.79569892473118
110.79569892473118
0.0
117.0
117.0
115.12903225806451
110.79569892473118
110.79569892473118
0.0
117.0
117.0
115.12903225806451
110.79569892473118
110.79569892473118
0.0
117.0
117.0
115.12903225806451
110.79569892473118
110.79569892473118
0.0
117.0
117.0
115.12903225806451
110.79569892473118
110.79569892473118
0.0
117.0
117.0
115.12903225806451
110.79569892473118
110.79569892473118
0.0
117.0
117.0
115.12903225806451
110.79569892473118
110.79569892473118
0.0
107.44086021505376
107.44086021505376
107.44086021505376
107.44086021505376
0.0
0.0
0.0
107.44086021505376
107.44086021505376
107.44086021505376
107.44086021505376
0.0
107.44086021505376
107.44086021505376
107.44086021505376
107.44086021505376
0.0
112.79569892473118
110.23655913978494
107.44086021505376
107.44086021505376
0.0
116.3225806451613
116.3225806451613
116.3225806451613
116.3225806451613
0.0
116.3225806451613
116.3225806451613
116.3225806451613
116.3225806451613
0.0
116.3225806451613
116.3225806451613
116.3225806451613
116.3225806451613
0.0
116.3225806451613
116.3225806451613
116.3225806451613
116.3225806451613
0.0
116.3225806451613
116.3225806451613
116.3225806451613
116.3225806451613
0.0
116.3225806451613
116.3225806451613
116.3225806451613
116.3225806451613
0.0
116.3225806451613
116.3225806451613
116.3225806451613
116.3225806451613
0.0
116.3225806451613
116.3225806451613
116.3225806451613
116.3225806451613
0.0
116.3225806451613
116.3225806451613
116.3225806451613
116.3225806451613
0.0
116.3225806451613
116.3225806451613
116.3225806451613
116.3225806451613
0.0
116.3225806451613
116.3225806451613
116.3225806451613
116.3225806451613
0.0
0.0
104.96774193548387
0.0
0.0
0.0
116.3225806451613
116.3225806451613
116.3225806451613
116.3225806451613
0.0
