115.58064516129032
109.50537634408603
109.50537634408603
109.50537634408603
109.50537634408603
115.58064516129032
109.50537634408603
109.50537634408603
109.50537634408603
109.50537634408603
109.50537634408603
115.58064516129032
108.21505376344086
108.21505376344086
108.21505376344086
108.21505376344086
108.21505376344086
115.58064516129032
108.21505376344086
108.21505376344086
108.21505376344086
108.21505376344086
108.21505376344086
115.58064516129032
108.21505376344086
108.21505376344086
108.21505376344086
108.21505376344086
108.21505376344086
115.58064516129032
109.50537634408603
109.50537634408603
109.50537634408603
109.50537634408603
109.50537634408603
115.58064516129032
109.50537634408603
109.50537634408603
109.50537634408603
109.50537634408603
109.50537634408603
115.58064516129032
109.50537634408603
109.50537634408603
109.50537634408603
109.50537634408603
109.50537634408603
115.58064516129032
109.50537634408603
109.50537634408603
109.50537634408603
109.50537634408603
109.50537634408603
115.58064516129032
113.3763440860215
113.3763440860215
113.3763440860215
113.3763440860215
113.3763440860215
115.58064516129032
115.58064516129032
109.50537634408603
109.50537634408603
109.50537634408603
109.50537634408603
109.50537634408603
115.58064516129032
115.58064516129032
115.58064516129032
109.50537634408603
109.50537634408603
109.50537634408603
109.50537634408603
109.50537634408603
115.58064516129032
109.50537634408603
109.50537634408603
109.50537634408603
109.50537634408603
109.50537634408603
115.58064516129032
109.50537634408603
109.50537634408603
109.50537634408603
109.50537634408603
109.50537634408603
115.58064516129032
109.50537634408603
109.50537634408603
109.50537634408603
109.50537634408603
109.50537634408603
115.58064516129032
108.21505376344086
108.21505376344086
108.21505376344086
108.21505376344086
108.21505376344086
115.58064516129032
108.21505376344086
108.21505376344086
108.21505376344086
108.21505376344086
108.21505376344086
115.58064516129032
108.21505376344086
108.21505376344086
108.21505376344086
108.21505376344086
108.21505376344086
115.58064516129032
108.21505376344086
108.21505376344086
108.21505376344086
108.21505376344086
108.21505376344086
115.58064516129032
108.21505376344086
108.21505376344086
108.21505376344086
108.21505376344086
115.58064516129032
108.21505376344086
108.21505376344086
108.21505376344086
108.21505376344086
115.58064516129032
108.21505376344086
108.21505376344086
108.21505376344086
108.21505376344086
115.58064516129032
108.21505376344086
108.21505376344086
108.21505376344086
108.21505376344086
108.21505376344086
115.58064516129032
113.3763440860215
113.3763440860215
113.3763440860215
113.3763440860215
113.3763440860215
115.58064516129032
113.3763440860215
113.3763440860215
113.3763440860215
113.3763440860215
113.3763440860215
115.58064516129032
113.3763440860215
113.3763440860215
113.3763440860215
113.3763440860215
113.3763440860215
115.58064516129032
113.3763440860215
113.3763440860215
113.3763440860215
113.3763440860215
113.3763440860215
115.58064516129032
108.21505376344086
108.21505376344086
108.21505376344086
108.21505376344086
108.21505376344086
115.58064516129032
115.58064516129032
107.6774193548387
101.22043010752688
101.22043010752688
113.97849462365592
115.58064516129032
108.21505376344086
101.75806451612902
110.6236559139785
101.91935483870968
117.0
115.58064516129032
108.21505376344086
101.75806451612902
117.0
117.0
115.3225806451613
115.58064516129032
115.58064516129032
115.58064516129032
115.58064516129032
109.50537634408603
101.75806451612902
117.0
101.75806451612902
117.0
115.58064516129032
115.58064516129032
115.58064516129032
115.58064516129032
115.58064516129032
109.50537634408603
101.75806451612902
117.0
101.75806451612902
117.0
115.58064516129032
109.50537634408603
115.58064516129032
109.50537634408603
0.0
0.0
109.50537634408603
0.0
0.0
109.50537634408603
101.75806451612902
0.0
109.50537634408603
101.75806451612902
0.0
109.50537634408603
0.0
0.0
0.0
109.50537634408603
101.75806451612902
0.0
115.58064516129032
115.58064516129032
0.0
115.58064516129032
115.58064516129032
0.0
115.58064516129032
115.58064516129032
115.58064516129032
115.58064516129032
115.58064516129032
0.0
0.0
115.58064516129032
115.58064516129032
115.58064516129032
115.58064516129032
115.58064516129032
0.0
115.58064516129032
115.58064516129032
115.58064516129032
115.58064516129032
115.58064516129032
0.0
115.58064516129032
115.58064516129032
115.58064516129032
115.58064516129032
115.58064516129032
0.0
115.58064516129032
115.58064516129032
115.58064516129032
115.58064516129032
115.58064516129032
0.0
0.0
0.0
0.0
115.58064516129032
115.58064516129032
115.58064516129032
115.58064516129032
115.58064516129032
0.0
0.0
0.0
0.0
0.0
0.0
0.0
0.0
0.0
0.0
0.0
0.0
0.0
0.0
0.0
101.59677419354838
107.97849462365592
117.0
107.97849462365592
117.0
0.0
101.59677419354838
107.97849462365592
117.0
107.97849462365592
117.0
0.0
101.59677419354838
107.97849462365592
117.0
107.97849462365592
117.0
0.0
101.59677419354838
107.97849462365592
117.0
107.97849462365592
117.0
0.0
101.59677419354838
107.97849462365592
117.0
0.0
101.59677419354838
107.97849462365592
117.0
107.97849462365592
117.0
0.0
101.59677419354838
107.97849462365592
117.0
107.97849462365592
0.0
101.59677419354838
107.97849462365592
117.0
0.0
101.59677419354838
107.97849462365592
117.0
107.97849462365592
117.0
0.0
0.0
101.59677419354838
107.97849462365592
117.0
0.0
101.59677419354838
107.97849462365592
117.0
107.97849462365592
117.0
0.0
101.59677419354838
107.97849462365592
117.0
107.97849462365592
117.0
0.0
101.59677419354838
107.97849462365592
117.0
107.97849462365592
117.0
0.0
101.59677419354838
107.97849462365592
117.0
107.97849462365592
117.0
0.0
101.59677419354838
107.97849462365592
117.0
106.08602150537634
117.0
0.0
101.59677419354838
107.97849462365592
116.2258064516129
103.76344086021506
117.0
0.0
101.59677419354838
107.97849462365592
117.0
107.97849462365592
117.0
0.0
101.59677419354838
107.97849462365592
117.0
107.97849462365592
117.0
0.0
101.59677419354838
107.97849462365592
117.0
107.97849462365592
117.0
0.0
101.59677419354838
107.97849462365592
117.0
107.97849462365592
117.0
0.0
101.59677419354838
107.97849462365592
117.0
107.97849462365592
117.0
0.0
101.59677419354838
107.97849462365592
117.0
107.97849462365592
117.0
0.0
101.59677419354838
107.97849462365592
117.0
107.97849462365592
117.0
0.0
101.59677419354838
103.76344086021506
117.0
103.76344086021506
117.0
0.0
101.59677419354838
101.75806451612902
115.38709677419355
111.13978494623656
106.21505376344086
0.0
101.59677419354838
104.02150537634408
117.0
116.80645161290323
112.51612903225806
0.0
101.59677419354838
104.02150537634408
117.0
116.80645161290323
112.51612903225806
0.0
101.59677419354838
112.38709677419355
107.03225806451613
112.38709677419355
107.03225806451613
0.0
101.59677419354838
112.38709677419355
107.03225806451613
104.02150537634408
117.0
0.0
101.59677419354838
112.38709677419355
107.03225806451613
104.02150537634408
117.0
0.0
101.59677419354838
112.38709677419355
107.03225806451613
104.02150537634408
117.0
0.0
101.59677419354838
112.38709677419355
107.03225806451613
112.38709677419355
107.03225806451613
0.0
101.59677419354838
112.38709677419355
107.03225806451613
104.02150537634408
117.0
0.0
101.59677419354838
112.38709677419355
107.03225806451613
104.02150537634408
117.0
0.0
101.59677419354838
112.38709677419355
107.03225806451613
104.02150537634408
117.0
0.0
101.59677419354838
112.38709677419355
107.03225806451613
104.02150537634408
117.0
0.0
101.59677419354838
112.38709677419355
107.03225806451613
104.02150537634408
117.0
0.0
101.59677419354838
112.38709677419355
107.03225806451613
112.38709677419355
0.0
0.0
0.0
101.59677419354838
112.38709677419355
107.03225806451613
112.38709677419355
0.0
101.59677419354838
112.38709677419355
107.03225806451613
112.38709677419355
0.0
112.3010752688172
109.24731182795699
101.59677419354838
117.0
0.0
115.58064516129032
115.58064516129032
115.58064516129032
115.58064516129032
0.0
115.58064516129032
115.58064516129032
115.58064516129032
115.58064516129032
0.0
115.58064516129032
115.58064516129032
115.58064516129032
115.58064516129032
0.0
115.58064516129032
115.58064516129032
115.58064516129032
115.58064516129032
0.0
115.58064516129032
115.58064516129032
115.58064516129032
115.58064516129032
0.0
115.58064516129032
115.58064516129032
115.58064516129032
115.58064516129032
0.0
115.58064516129032
115.58064516129032
115.58064516129032
115.58064516129032
0.0
115.58064516129032
115.58064516129032
115.58064516129032
115.58064516129032
0.0
115.58064516129032
115.58064516129032
115.58064516129032
115.58064516129032
0.0
115.58064516129032
115.58064516129032
115.58064516129032
115.58064516129032
0.0
115.58064516129032
115.58064516129032
115.58064516129032
115.58064516129032
0.0
0.0
107.6774193548387
0.0
0.0
0.0
115.58064516129032
115.58064516129032
115.58064516129032
115.58064516129032
0.0
