115.58064516129032
109.50537634408603
109.50537634408603
109.50537634408603
109.50537634408603
115.58064516129032
109.50537634408603
109.50537634408603
109.50537634408603
109.50537634408603
109.50537634408603
115.58064516129032
109.50537634408603
109.50537634408603
109.50537634408603
109.50537634408603
109.50537634408603
115.58064516129032
109.50537634408603
109.50537634408603
109.50537634408603
109.50537634408603
109.50537634408603
115.58064516129032
109.50537634408603
109.50537634408603
109.50537634408603
109.50537634408603
109.50537634408603
115.58064516129032
109.50537634408603
109.50537634408603
109.50537634408603
109.50537634408603
109.50537634408603
115.58064516129032
109.50537634408603
109.50537634408603
109.50537634408603
109.50537634408603
109.50537634408603
115.58064516129032
109.50537634408603
109.50537634408603
109.50537634408603
109.50537634408603
109.50537634408603
115.58064516129032
109.50537634408603
109.50537634408603
109.50537634408603
109.50537634408603
109.50537634408603
115.58064516129032
113.3763440860215
113.3763440860215
113.3763440860215
113.3763440860215
113.3763440860215
115.58064516129032
109.50537634408603
115.58064516129032
109.50537634408603
109.50537634408603
109.50537634408603
109.50537634408603
109.50537634408603
115.58064516129032
109.50537634408603
115.58064516129032
109.50537634408603
115.58064516129032
109.50537634408603
109.50537634408603
109.50537634408603
109.50537634408603
109.50537634408603
115.58064516129032
109.50537634408603
109.50537634408603
109.50537634408603
109.50537634408603
109.50537634408603
115.58064516129032
109.50537634408603
109.50537634408603
109.50537634408603
109.50537634408603
109.50537634408603
115.58064516129032
109.50537634408603
109.50537634408603
109.50537634408603
109.50537634408603
109.50537634408603
115.58064516129032
109.50537634408603
109.50537634408603
109.50537634408603
109.50537634408603
109.50537634408603
115.58064516129032
109.50537634408603
109.50537634408603
109.50537634408603
109.50537634408603
109.50537634408603
115.58064516129032
109.50537634408603
109.50537634408603
109.50537634408603
109.50537634408603
109.50537634408603
115.58064516129032
109.50537634408603
109.50537634408603
109.50537634408603
109.50537634408603
109.50537634408603
115.58064516129032
109.50537634408603
109.50537634408603
109.50537634408603
109.50537634408603
115.58064516129032
109.50537634408603
109.50537634408603
109.50537634408603
109.50537634408603
115.58064516129032
109.50537634408603
109.50537634408603
109.50537634408603
109.50537634408603
115.58064516129032
109.50537634408603
109.50537634408603
109.50537634408603
109.50537634408603
109.50537634408603
115.58064516129032
109.50537634408603
109.50537634408603
109.50537634408603
109.50537634408603
109.50537634408603
115.58064516129032
109.50537634408603
109.50537634408603
109.50537634408603
109.50537634408603
109.50537634408603
115.58064516129032
109.50537634408603
109.50537634408603
109.50537634408603
109.50537634408603
109.50537634408603
115.58064516129032
113.3763440860215
113.3763440860215
113.3763440860215
113.3763440860215
113.3763440860215
115.58064516129032
109.50537634408603
109.50537634408603
109.50537634408603
109.50537634408603
109.50537634408603
115.58064516129032
115.58064516129032
115.58064516129032
107.6774193548387
107.6774193548387
107.6774193548387
115.58064516129032
109.50537634408603
109.50537634408603
109.50537634408603
109.50537634408603
109.50537634408603
115.58064516129032
113.3763440860215
113.3763440860215
106.0
117.0
114.6774193548387
115.58064516129032
113.3763440860215
115.58064516129032
113.3763440860215
115.58064516129032
113.3763440860215
115.58064516129032
109.50537634408603
101.22043010752688
117.0
117.0
115.3225806451613
115.58064516129032
109.50537634408603
115.58064516129032
109.50537634408603
115.58064516129032
109.50537634408603
115.58064516129032
109.50537634408603
115.58064516129032
109.50537634408603
101.22043010752688
117.0
117.0
115.3225806451613
115.58064516129032
109.50537634408603
101.22043010752688
115.58064516129032
109.50537634408603
101.22043010752688
0.0
109.50537634408603
0.0
109.50537634408603
101.22043010752688
0.0
109.50537634408603
0.0
109.50537634408603
101.22043010752688
117.0
0.0
109.50537634408603
101.22043010752688
117.0
0.0
109.50537634408603
101.22043010752688
0.0
109.50537634408603
0.0
109.50537634408603
0.0
109.50537634408603
101.22043010752688
0.0
117.0
112.51612903225806
104.02150537634408
0.0
117.0
112.51612903225806
104.02150537634408
0.0
117.0
112.51612903225806
104.02150537634408
0.0
117.0
112.51612903225806
104.02150537634408
0.0
117.0
117.0
110.79569892473118
0.0
117.0
112.51612903225806
104.02150537634408
0.0
109.50537634408603
109.50537634408603
0.0
109.50537634408603
109.50537634408603
0.0
109.50537634408603
109.50537634408603
109.50537634408603
109.50537634408603
109.50537634408603
0.0
109.50537634408603
0.0
109.50537634408603
109.50537634408603
109.50537634408603
109.50537634408603
109.50537634408603
0.0
91.56774193548387
0.0
91.56774193548387
0.0
91.56774193548387
0.0
91.56774193548387
0.0
91.56774193548387
0.0
91.56774193548387
0.0
91.56774193548387
0.0
101.86559139784946
0.0
102.64516129032258
102.64516129032258
102.64516129032258
102.64516129032258
102.64516129032258
0.0
102.64516129032258
102.64516129032258
102.64516129032258
102.64516129032258
102.64516129032258
0.0
101.86559139784946
0.0
101.86559139784946
0.0
101.86559139784946
0.0
101.86559139784946
0.0
91.56774193548387
91.56774193548387
91.56774193548387
0.0
91.56774193548387
91.56774193548387
91.56774193548387
0.0
102.64516129032258
102.64516129032258
102.64516129032258
102.64516129032258
102.64516129032258
0.0
102.64516129032258
0.0
102.64516129032258
0.0
102.64516129032258
0.0
102.64516129032258
102.64516129032258
102.64516129032258
102.64516129032258
102.64516129032258
0.0
102.64516129032258
0.0
102.64516129032258
0.0
102.64516129032258
0.0
102.64516129032258
0.0
102.64516129032258
0.0
102.64516129032258
0.0
102.64516129032258
0.0
102.64516129032258
0.0
102.64516129032258
0.0
102.64516129032258
0.0
102.64516129032258
0.0
102.64516129032258
0.0
102.64516129032258
0.0
102.64516129032258
0.0
102.64516129032258
111.65591397849462
102.90322580645162
117.0
102.90322580645162
0.0
102.64516129032258
111.65591397849462
102.90322580645162
117.0
102.90322580645162
0.0
102.64516129032258
111.65591397849462
102.90322580645162
117.0
102.90322580645162
0.0
102.64516129032258
111.65591397849462
102.90322580645162
117.0
102.90322580645162
0.0
102.64516129032258
111.65591397849462
102.90322580645162
117.0
0.0
102.64516129032258
111.65591397849462
102.90322580645162
117.0
102.90322580645162
0.0
102.64516129032258
111.65591397849462
102.90322580645162
117.0
102.90322580645162
0.0
102.64516129032258
111.65591397849462
102.90322580645162
117.0
0.0
102.64516129032258
111.65591397849462
102.90322580645162
117.0
102.90322580645162
0.0
102.64516129032258
0.0
102.64516129032258
111.65591397849462
102.90322580645162
117.0
0.0
102.64516129032258
111.65591397849462
102.90322580645162
117.0
102.90322580645162
0.0
102.64516129032258
111.65591397849462
102.64516129032258
111.65591397849462
102.64516129032258
0.0
102.64516129032258
107.6774193548387
113.03225806451613
107.6774193548387
113.03225806451613
0.0
102.64516129032258
111.65591397849462
102.90322580645162
117.0
113.16129032258064
0.0
102.64516129032258
111.65591397849462
102.90322580645162
117.0
113.16129032258064
0.0
102.64516129032258
113.03225806451613
105.31182795698925
117.0
110.02150537634408
0.0
102.64516129032258
113.03225806451613
107.6774193548387
113.03225806451613
107.6774193548387
0.0
102.64516129032258
113.03225806451613
107.6774193548387
113.03225806451613
107.6774193548387
0.0
102.64516129032258
113.03225806451613
107.6774193548387
113.03225806451613
105.31182795698925
0.0
102.64516129032258
113.03225806451613
107.6774193548387
113.03225806451613
105.31182795698925
0.0
102.64516129032258
113.03225806451613
107.6774193548387
113.03225806451613
105.31182795698925
0.0
102.64516129032258
113.03225806451613
107.6774193548387
113.03225806451613
105.31182795698925
0.0
102.64516129032258
113.03225806451613
107.6774193548387
113.03225806451613
105.31182795698925
0.0
102.64516129032258
113.03225806451613
107.6774193548387
113.03225806451613
105.31182795698925
0.0
102.64516129032258
113.03225806451613
107.6774193548387
113.03225806451613
105.31182795698925
0.0
102.64516129032258
113.03225806451613
107.6774193548387
113.03225806451613
107.6774193548387
0.0
102.64516129032258
113.03225806451613
107.6774193548387
113.03225806451613
107.6774193548387
0.0
102.64516129032258
113.03225806451613
107.6774193548387
113.03225806451613
107.6774193548387
0.0
102.64516129032258
113.03225806451613
107.6774193548387
113.03225806451613
107.6774193548387
0.0
102.64516129032258
113.03225806451613
107.6774193548387
113.03225806451613
107.6774193548387
0.0
102.64516129032258
113.03225806451613
107.6774193548387
113.03225806451613
107.6774193548387
0.0
102.64516129032258
113.03225806451613
107.6774193548387
113.03225806451613
107.6774193548387
0.0
102.64516129032258
113.03225806451613
107.6774193548387
113.03225806451613
107.6774193548387
0.0
102.64516129032258
113.03225806451613
107.6774193548387
113.03225806451613
107.6774193548387
0.0
102.64516129032258
113.03225806451613
107.6774193548387
113.03225806451613
107.6774193548387
0.0
102.64516129032258
113.03225806451613
107.6774193548387
113.03225806451613
107.6774193548387
0.0
102.64516129032258
113.03225806451613
107.6774193548387
113.03225806451613
107.6774193548387
0.0
102.64516129032258
113.03225806451613
107.6774193548387
113.03225806451613
0.0
102.64516129032258
0.0
102.64516129032258
113.03225806451613
107.6774193548387
113.03225806451613
0.0
102.64516129032258
113.03225806451613
107.6774193548387
113.03225806451613
0.0
112.3010752688172
109.24731182795699
101.59677419354838
101.59677419354838
0.0
115.58064516129032
115.58064516129032
115.58064516129032
115.58064516129032
0.0
115.58064516129032
115.58064516129032
115.58064516129032
115.58064516129032
0.0
115.58064516129032
115.58064516129032
115.58064516129032
115.58064516129032
0.0
115.58064516129032
115.58064516129032
115.58064516129032
115.58064516129032
0.0
115.58064516129032
115.58064516129032
115.58064516129032
115.58064516129032
0.0
115.58064516129032
115.58064516129032
115.58064516129032
115.58064516129032
0.0
115.58064516129032
115.58064516129032
115.58064516129032
115.58064516129032
0.0
115.58064516129032
115.58064516129032
115.58064516129032
115.58064516129032
0.0
115.58064516129032
115.58064516129032
115.58064516129032
115.58064516129032
0.0
115.58064516129032
115.58064516129032
115.58064516129032
115.58064516129032
0.0
115.58064516129032
115.58064516129032
115.58064516129032
115.58064516129032
0.0
0.0
107.6774193548387
0.0
0.0
0.0
0.0
0.0
0.0
0.0
0.0
115.58064516129032
0.0
115.58064516129032
115.58064516129032
115.58064516129032
115.58064516129032
0.0
0.0
107.6774193548387
