115.48387096774194
109.3763440860215
109.3763440860215
109.3763440860215
109.3763440860215
0.0
117.0
117.0
117.0
117.0
117.0
0.0
117.0
117.0
117.0
117.0
117.0
0.0
117.0
117.0
117.0
117.0
117.0
0.0
117.0
117.0
117.0
117.0
117.0
0.0
117.0
117.0
117.0
117.0
117.0
0.0
117.0
117.0
117.0
117.0
117.0
0.0
117.0
117.0
117.0
117.0
117.0
0.0
117.0
117.0
117.0
117.0
117.0
0.0
117.0
117.0
117.0
117.0
117.0
0.0
0.0
117.0
117.0
117.0
117.0
117.0
0.0
0.0
0.0
117.0
117.0
117.0
117.0
0.0
117.0
117.0
117.0
117.0
117.0
0.0
117.0
117.0
117.0
117.0
117.0
0.0
117.0
117.0
117.0
117.0
117.0
0.0
117.0
117.0
117.0
117.0
117.0
0.0
117.0
117.0
117.0
117.0
117.0
0.0
117.0
117.0
117.0
117.0
117.0
0.0
117.0
117.0
117.0
117.0
117.0
115.48387096774194
113.31182795698925
113.31182795698925
113.31182795698925
113.31182795698925
115.48387096774194
113.31182795698925
113.31182795698925
113.31182795698925
113.31182795698925
115.48387096774194
113.31182795698925
113.31182795698925
113.31182795698925
113.31182795698925
0.0
117.0
117.0
117.0
117.0
117.0
0.0
117.0
117.0
117.0
117.0
117.0
0.0
117.0
117.0
117.0
117.0
117.0
0.0
117.0
117.0
117.0
117.0
117.0
0.0
117.0
117.0
117.0
117.0
117.0
0.0
117.0
117.0
117.0
117.0
117.0
0.0
112.12903225806451
112.12903225806451
112.12903225806451
112.12903225806451
0.0
0.0
117.0
116.6774193548387
116.6774193548387
116.6774193548387
116.6774193548387
0.0
117.0
117.0
117.0
117.0
110.6236559139785
0.0
0.0
0.0
0.0
117.0
101.86559139784946
117.0
112.25806451612902
95.15913978494623
0.0
0.0
0.0
0.0
0.0
117.0
101.86559139784946
117.0
112.25806451612902
95.15913978494623
0.0
117.0
0.0
117.0
0.0
0.0
117.0
0.0
0.0
117.0
101.86559139784946
0.0
117.0
101.86559139784946
0.0
117.0
0.0
0.0
0.0
117.0
101.86559139784946
0.0
91.56774193548387
91.56774193548387
0.0
91.56774193548387
91.56774193548387
0.0
91.56774193548387
91.56774193548387
91.56774193548387
91.56774193548387
91.56774193548387
0.0
0.0
91.56774193548387
91.56774193548387
91.56774193548387
91.56774193548387
91.56774193548387
0.0
112.12903225806451
112.12903225806451
112.12903225806451
112.12903225806451
112.12903225806451
0.0
112.12903225806451
112.12903225806451
112.12903225806451
112.12903225806451
112.12903225806451
0.0
112.12903225806451
112.12903225806451
112.12903225806451
112.12903225806451
112.12903225806451
0.0
0.0
0.0
0.0
112.12903225806451
112.12903225806451
112.12903225806451
112.12903225806451
112.12903225806451
0.0
0.0
0.0
0.0
0.0
0.0
0.0
0.0
0.0
0.0
0.0
0.0
0.0
0.0
0.0
117.0
100.5752688172043
117.0
100.5752688172043
117.0
0.0
117.0
100.5752688172043
117.0
100.5752688172043
117.0
0.0
117.0
100.5752688172043
117.0
100.5752688172043
117.0
0.0
117.0
100.5752688172043
117.0
100.5752688172043
117.0
0.0
117.0
100.5752688172043
117.0
0.0
117.0
100.5752688172043
117.0
100.5752688172043
0.0
117.0
100.5752688172043
117.0
100.5752688172043
0.0
117.0
100.5752688172043
117.0
0.0
117.0
100.5752688172043
117.0
100.5752688172043
117.0
0.0
0.0
117.0
100.5752688172043
117.0
0.0
117.0
100.5752688172043
117.0
100.5752688172043
117.0
0.0
117.0
100.5752688172043
117.0
113.46236559139786
105.91397849462366
0.0
117.0
100.5752688172043
117.0
108.73118279569893
108.73118279569893
0.0
117.0
117.0
97.24193548387098
117.0
116.2258064516129
0.0
117.0
117.0
97.24193548387098
117.0
117.0
0.0
117.0
117.0
110.6236559139785
105.91397849462366
117.0
0.0
117.0
115.0
102.12903225806451
117.0
117.0
0.0
117.0
117.0
106.21505376344086
117.0
115.0
0.0
117.0
110.6236559139785
105.91397849462366
117.0
116.03225806451613
0.0
117.0
110.6236559139785
105.91397849462366
117.0
116.03225806451613
0.0
117.0
110.6236559139785
105.91397849462366
117.0
105.91397849462366
0.0
117.0
110.6236559139785
105.91397849462366
117.0
105.91397849462366
0.0
117.0
110.6236559139785
105.91397849462366
117.0
116.03225806451613
0.0
117.0
110.6236559139785
105.91397849462366
117.0
105.91397849462366
0.0
117.0
110.6236559139785
105.91397849462366
117.0
105.91397849462366
0.0
117.0
110.6236559139785
105.91397849462366
117.0
105.91397849462366
0.0
117.0
110.6236559139785
105.91397849462366
117.0
110.6236559139785
0.0
117.0
110.6236559139785
105.91397849462366
117.0
110.6236559139785
0.0
117.0
117.0
105.91397849462366
117.0
110.6236559139785
0.0
117.0
117.0
105.91397849462366
117.0
110.6236559139785
0.0
117.0
117.0
105.91397849462366
117.0
110.6236559139785
0.0
117.0
117.0
117.0
116.03225806451613
116.03225806451613
0.0
117.0
117.0
105.91397849462366
117.0
110.6236559139785
0.0
117.0
117.0
105.91397849462366
117.0
110.6236559139785
0.0
117.0
117.0
105.91397849462366
117.0
110.6236559139785
0.0
117.0
117.0
105.91397849462366
117.0
110.6236559139785
0.0
117.0
117.0
105.91397849462366
117.0
110.6236559139785
0.0
106.36559139784946
106.36559139784946
106.36559139784946
106.36559139784946
0.0
0.0
0.0
106.36559139784946
106.36559139784946
106.36559139784946
106.36559139784946
0.0
106.36559139784946
106.36559139784946
106.36559139784946
106.36559139784946
0.0
113.31182795698925
106.36559139784946
117.0
117.0
0.0
115.48387096774194
115.48387096774194
115.48387096774194
115.48387096774194
0.0
115.48387096774194
115.48387096774194
115.48387096774194
115.48387096774194
0.0
115.48387096774194
115.48387096774194
115.48387096774194
115.48387096774194
0.0
115.48387096774194
115.48387096774194
115.48387096774194
115.48387096774194
0.0
115.48387096774194
115.48387096774194
115.48387096774194
115.48387096774194
0.0
115.48387096774194
115.48387096774194
115.48387096774194
115.48387096774194
0.0
115.48387096774194
115.48387096774194
115.48387096774194
115.48387096774194
0.0
115.48387096774194
115.48387096774194
115.48387096774194
115.48387096774194
0.0
115.48387096774194
115.48387096774194
115.48387096774194
115.48387096774194
0.0
115.48387096774194
115.48387096774194
115.48387096774194
115.48387096774194
0.0
115.48387096774194
115.48387096774194
115.48387096774194
115.48387096774194
0.0
0.0
103.84946236559139
0.0
0.0
0.0
115.48387096774194
115.48387096774194
115.48387096774194
115.48387096774194
0.0
