115.48387096774194
109.3763440860215
109.3763440860215
109.3763440860215
109.3763440860215
0.0
0.0
0.0
0.0
0.0
0.0
0.0
0.0
0.0
0.0
0.0
0.0
0.0
0.0
0.0
0.0
0.0
0.0
0.0
0.0
0.0
0.0
0.0
0.0
0.0
0.0
0.0
0.0
0.0
0.0
0.0
0.0
0.0
0.0
0.0
0.0
0.0
0.0
0.0
0.0
0.0
0.0
0.0
0.0
0.0
0.0
0.0
0.0
0.0
0.0
0.0
0.0
0.0
0.0
0.0
0.0
0.0
0.0
0.0
0.0
0.0
0.0
0.0
0.0
0.0
0.0
0.0
0.0
0.0
0.0
0.0
0.0
0.0
0.0
0.0
0.0
0.0
0.0
0.0
0.0
0.0
0.0
0.0
0.0
0.0
0.0
0.0
0.0
0.0
0.0
0.0
0.0
0.0
0.0
0.0
0.0
0.0
0.0
0.0
0.0
0.0
0.0
0.0
0.0
0.0
0.0
0.0
0.0
0.0
0.0
115.48387096774194
113.31182795698925
113.31182795698925
113.31182795698925
113.31182795698925
115.48387096774194
113.31182795698925
113.31182795698925
113.31182795698925
113.31182795698925
115.48387096774194
113.31182795698925
113.31182795698925
113.31182795698925
113.31182795698925
0.0
0.0
0.0
0.0
0.0
0.0
0.0
0.0
0.0
0.0
0.0
0.0
0.0
0.0
0.0
0.0
0.0
0.0
0.0
0.0
0.0
0.0
0.0
0.0
0.0
0.0
0.0
0.0
0.0
0.0
0.0
0.0
0.0
0.0
0.0
0.0
0.0
0.0
0.0
117.0
117.0
112.12903225806451
0.0
0.0
0.0
117.0
116.2258064516129
112.12903225806451
0.0
0.0
117.0
113.20430107526882
113.20430107526882
100.25268817204301
0.0
0.0
0.0
0.0
117.0
112.12903225806451
0.0
117.0
103.50537634408602
0.0
0.0
0.0
0.0
0.0
117.0
112.12903225806451
0.0
117.0
103.50537634408602
0.0
117.0
0.0
117.0
0.0
0.0
117.0
0.0
0.0
117.0
112.12903225806451
0.0
117.0
112.12903225806451
0.0
117.0
0.0
0.0
0.0
117.0
0.0
100.25268817204301
100.25268817204301
0.0
100.25268817204301
100.25268817204301
0.0
100.25268817204301
100.25268817204301
100.25268817204301
100.25268817204301
100.25268817204301
0.0
0.0
100.25268817204301
100.25268817204301
100.25268817204301
100.25268817204301
100.25268817204301
0.0
103.50537634408602
103.50537634408602
103.50537634408602
103.50537634408602
103.50537634408602
0.0
103.50537634408602
103.50537634408602
103.50537634408602
103.50537634408602
103.50537634408602
0.0
103.50537634408602
103.50537634408602
103.50537634408602
103.50537634408602
103.50537634408602
0.0
0.0
0.0
0.0
103.50537634408602
103.50537634408602
103.50537634408602
103.50537634408602
103.50537634408602
0.0
0.0
0.0
0.0
0.0
0.0
0.0
0.0
0.0
0.0
0.0
0.0
0.0
0.0
0.0
117.0
101.86559139784946
117.0
101.86559139784946
117.0
0.0
117.0
101.86559139784946
117.0
101.86559139784946
117.0
0.0
117.0
101.86559139784946
117.0
101.86559139784946
0.0
117.0
101.86559139784946
117.0
101.86559139784946
117.0
0.0
117.0
101.86559139784946
117.0
0.0
117.0
101.86559139784946
117.0
101.86559139784946
0.0
117.0
101.86559139784946
117.0
101.86559139784946
0.0
117.0
101.86559139784946
117.0
0.0
117.0
101.86559139784946
117.0
101.86559139784946
117.0
0.0
0.0
117.0
101.86559139784946
117.0
0.0
117.0
101.86559139784946
117.0
101.86559139784946
117.0
0.0
117.0
101.86559139784946
117.0
110.79569892473118
110.79569892473118
0.0
117.0
117.0
107.41935483870968
107.41935483870968
117.0
0.0
117.0
112.6021505376344
107.24731182795699
117.0
107.24731182795699
0.0
117.0
117.0
101.86559139784946
117.0
101.86559139784946
0.0
0.0
117.0
112.12903225806451
112.12903225806451
0.0
0.0
0.0
117.0
112.12903225806451
112.12903225806451
112.12903225806451
0.0
0.0
117.0
112.12903225806451
112.12903225806451
112.12903225806451
0.0
0.0
117.0
117.0
114.74193548387096
101.86559139784946
0.0
0.0
116.03225806451613
100.25268817204301
117.0
113.20430107526882
0.0
0.0
0.0
117.0
112.12903225806451
112.12903225806451
0.0
0.0
0.0
117.0
112.12903225806451
112.12903225806451
0.0
0.0
116.03225806451613
100.25268817204301
117.0
116.03225806451613
0.0
0.0
0.0
117.0
113.46236559139786
97.24193548387098
0.0
0.0
0.0
117.0
113.20430107526882
113.20430107526882
0.0
0.0
0.0
117.0
113.20430107526882
113.20430107526882
0.0
0.0
0.0
117.0
108.21505376344086
108.21505376344086
0.0
0.0
0.0
117.0
117.0
102.12903225806451
0.0
0.0
0.0
117.0
117.0
102.12903225806451
0.0
0.0
0.0
117.0
117.0
102.12903225806451
0.0
0.0
0.0
117.0
108.21505376344086
108.21505376344086
0.0
0.0
0.0
0.0
0.0
0.0
0.0
0.0
0.0
117.0
117.0
102.12903225806451
0.0
0.0
0.0
117.0
117.0
102.12903225806451
0.0
0.0
0.0
117.0
117.0
102.12903225806451
0.0
0.0
0.0
117.0
117.0
102.12903225806451
0.0
0.0
0.0
117.0
117.0
102.12903225806451
0.0
115.48387096774194
106.36559139784946
106.36559139784946
106.36559139784946
0.0
0.0
0.0
115.48387096774194
106.36559139784946
106.36559139784946
106.36559139784946
0.0
115.48387096774194
106.36559139784946
106.36559139784946
106.36559139784946
0.0
113.31182795698925
106.36559139784946
117.0
117.0
0.0
115.48387096774194
115.48387096774194
115.48387096774194
115.48387096774194
0.0
115.48387096774194
115.48387096774194
115.48387096774194
115.48387096774194
0.0
115.48387096774194
115.48387096774194
115.48387096774194
115.48387096774194
0.0
115.48387096774194
115.48387096774194
115.48387096774194
115.48387096774194
0.0
115.48387096774194
115.48387096774194
115.48387096774194
115.48387096774194
0.0
115.48387096774194
115.48387096774194
115.48387096774194
115.48387096774194
0.0
115.48387096774194
115.48387096774194
115.48387096774194
115.48387096774194
0.0
115.48387096774194
115.48387096774194
115.48387096774194
115.48387096774194
0.0
115.48387096774194
115.48387096774194
115.48387096774194
115.48387096774194
0.0
115.48387096774194
115.48387096774194
115.48387096774194
115.48387096774194
0.0
115.48387096774194
115.48387096774194
115.48387096774194
115.48387096774194
0.0
0.0
0.0
0.0
0.0
115.48387096774194
115.48387096774194
115.48387096774194
115.48387096774194
0.0
