115.48387096774194
109.3763440860215
109.3763440860215
109.3763440860215
109.3763440860215
115.48387096774194
109.3763440860215
109.3763440860215
109.3763440860215
109.3763440860215
109.3763440860215
115.48387096774194
108.08602150537635
108.08602150537635
108.08602150537635
108.08602150537635
108.08602150537635
115.48387096774194
108.08602150537635
108.08602150537635
108.08602150537635
108.08602150537635
108.08602150537635
115.48387096774194
108.08602150537635
108.08602150537635
108.08602150537635
108.08602150537635
108.08602150537635
115.48387096774194
109.3763440860215
109.3763440860215
109.3763440860215
109.3763440860215
109.3763440860215
115.48387096774194
109.3763440860215
109.3763440860215
109.3763440860215
109.3763440860215
109.3763440860215
115.48387096774194
109.3763440860215
109.3763440860215
109.3763440860215
109.3763440860215
109.3763440860215
115.48387096774194
113.31182795698925
113.31182795698925
113.31182795698925
113.31182795698925
113.31182795698925
115.48387096774194
113.31182795698925
113.31182795698925
113.31182795698925
113.31182795698925
113.31182795698925
115.48387096774194
109.3763440860215
115.48387096774194
109.3763440860215
109.3763440860215
109.3763440860215
109.3763440860215
109.3763440860215
115.48387096774194
109.3763440860215
115.48387096774194
109.3763440860215
115.48387096774194
109.3763440860215
109.3763440860215
109.3763440860215
109.3763440860215
109.3763440860215
115.48387096774194
109.3763440860215
109.3763440860215
109.3763440860215
109.3763440860215
109.3763440860215
115.48387096774194
109.3763440860215
109.3763440860215
109.3763440860215
109.3763440860215
109.3763440860215
115.48387096774194
109.3763440860215
109.3763440860215
109.3763440860215
109.3763440860215
109.3763440860215
115.48387096774194
113.31182795698925
113.31182795698925
113.31182795698925
113.31182795698925
113.31182795698925
115.48387096774194
113.31182795698925
113.31182795698925
113.31182795698925
113.31182795698925
113.31182795698925
115.48387096774194
113.31182795698925
113.31182795698925
113.31182795698925
113.31182795698925
113.31182795698925
115.48387096774194
113.31182795698925
113.31182795698925
113.31182795698925
113.31182795698925
113.31182795698925
115.48387096774194
113.31182795698925
113.31182795698925
113.31182795698925
113.31182795698925
115.48387096774194
113.31182795698925
113.31182795698925
113.31182795698925
113.31182795698925
115.48387096774194
113.31182795698925
113.31182795698925
113.31182795698925
113.31182795698925
115.48387096774194
113.31182795698925
113.31182795698925
113.31182795698925
113.31182795698925
113.31182795698925
115.48387096774194
113.31182795698925
113.31182795698925
113.31182795698925
113.31182795698925
113.31182795698925
115.48387096774194
113.31182795698925
113.31182795698925
113.31182795698925
113.31182795698925
113.31182795698925
115.48387096774194
113.31182795698925
113.31182795698925
113.31182795698925
113.31182795698925
113.31182795698925
115.48387096774194
113.31182795698925
113.31182795698925
113.31182795698925
113.31182795698925
113.31182795698925
115.48387096774194
113.31182795698925
113.31182795698925
113.31182795698925
113.31182795698925
113.31182795698925
115.48387096774194
115.48387096774194
115.48387096774194
115.48387096774194
115.48387096774194
115.48387096774194
115.48387096774194
113.31182795698925
107.01075268817205
107.01075268817205
107.01075268817205
107.01075268817205
115.48387096774194
113.31182795698925
107.01075268817205
117.0
107.54838709677419
117.0
115.48387096774194
113.31182795698925
115.48387096774194
113.31182795698925
115.48387096774194
113.31182795698925
115.48387096774194
103.84946236559139
112.51612903225806
97.09139784946237
112.51612903225806
97.09139784946237
115.48387096774194
103.84946236559139
115.48387096774194
103.84946236559139
115.48387096774194
103.84946236559139
115.48387096774194
103.84946236559139
115.48387096774194
103.84946236559139
112.51612903225806
97.09139784946237
112.51612903225806
97.09139784946237
115.48387096774194
103.84946236559139
112.51612903225806
115.48387096774194
103.84946236559139
112.51612903225806
0.0
103.84946236559139
0.0
103.84946236559139
112.51612903225806
0.0
103.84946236559139
0.0
103.84946236559139
112.51612903225806
97.09139784946237
0.0
103.84946236559139
112.51612903225806
97.09139784946237
0.0
103.84946236559139
112.51612903225806
0.0
103.84946236559139
0.0
103.84946236559139
0.0
103.84946236559139
112.51612903225806
0.0
103.84946236559139
103.84946236559139
0.0
103.84946236559139
103.84946236559139
0.0
103.84946236559139
103.84946236559139
103.84946236559139
103.84946236559139
103.84946236559139
0.0
103.84946236559139
0.0
103.84946236559139
103.84946236559139
103.84946236559139
103.84946236559139
103.84946236559139
0.0
103.84946236559139
103.84946236559139
103.84946236559139
103.84946236559139
103.84946236559139
0.0
103.84946236559139
103.84946236559139
103.84946236559139
103.84946236559139
103.84946236559139
0.0
103.84946236559139
103.84946236559139
103.84946236559139
103.84946236559139
103.84946236559139
0.0
103.84946236559139
0.0
103.84946236559139
0.0
103.84946236559139
0.0
103.84946236559139
103.84946236559139
103.84946236559139
103.84946236559139
103.84946236559139
0.0
103.84946236559139
0.0
103.84946236559139
0.0
103.84946236559139
0.0
103.84946236559139
0.0
103.84946236559139
0.0
103.84946236559139
0.0
103.84946236559139
0.0
103.84946236559139
0.0
103.84946236559139
0.0
103.84946236559139
0.0
103.84946236559139
0.0
103.84946236559139
0.0
103.84946236559139
0.0
103.84946236559139
0.0
103.84946236559139
113.3763440860215
97.09139784946237
112.51612903225806
97.09139784946237
0.0
103.84946236559139
113.3763440860215
97.09139784946237
112.51612903225806
97.09139784946237
0.0
103.84946236559139
113.3763440860215
97.09139784946237
112.51612903225806
97.09139784946237
0.0
103.84946236559139
113.3763440860215
97.09139784946237
112.51612903225806
97.09139784946237
0.0
103.84946236559139
113.3763440860215
97.09139784946237
112.51612903225806
0.0
103.84946236559139
113.3763440860215
97.09139784946237
112.51612903225806
97.09139784946237
0.0
103.84946236559139
113.3763440860215
97.09139784946237
112.51612903225806
97.09139784946237
0.0
103.84946236559139
113.3763440860215
97.09139784946237
112.51612903225806
0.0
103.84946236559139
113.3763440860215
97.09139784946237
112.51612903225806
97.09139784946237
0.0
103.84946236559139
0.0
103.84946236559139
113.3763440860215
97.09139784946237
112.51612903225806
0.0
103.84946236559139
113.3763440860215
97.09139784946237
112.51612903225806
97.09139784946237
0.0
103.84946236559139
113.3763440860215
97.09139784946237
117.0
110.96774193548387
0.0
103.84946236559139
110.45161290322581
107.54838709677419
117.0
107.54838709677419
0.0
106.36559139784946
115.22580645161291
103.50537634408602
117.0
103.50537634408602
0.0
106.36559139784946
112.66666666666667
112.66666666666667
100.25268817204301
117.0
0.0
106.36559139784946
112.66666666666667
112.66666666666667
99.58064516129032
115.22580645161291
0.0
106.36559139784946
112.66666666666667
112.66666666666667
99.58064516129032
115.22580645161291
0.0
106.36559139784946
112.66666666666667
112.66666666666667
112.66666666666667
99.58064516129032
0.0
106.36559139784946
112.66666666666667
112.66666666666667
112.66666666666667
99.58064516129032
0.0
106.36559139784946
112.66666666666667
112.66666666666667
112.66666666666667
99.58064516129032
0.0
106.36559139784946
115.22580645161291
99.58064516129032
115.22580645161291
99.58064516129032
0.0
106.36559139784946
115.22580645161291
99.58064516129032
115.22580645161291
99.58064516129032
0.0
106.36559139784946
112.66666666666667
112.66666666666667
112.66666666666667
99.58064516129032
0.0
106.36559139784946
106.36559139784946
106.36559139784946
106.36559139784946
106.36559139784946
0.0
106.36559139784946
106.36559139784946
106.36559139784946
106.36559139784946
106.36559139784946
0.0
106.36559139784946
106.36559139784946
106.36559139784946
106.36559139784946
106.36559139784946
0.0
106.36559139784946
106.36559139784946
106.36559139784946
106.36559139784946
106.36559139784946
0.0
106.36559139784946
106.36559139784946
106.36559139784946
106.36559139784946
106.36559139784946
0.0
106.36559139784946
106.36559139784946
106.36559139784946
106.36559139784946
106.36559139784946
0.0
106.36559139784946
106.36559139784946
106.36559139784946
106.36559139784946
106.36559139784946
0.0
106.36559139784946
106.36559139784946
106.36559139784946
106.36559139784946
106.36559139784946
0.0
106.36559139784946
106.36559139784946
106.36559139784946
106.36559139784946
106.36559139784946
0.0
106.36559139784946
106.36559139784946
106.36559139784946
106.36559139784946
106.36559139784946
0.0
106.36559139784946
106.36559139784946
106.36559139784946
106.36559139784946
106.36559139784946
0.0
106.36559139784946
106.36559139784946
106.36559139784946
106.36559139784946
106.36559139784946
0.0
106.36559139784946
106.36559139784946
106.36559139784946
106.36559139784946
106.36559139784946
0.0
106.36559139784946
106.36559139784946
106.36559139784946
106.36559139784946
106.36559139784946
0.0
106.36559139784946
106.36559139784946
106.36559139784946
106.36559139784946
0.0
101.86559139784946
0.0
106.36559139784946
106.36559139784946
106.36559139784946
106.36559139784946
0.0
106.36559139784946
106.36559139784946
106.36559139784946
106.36559139784946
0.0
113.31182795698925
106.36559139784946
117.0
117.0
0.0
115.48387096774194
115.48387096774194
115.48387096774194
115.48387096774194
0.0
115.48387096774194
115.48387096774194
115.48387096774194
115.48387096774194
0.0
115.48387096774194
115.48387096774194
115.48387096774194
115.48387096774194
0.0
115.48387096774194
115.48387096774194
115.48387096774194
115.48387096774194
0.0
115.48387096774194
115.48387096774194
115.48387096774194
115.48387096774194
0.0
115.48387096774194
115.48387096774194
115.48387096774194
115.48387096774194
0.0
115.48387096774194
115.48387096774194
115.48387096774194
115.48387096774194
0.0
115.48387096774194
115.48387096774194
115.48387096774194
115.48387096774194
0.0
115.48387096774194
115.48387096774194
115.48387096774194
115.48387096774194
0.0
115.48387096774194
115.48387096774194
115.48387096774194
115.48387096774194
0.0
115.48387096774194
115.48387096774194
115.48387096774194
115.48387096774194
0.0
0.0
103.84946236559139
0.0
115.48387096774194
0.0
115.48387096774194
115.48387096774194
115.48387096774194
115.48387096774194
0.0
103.84946236559139
