115.48387096774194
109.3763440860215
109.3763440860215
109.3763440860215
109.3763440860215
115.48387096774194
109.3763440860215
109.3763440860215
109.3763440860215
109.3763440860215
109.3763440860215
115.48387096774194
109.3763440860215
109.3763440860215
109.3763440860215
109.3763440860215
109.3763440860215
115.48387096774194
109.3763440860215
109.3763440860215
109.3763440860215
109.3763440860215
109.3763440860215
115.48387096774194
109.3763440860215
109.3763440860215
109.3763440860215
109.3763440860215
109.3763440860215
115.48387096774194
109.3763440860215
109.3763440860215
109.3763440860215
109.3763440860215
109.3763440860215
115.48387096774194
109.3763440860215
109.3763440860215
109.3763440860215
109.3763440860215
109.3763440860215
115.48387096774194
109.3763440860215
109.3763440860215
109.3763440860215
109.3763440860215
109.3763440860215
115.48387096774194
113.31182795698925
113.31182795698925
113.31182795698925
113.31182795698925
113.31182795698925
115.48387096774194
113.31182795698925
113.31182795698925
113.31182795698925
113.31182795698925
113.31182795698925
115.48387096774194
109.3763440860215
115.48387096774194
109.3763440860215
109.3763440860215
109.3763440860215
109.3763440860215
109.3763440860215
115.48387096774194
109.3763440860215
115.48387096774194
109.3763440860215
115.48387096774194
109.3763440860215
109.3763440860215
109.3763440860215
109.3763440860215
109.3763440860215
115.48387096774194
109.3763440860215
109.3763440860215
109.3763440860215
109.3763440860215
109.3763440860215
115.48387096774194
109.3763440860215
109.3763440860215
109.3763440860215
109.3763440860215
109.3763440860215
115.48387096774194
109.3763440860215
109.3763440860215
109.3763440860215
109.3763440860215
109.3763440860215
115.48387096774194
113.31182795698925
113.31182795698925
113.31182795698925
113.31182795698925
113.31182795698925
115.48387096774194
113.31182795698925
113.31182795698925
113.31182795698925
113.31182795698925
113.31182795698925
115.48387096774194
113.31182795698925
113.31182795698925
113.31182795698925
113.31182795698925
113.31182795698925
115.48387096774194
113.31182795698925
113.31182795698925
113.31182795698925
113.31182795698925
113.31182795698925
115.48387096774194
113.31182795698925
113.31182795698925
113.31182795698925
113.31182795698925
115.48387096774194
113.31182795698925
113.31182795698925
113.31182795698925
113.31182795698925
115.48387096774194
113.31182795698925
113.31182795698925
113.31182795698925
113.31182795698925
115.48387096774194
113.31182795698925
113.31182795698925
113.31182795698925
113.31182795698925
113.31182795698925
115.48387096774194
113.31182795698925
113.31182795698925
113.31182795698925
113.31182795698925
113.31182795698925
115.48387096774194
113.31182795698925
113.31182795698925
113.31182795698925
113.31182795698925
113.31182795698925
115.48387096774194
113.31182795698925
113.31182795698925
113.31182795698925
113.31182795698925
113.31182795698925
115.48387096774194
113.31182795698925
113.31182795698925
113.31182795698925
113.31182795698925
113.31182795698925
115.48387096774194
113.31182795698925
113.31182795698925
113.31182795698925
113.31182795698925
113.31182795698925
115.48387096774194
115.48387096774194
115.48387096774194
115.48387096774194
115.48387096774194
115.48387096774194
115.48387096774194
113.31182795698925
107.01075268817205
107.01075268817205
107.01075268817205
107.01075268817205
115.48387096774194
115.48387096774194
109.3763440860215
109.3763440860215
109.3763440860215
109.3763440860215
115.48387096774194
115.48387096774194
115.48387096774194
115.48387096774194
115.48387096774194
115.48387096774194
103.84946236559139
112.51612903225806
105.13978494623656
117.0
116.6774193548387
115.48387096774194
103.84946236559139
115.48387096774194
103.84946236559139
115.48387096774194
103.84946236559139
115.48387096774194
103.84946236559139
115.48387096774194
103.84946236559139
112.51612903225806
105.13978494623656
117.0
116.6774193548387
115.48387096774194
103.84946236559139
112.51612903225806
115.48387096774194
103.84946236559139
112.51612903225806
0.0
103.84946236559139
0.0
103.84946236559139
112.51612903225806
0.0
103.84946236559139
0.0
103.84946236559139
112.51612903225806
105.13978494623656
0.0
103.84946236559139
112.51612903225806
105.13978494623656
0.0
103.84946236559139
112.51612903225806
0.0
103.84946236559139
0.0
103.84946236559139
0.0
103.84946236559139
112.51612903225806
0.0
103.84946236559139
103.84946236559139
0.0
103.84946236559139
103.84946236559139
0.0
103.84946236559139
103.84946236559139
103.84946236559139
103.84946236559139
103.84946236559139
0.0
103.84946236559139
0.0
103.84946236559139
103.84946236559139
103.84946236559139
103.84946236559139
103.84946236559139
0.0
103.84946236559139
103.84946236559139
103.84946236559139
103.84946236559139
103.84946236559139
0.0
103.84946236559139
103.84946236559139
103.84946236559139
103.84946236559139
103.84946236559139
0.0
103.84946236559139
103.84946236559139
103.84946236559139
103.84946236559139
103.84946236559139
0.0
103.84946236559139
0.0
103.84946236559139
0.0
103.84946236559139
0.0
103.84946236559139
103.84946236559139
103.84946236559139
103.84946236559139
103.84946236559139
0.0
103.84946236559139
0.0
103.84946236559139
0.0
103.84946236559139
0.0
103.84946236559139
0.0
0.0
103.84946236559139
0.0
103.84946236559139
0.0
103.84946236559139
0.0
103.84946236559139
0.0
103.84946236559139
0.0
103.84946236559139
0.0
103.84946236559139
0.0
103.84946236559139
0.0
103.84946236559139
0.0
103.84946236559139
110.45161290322581
97.09139784946237
113.3763440860215
97.09139784946237
0.0
103.84946236559139
110.45161290322581
97.09139784946237
113.3763440860215
97.09139784946237
0.0
103.84946236559139
110.45161290322581
97.09139784946237
113.3763440860215
97.09139784946237
0.0
103.84946236559139
110.45161290322581
97.09139784946237
113.3763440860215
97.09139784946237
0.0
103.84946236559139
110.45161290322581
97.09139784946237
113.3763440860215
0.0
103.84946236559139
110.45161290322581
97.09139784946237
113.3763440860215
97.09139784946237
0.0
103.84946236559139
110.45161290322581
97.09139784946237
113.3763440860215
97.09139784946237
0.0
103.84946236559139
110.45161290322581
97.09139784946237
113.3763440860215
0.0
103.84946236559139
110.45161290322581
97.09139784946237
113.3763440860215
97.09139784946237
0.0
103.84946236559139
0.0
103.84946236559139
110.45161290322581
97.09139784946237
113.3763440860215
0.0
103.84946236559139
110.45161290322581
97.09139784946237
113.3763440860215
97.09139784946237
0.0
103.84946236559139
113.3763440860215
97.09139784946237
117.0
101.97311827956989
0.0
107.01075268817205
107.01075268817205
107.01075268817205
107.01075268817205
107.01075268817205
0.0
107.01075268817205
107.01075268817205
107.01075268817205
107.01075268817205
107.01075268817205
0.0
107.01075268817205
107.01075268817205
107.01075268817205
107.01075268817205
107.01075268817205
0.0
107.01075268817205
107.01075268817205
107.01075268817205
107.01075268817205
107.01075268817205
0.0
107.01075268817205
107.01075268817205
107.01075268817205
107.01075268817205
107.01075268817205
0.0
107.01075268817205
107.01075268817205
107.01075268817205
107.01075268817205
107.01075268817205
0.0
107.01075268817205
107.01075268817205
107.01075268817205
107.01075268817205
107.01075268817205
0.0
107.01075268817205
107.01075268817205
107.01075268817205
107.01075268817205
107.01075268817205
0.0
107.01075268817205
107.01075268817205
107.01075268817205
107.01075268817205
107.01075268817205
0.0
107.01075268817205
107.01075268817205
107.01075268817205
107.01075268817205
107.01075268817205
0.0
107.01075268817205
107.01075268817205
107.01075268817205
107.01075268817205
107.01075268817205
0.0
107.01075268817205
107.01075268817205
107.01075268817205
107.01075268817205
107.01075268817205
0.0
107.01075268817205
107.01075268817205
107.01075268817205
107.01075268817205
107.01075268817205
0.0
107.01075268817205
107.01075268817205
107.01075268817205
107.01075268817205
107.01075268817205
0.0
107.01075268817205
107.01075268817205
107.01075268817205
107.01075268817205
107.01075268817205
0.0
107.01075268817205
107.01075268817205
107.01075268817205
107.01075268817205
107.01075268817205
0.0
107.01075268817205
107.01075268817205
107.01075268817205
107.01075268817205
107.01075268817205
0.0
107.01075268817205
107.01075268817205
107.01075268817205
107.01075268817205
107.01075268817205
0.0
107.01075268817205
107.01075268817205
107.01075268817205
107.01075268817205
107.01075268817205
0.0
107.01075268817205
107.01075268817205
107.01075268817205
107.01075268817205
107.01075268817205
0.0
107.01075268817205
107.01075268817205
107.01075268817205
107.01075268817205
107.01075268817205
0.0
107.01075268817205
107.01075268817205
107.01075268817205
107.01075268817205
107.01075268817205
0.0
107.01075268817205
107.01075268817205
107.01075268817205
107.01075268817205
107.01075268817205
0.0
107.01075268817205
107.01075268817205
107.01075268817205
107.01075268817205
107.01075268817205
0.0
107.01075268817205
107.01075268817205
107.01075268817205
107.01075268817205
107.01075268817205
0.0
107.01075268817205
107.01075268817205
107.01075268817205
107.01075268817205
0.0
0.0
0.0
107.01075268817205
107.01075268817205
107.01075268817205
107.01075268817205
0.0
107.01075268817205
107.01075268817205
107.01075268817205
107.01075268817205
0.0
113.31182795698925
106.36559139784946
117.0
117.0
0.0
115.48387096774194
115.48387096774194
115.48387096774194
115.48387096774194
0.0
115.48387096774194
115.48387096774194
115.48387096774194
115.48387096774194
0.0
115.48387096774194
115.48387096774194
115.48387096774194
115.48387096774194
0.0
115.48387096774194
115.48387096774194
115.48387096774194
115.48387096774194
0.0
115.48387096774194
115.48387096774194
115.48387096774194
115.48387096774194
0.0
115.48387096774194
115.48387096774194
115.48387096774194
115.48387096774194
0.0
115.48387096774194
115.48387096774194
115.48387096774194
115.48387096774194
0.0
115.48387096774194
115.48387096774194
115.48387096774194
115.48387096774194
0.0
115.48387096774194
115.48387096774194
115.48387096774194
115.48387096774194
0.0
115.48387096774194
115.48387096774194
115.48387096774194
115.48387096774194
0.0
115.48387096774194
115.48387096774194
115.48387096774194
115.48387096774194
0.0
0.0
103.84946236559139
0.0
0.0
0.0
115.48387096774194
115.48387096774194
115.48387096774194
115.48387096774194
0.0
103.84946236559139
