115.58064516129032
109.50537634408603
109.50537634408603
109.50537634408603
109.50537634408603
0.0
0.0
0.0
0.0
0.0
0.0
0.0
0.0
0.0
0.0
0.0
0.0
0.0
0.0
0.0
0.0
0.0
0.0
0.0
0.0
0.0
0.0
0.0
0.0
0.0
0.0
0.0
0.0
0.0
0.0
0.0
0.0
0.0
0.0
0.0
0.0
0.0
0.0
0.0
0.0
0.0
0.0
0.0
0.0
0.0
0.0
0.0
0.0
0.0
0.0
0.0
0.0
0.0
0.0
0.0
0.0
0.0
0.0
0.0
0.0
0.0
0.0
0.0
0.0
0.0
0.0
0.0
0.0
0.0
0.0
0.0
0.0
0.0
0.0
0.0
0.0
0.0
0.0
0.0
0.0
0.0
0.0
0.0
0.0
0.0
0.0
0.0
0.0
0.0
0.0
0.0
0.0
0.0
0.0
0.0
0.0
0.0
0.0
0.0
0.0
0.0
0.0
0.0
0.0
0.0
0.0
0.0
0.0
0.0
0.0
0.0
0.0
0.0
0.0
0.0
0.0
117.0
117.0
117.0
117.0
115.58064516129032
113.3763440860215
113.3763440860215
113.3763440860215
113.3763440860215
0.0
0.0
0.0
0.0
0.0
0.0
0.0
0.0
0.0
0.0
0.0
0.0
0.0
0.0
0.0
0.0
0.0
0.0
0.0
0.0
0.0
0.0
0.0
0.0
0.0
0.0
0.0
0.0
0.0
0.0
0.0
0.0
0.0
0.0
0.0
0.0
0.0
0.0
0.0
0.0
0.0
0.0
0.0
0.0
0.0
0.0
0.0
0.0
0.0
0.0
0.0
0.0
0.0
0.0
0.0
0.0
0.0
0.0
0.0
0.0
0.0
117.0
112.12903225806451
0.0
0.0
0.0
0.0
0.0
0.0
0.0
0.0
117.0
112.12903225806451
0.0
0.0
0.0
0.0
0.0
0.0
0.0
0.0
0.0
0.0
0.0
0.0
0.0
0.0
0.0
0.0
0.0
0.0
0.0
0.0
0.0
100.25268817204301
100.25268817204301
0.0
100.25268817204301
100.25268817204301
0.0
100.25268817204301
100.25268817204301
100.25268817204301
100.25268817204301
100.25268817204301
0.0
0.0
100.25268817204301
100.25268817204301
100.25268817204301
100.25268817204301
100.25268817204301
0.0
100.25268817204301
100.25268817204301
100.25268817204301
100.25268817204301
100.25268817204301
0.0
100.25268817204301
100.25268817204301
100.25268817204301
100.25268817204301
100.25268817204301
0.0
100.25268817204301
100.25268817204301
100.25268817204301
100.25268817204301
100.25268817204301
0.0
0.0
0.0
0.0
100.25268817204301
100.25268817204301
100.25268817204301
100.25268817204301
100.25268817204301
0.0
0.0
0.0
0.0
0.0
0.0
0.0
0.0
0.0
0.0
0.0
0.0
0.0
0.0
0.0
0.0
0.0
112.12903225806451
0.0
112.12903225806451
0.0
0.0
0.0
112.12903225806451
0.0
112.12903225806451
0.0
0.0
0.0
112.12903225806451
0.0
0.0
0.0
0.0
112.12903225806451
0.0
112.12903225806451
0.0
0.0
0.0
112.12903225806451
0.0
0.0
0.0
112.12903225806451
0.0
0.0
0.0
0.0
112.12903225806451
0.0
0.0
0.0
0.0
112.12903225806451
0.0
0.0
0.0
112.12903225806451
0.0
112.12903225806451
0.0
0.0
0.0
0.0
112.12903225806451
0.0
0.0
0.0
112.12903225806451
0.0
112.12903225806451
0.0
0.0
0.0
0.0
0.0
112.12903225806451
0.0
0.0
0.0
0.0
0.0
0.0
0.0
0.0
0.0
0.0
0.0
0.0
0.0
0.0
0.0
0.0
0.0
0.0
0.0
0.0
0.0
0.0
0.0
0.0
0.0
0.0
0.0
0.0
0.0
0.0
0.0
0.0
0.0
0.0
0.0
0.0
0.0
0.0
0.0
0.0
0.0
0.0
0.0
0.0
0.0
0.0
0.0
0.0
0.0
0.0
0.0
0.0
0.0
0.0
0.0
0.0
0.0
0.0
0.0
0.0
0.0
0.0
0.0
0.0
0.0
0.0
0.0
0.0
0.0
0.0
0.0
0.0
0.0
0.0
0.0
0.0
0.0
0.0
0.0
0.0
0.0
0.0
0.0
0.0
0.0
0.0
0.0
0.0
0.0
0.0
0.0
0.0
0.0
0.0
0.0
0.0
0.0
0.0
0.0
0.0
0.0
0.0
0.0
0.0
0.0
0.0
0.0
0.0
0.0
0.0
0.0
0.0
0.0
0.0
0.0
0.0
0.0
0.0
0.0
0.0
0.0
0.0
0.0
0.0
0.0
0.0
0.0
0.0
0.0
0.0
0.0
0.0
0.0
0.0
0.0
0.0
0.0
0.0
0.0
0.0
0.0
0.0
0.0
0.0
0.0
0.0
0.0
0.0
0.0
0.0
0.0
0.0
0.0
117.0
117.0
0.0
0.0
0.0
117.0
117.0
115.12903225806451
110.79569892473118
0.0
102.64516129032258
113.03225806451613
107.6774193548387
113.03225806451613
0.0
112.3010752688172
109.24731182795699
101.59677419354838
117.0
0.0
115.58064516129032
115.58064516129032
115.58064516129032
115.58064516129032
0.0
115.58064516129032
115.58064516129032
115.58064516129032
115.58064516129032
0.0
115.58064516129032
115.58064516129032
115.58064516129032
115.58064516129032
0.0
115.58064516129032
115.58064516129032
115.58064516129032
115.58064516129032
0.0
115.58064516129032
115.58064516129032
115.58064516129032
115.58064516129032
0.0
115.58064516129032
115.58064516129032
115.58064516129032
115.58064516129032
0.0
115.58064516129032
115.58064516129032
115.58064516129032
115.58064516129032
0.0
115.58064516129032
115.58064516129032
115.58064516129032
115.58064516129032
0.0
115.58064516129032
115.58064516129032
115.58064516129032
115.58064516129032
0.0
115.58064516129032
115.58064516129032
115.58064516129032
115.58064516129032
0.0
115.58064516129032
115.58064516129032
115.58064516129032
115.58064516129032
0.0
0.0
0.0
0.0
0.0
0.0
0.0
0.0
0.0
0.0
