116.3225806451613
112.79569892473118
110.23655913978494
110.23655913978494
110.23655913978494
0.0
0.0
0.0
0.0
0.0
0.0
0.0
0.0
0.0
0.0
0.0
0.0
0.0
0.0
0.0
0.0
0.0
0.0
0.0
0.0
0.0
0.0
0.0
0.0
0.0
0.0
0.0
0.0
0.0
0.0
0.0
0.0
0.0
0.0
0.0
0.0
0.0
0.0
0.0
0.0
0.0
0.0
0.0
0.0
0.0
0.0
0.0
0.0
0.0
0.0
0.0
0.0
0.0
0.0
0.0
0.0
0.0
0.0
0.0
0.0
0.0
0.0
0.0
0.0
0.0
0.0
0.0
0.0
0.0
0.0
0.0
0.0
0.0
0.0
0.0
0.0
0.0
0.0
0.0
0.0
0.0
0.0
0.0
0.0
0.0
0.0
0.0
0.0
0.0
0.0
0.0
0.0
0.0
0.0
0.0
0.0
0.0
0.0
0.0
0.0
0.0
0.0
0.0
0.0
0.0
0.0
0.0
0.0
0.0
0.0
0.0
117.0
117.0
117.0
117.0
116.3225806451613
112.79569892473118
112.79569892473118
112.79569892473118
110.23655913978494
116.3225806451613
112.79569892473118
112.79569892473118
112.79569892473118
110.23655913978494
0.0
0.0
0.0
0.0
0.0
0.0
0.0
0.0
0.0
0.0
0.0
0.0
0.0
0.0
0.0
0.0
0.0
0.0
0.0
0.0
0.0
0.0
0.0
0.0
0.0
0.0
0.0
0.0
0.0
0.0
0.0
0.0
0.0
0.0
0.0
0.0
0.0
0.0
0.0
0.0
116.03225806451613
100.25268817204301
0.0
0.0
0.0
117.0
105.91397849462366
117.0
0.0
0.0
0.0
117.0
108.21505376344086
108.21505376344086
0.0
0.0
0.0
0.0
117.0
101.86559139784946
117.0
101.86559139784946
117.0
0.0
0.0
0.0
0.0
0.0
117.0
101.86559139784946
117.0
101.86559139784946
117.0
0.0
117.0
0.0
117.0
0.0
0.0
117.0
0.0
0.0
117.0
101.86559139784946
0.0
117.0
101.86559139784946
0.0
117.0
0.0
0.0
0.0
117.0
0.0
112.12903225806451
112.12903225806451
0.0
112.12903225806451
112.12903225806451
0.0
112.12903225806451
112.12903225806451
112.12903225806451
112.12903225806451
112.12903225806451
0.0
0.0
112.12903225806451
112.12903225806451
112.12903225806451
112.12903225806451
112.12903225806451
0.0
91.56774193548387
91.56774193548387
91.56774193548387
91.56774193548387
91.56774193548387
0.0
91.56774193548387
91.56774193548387
91.56774193548387
91.56774193548387
91.56774193548387
0.0
91.56774193548387
91.56774193548387
91.56774193548387
91.56774193548387
91.56774193548387
0.0
0.0
0.0
0.0
91.56774193548387
91.56774193548387
91.56774193548387
91.56774193548387
91.56774193548387
0.0
0.0
0.0
0.0
0.0
0.0
0.0
0.0
0.0
0.0
0.0
0.0
0.0
0.0
0.0
101.86559139784946
117.0
101.86559139784946
117.0
101.86559139784946
0.0
101.86559139784946
117.0
101.86559139784946
117.0
101.86559139784946
0.0
101.86559139784946
117.0
101.86559139784946
117.0
0.0
101.86559139784946
117.0
101.86559139784946
117.0
101.86559139784946
0.0
101.86559139784946
117.0
101.86559139784946
0.0
101.86559139784946
117.0
101.86559139784946
117.0
0.0
101.86559139784946
117.0
101.86559139784946
117.0
0.0
101.86559139784946
117.0
101.86559139784946
0.0
101.86559139784946
117.0
101.86559139784946
117.0
101.86559139784946
0.0
0.0
101.86559139784946
117.0
101.86559139784946
0.0
101.86559139784946
117.0
101.86559139784946
117.0
101.86559139784946
0.0
0.0
117.0
112.12903225806451
0.0
112.12903225806451
0.0
0.0
117.0
103.50537634408602
117.0
112.12903225806451
0.0
0.0
117.0
112.12903225806451
112.12903225806451
0.0
0.0
0.0
117.0
101.86559139784946
101.86559139784946
117.0
0.0
0.0
117.0
112.12903225806451
0.0
112.12903225806451
0.0
0.0
0.0
117.0
103.50537634408602
117.0
0.0
0.0
0.0
117.0
113.20430107526882
113.20430107526882
0.0
0.0
0.0
117.0
110.6236559139785
105.91397849462366
0.0
0.0
0.0
117.0
112.25806451612902
112.25806451612902
0.0
0.0
0.0
117.0
110.6236559139785
105.91397849462366
0.0
0.0
0.0
117.0
110.6236559139785
105.91397849462366
0.0
0.0
0.0
117.0
112.25806451612902
112.25806451612902
0.0
0.0
0.0
117.0
108.21505376344086
108.21505376344086
0.0
0.0
0.0
117.0
108.21505376344086
108.21505376344086
0.0
0.0
0.0
117.0
103.50537634408602
117.0
0.0
0.0
0.0
0.0
117.0
103.50537634408602
0.0
0.0
0.0
0.0
0.0
117.0
0.0
0.0
0.0
0.0
108.21505376344086
108.21505376344086
0.0
0.0
0.0
0.0
108.21505376344086
108.21505376344086
0.0
0.0
0.0
0.0
103.50537634408602
117.0
0.0
0.0
0.0
0.0
0.0
0.0
0.0
0.0
0.0
0.0
108.21505376344086
108.21505376344086
0.0
0.0
0.0
0.0
108.21505376344086
108.21505376344086
0.0
0.0
0.0
0.0
108.21505376344086
108.21505376344086
0.0
0.0
0.0
0.0
108.21505376344086
108.21505376344086
0.0
0.0
0.0
0.0
108.21505376344086
108.21505376344086
0.0
117.0
117.0
105.91397849462366
117.0
0.0
0.0
0.0
116.3225806451613
116.3225806451613
116.3225806451613
116.3225806451613
0.0
116.3225806451613
116.3225806451613
116.3225806451613
116.3225806451613
0.0
112.79569892473118
108.08602150537635
106.36559139784946
117.0
0.0
116.3225806451613
116.3225806451613
116.3225806451613
116.3225806451613
0.0
116.3225806451613
116.3225806451613
116.3225806451613
116.3225806451613
0.0
116.3225806451613
116.3225806451613
116.3225806451613
116.3225806451613
0.0
116.3225806451613
116.3225806451613
116.3225806451613
116.3225806451613
0.0
116.3225806451613
116.3225806451613
116.3225806451613
116.3225806451613
0.0
116.3225806451613
116.3225806451613
116.3225806451613
116.3225806451613
0.0
116.3225806451613
116.3225806451613
116.3225806451613
116.3225806451613
0.0
116.3225806451613
116.3225806451613
116.3225806451613
116.3225806451613
0.0
116.3225806451613
116.3225806451613
116.3225806451613
116.3225806451613
0.0
116.3225806451613
116.3225806451613
116.3225806451613
116.3225806451613
0.0
116.3225806451613
116.3225806451613
116.3225806451613
116.3225806451613
0.0
0.0
0.0
0.0
0.0
116.3225806451613
116.3225806451613
116.3225806451613
116.3225806451613
0.0
